0.0,-158.544921875,-0.8642578125
0.3,-159.375,-0.869140625
0.6,-158.544921875,-0.859375
0.9,-160.205078125,-0.8642578125
1.2,-159.375,-0.8642578125
1.5,-159.375,-0.869140625
1.8,-158.544921875,-0.8642578125
2.1,-158.544921875,-0.869140625
2.4,-159.375,-0.8642578125
2.7,-159.375,-0.8642578125
3.0,-158.544921875,-0.869140625
3.3,-160.205078125,-0.8642578125
3.6,-158.544921875,-0.8642578125
3.9,-159.375,-0.869140625
4.2,-159.375,-0.8642578125
4.5,-159.375,-0.8642578125
4.8,-158.544921875,-0.8642578125
5.1,-158.544921875,-0.8642578125
5.4,-159.375,-0.8642578125
5.7,-159.375,-0.8642578125
6.0,-159.375,-0.8642578125
6.3,-158.544921875,-0.869140625
6.6,-159.375,-0.8642578125
6.9,-158.544921875,-0.8642578125
7.2,-159.375,-0.8642578125
7.5,-159.375,-0.8642578125
7.8,-160.205078125,-0.8642578125
8.1,-158.544921875,-0.8642578125
8.4,-159.375,-0.8642578125
8.7,-158.544921875,-0.8642578125
9.0,-159.375,-0.8642578125
9.3,-158.544921875,-0.8642578125
9.6,-159.375,-0.869140625
9.9,-158.544921875,-0.8642578125
10.2,-158.544921875,-0.8642578125
10.5,-159.375,-0.8642578125
10.8,-158.544921875,-0.8642578125
11.1,-158.544921875,-0.8642578125
11.4,-160.205078125,-0.8642578125
11.7,-158.544921875,-0.8642578125
12.0,-159.375,-0.869140625
12.3,-159.375,-0.869140625
12.6,-158.544921875,-0.8642578125
12.9,-159.375,-0.8642578125
13.2,-158.544921875,-0.869140625
13.5,-159.375,-0.8642578125
13.8,-159.375,-0.8642578125
14.1,-160.205078125,-0.8642578125
14.4,-159.375,-0.8642578125
14.7,-159.375,-0.8642578125
15.0,-158.544921875,-0.869140625
15.3,-158.544921875,-0.8642578125
15.6,-159.375,-0.8642578125
15.9,-159.375,-0.8642578125
16.2,-158.544921875,-0.8642578125
16.5,-158.544921875,-0.869140625
16.8,-159.375,-0.8642578125
17.1,-158.544921875,-0.8642578125
17.4,-160.205078125,-0.8642578125
17.7,-158.544921875,-0.869140625
18.0,-159.375,-0.8642578125
18.3,-159.375,-0.8642578125
18.6,-159.375,-0.8642578125
18.9,-159.375,-0.869140625
19.2,-159.375,-0.859375
19.5,-159.375,-0.8642578125
19.8,-159.375,-0.8642578125
20.1,-159.375,-0.8642578125
20.4,-159.375,-0.8642578125
20.7,-159.375,-0.869140625
21.0,-159.375,-0.8642578125
21.3,-159.375,-0.869140625
21.6,-158.544921875,-0.8642578125
21.9,-159.375,-0.8642578125
22.2,-159.375,-0.8642578125
22.5,-158.544921875,-0.8642578125
22.8,-159.375,-0.8642578125
23.1,-159.375,-0.8642578125
23.4,-159.375,-0.8642578125
23.7,-158.544921875,-0.8642578125
24.0,-159.375,-0.8642578125
24.3,-159.375,-0.8642578125
24.6,-159.375,-0.8642578125
24.9,-159.375,-0.8642578125
25.2,-159.375,-0.8642578125
25.5,-159.375,-0.8642578125
25.8,-159.375,-0.8642578125
26.1,-159.375,-0.869140625
26.4,-159.375,-0.8642578125
26.7,-158.544921875,-0.8642578125
27.0,-159.375,-0.8642578125
27.3,-158.544921875,-0.869140625
27.6,-159.375,-0.8642578125
27.9,-158.544921875,-0.869140625
28.2,-159.375,-0.8642578125
28.5,-158.544921875,-0.8642578125
28.8,-159.375,-0.8642578125
29.1,-159.375,-0.8642578125
29.4,-158.544921875,-0.8642578125
29.7,-159.375,-0.8642578125
30.0,-159.375,-0.8642578125
30.3,-159.375,-0.8642578125
30.6,-158.544921875,-0.869140625
30.9,-160.205078125,-0.8642578125
31.2,-158.544921875,-0.8642578125
31.5,-159.375,-0.8642578125
31.8,-158.544921875,-0.8642578125
32.1,-158.544921875,-0.869140625
32.4,-158.544921875,-0.8642578125
32.7,-159.375,-0.859375
33.0,-158.544921875,-0.8642578125
33.3,-159.375,-0.8740234375
33.6,-158.544921875,-0.8642578125
33.9,-159.375,-0.8642578125
34.2,-159.375,-0.8642578125
34.5,-159.375,-0.8642578125
34.8,-158.544921875,-0.8642578125
35.1,-159.375,-0.8642578125
35.4,-159.375,-0.8642578125
35.7,-159.375,-0.8642578125
36.0,-159.375,-0.869140625
36.3,-160.205078125,-0.8642578125
36.6,-158.544921875,-0.8642578125
36.9,-159.375,-0.8642578125
37.2,-158.544921875,-0.8642578125
37.5,-159.375,-0.869140625
37.8,-159.375,-0.8642578125
38.1,-160.205078125,-0.8642578125
38.4,-158.544921875,-0.869140625
38.7,-159.375,-0.869140625
39.0,-158.544921875,-0.8642578125
39.3,-158.544921875,-0.8642578125
39.6,-160.205078125,-0.8642578125
39.9,-158.544921875,-0.8642578125
40.2,-159.375,-0.8642578125
40.5,-158.544921875,-0.8642578125
40.8,-158.544921875,-0.8642578125
41.1,-158.544921875,-0.8642578125
41.4,-159.375,-0.8642578125
41.7,-159.375,-0.8642578125
42.0,-158.544921875,-0.8642578125
42.3,-159.375,-0.8642578125
42.6,-159.375,-0.8642578125
42.9,-159.375,-0.8642578125
43.2,-158.544921875,-0.869140625
43.5,-159.375,-0.859375
43.8,-158.544921875,-0.8642578125
44.1,-158.544921875,-0.8642578125
44.4,-159.375,-0.8642578125
44.7,-159.375,-0.8642578125
45.0,-159.375,-0.8642578125
45.3,-159.375,-0.8642578125
45.6,-159.375,-0.8642578125
45.9,-158.544921875,-0.8642578125
46.2,-159.375,-0.8642578125
46.5,-158.544921875,-0.8642578125
46.8,-159.375,-0.8642578125
47.1,-158.544921875,-0.8642578125
47.4,-159.375,-0.8642578125
47.7,-158.544921875,-0.8642578125
48.0,-159.375,-0.869140625
48.3,-158.544921875,-0.8642578125
48.6,-158.544921875,-0.8642578125
48.9,-158.544921875,-0.8642578125
49.2,-158.544921875,-0.869140625
49.5,-159.375,-0.8642578125
49.8,-158.544921875,-0.8642578125
50.1,-159.375,-0.859375
50.4,-159.375,-0.8642578125
50.7,-158.544921875,-0.8642578125
51.0,-159.375,-0.8642578125
51.3,-159.375,-0.869140625
51.6,-158.544921875,-0.8642578125
51.9,-159.375,-0.869140625
52.2,-158.544921875,-0.8642578125
52.5,-158.544921875,-0.8642578125
52.8,-159.375,-0.8642578125
53.1,-159.375,-0.8642578125
53.4,-159.375,-0.8642578125
53.7,-159.375,-0.8642578125
54.0,-158.544921875,-0.8642578125
54.3,-159.375,-0.8642578125
54.6,-158.544921875,-0.869140625
54.9,-160.205078125,-0.8642578125
55.2,-159.375,-0.8642578125
55.5,-158.544921875,-0.8642578125
55.8,-159.375,-0.8642578125
56.1,-158.544921875,-0.8642578125
56.4,-159.375,-0.8642578125
56.7,-159.375,-0.869140625
57.0,-160.205078125,-0.869140625
57.3,-159.375,-0.8642578125
57.6,-159.375,-0.8642578125
57.9,-158.544921875,-0.8642578125
58.2,-159.375,-0.869140625
58.5,-157.71484375,-0.8642578125
58.8,-160.205078125,-0.8642578125
59.1,-158.544921875,-0.8642578125
59.4,-160.205078125,-0.8642578125
59.7,-158.544921875,-0.8642578125
60.0,-159.375,-0.869140625
60.3,-159.375,-0.8642578125
60.6,-159.375,-0.869140625
60.9,-159.375,-0.8642578125
61.2,-159.375,-0.8642578125
61.5,-158.544921875,-0.8642578125
61.8,-158.544921875,-0.8642578125
62.1,-159.375,-0.8642578125
62.4,-159.375,-0.8642578125
62.7,-159.375,-0.8642578125
63.0,-159.375,-0.869140625
63.3,-158.544921875,-0.8642578125
63.6,-160.205078125,-0.8642578125
63.9,-158.544921875,-0.8642578125
64.2,-159.375,-0.8642578125
64.5,-159.375,-0.8642578125
64.8,-159.375,-0.8642578125
65.1,-159.375,-0.8642578125
65.4,-159.375,-0.8642578125
65.7,-159.375,-0.869140625
66.0,-159.375,-0.8642578125
66.3,-159.375,-0.8642578125
66.6,-159.375,-0.8642578125
66.9,-158.544921875,-0.8642578125
67.2,-161.03515625,-0.8642578125
67.5,-158.544921875,-0.8642578125
67.8,-159.375,-0.8642578125
68.1,-158.544921875,-0.8642578125
68.4,-159.375,-0.8642578125
68.7,-159.375,-0.8642578125
69.0,-159.375,-0.869140625
69.3,-158.544921875,-0.8642578125
69.6,-158.544921875,-0.8642578125
69.9,-159.375,-0.8642578125
70.2,-159.375,-0.8642578125
70.5,-159.375,-0.8642578125
70.8,-159.375,-0.8642578125
71.1,-159.375,-0.8642578125
71.4,-159.375,-0.869140625
71.7,-159.375,-0.8642578125
72.0,-158.544921875,-0.8642578125
72.3,-159.375,-0.869140625
72.6,-158.544921875,-0.8642578125
72.9,-160.205078125,-0.8642578125
73.2,-157.71484375,-0.8642578125
73.5,-159.375,-0.8642578125
73.8,-159.375,-0.8642578125
74.1,-158.544921875,-0.8642578125
74.4,-160.205078125,-0.8642578125
74.7,-158.544921875,-0.8642578125
75.0,-159.375,-0.8642578125
75.3,-158.544921875,-0.859375
75.6,-159.375,-0.869140625
75.9,-158.544921875,-0.8642578125
76.2,-159.375,-0.869140625
76.5,-158.544921875,-0.8642578125
76.8,-160.205078125,-0.8642578125
77.1,-159.375,-0.8642578125
77.4,-158.544921875,-0.8642578125
77.7,-159.375,-0.859375
78.0,-159.375,-0.869140625
78.3,-159.375,-0.8642578125
78.6,-158.544921875,-0.8642578125
78.9,-159.375,-0.8642578125
79.2,-158.544921875,-0.8642578125
79.5,-159.375,-0.8642578125
79.8,-158.544921875,-0.859375
80.1,-159.375,-0.8642578125
80.4,-158.544921875,-0.8642578125
80.7,-159.375,-0.8642578125
81.0,-159.375,-0.8642578125
81.3,-159.375,-0.8642578125
81.6,-159.375,-0.869140625
81.9,-159.375,-0.8642578125
82.2,-159.375,-0.869140625
82.5,-159.375,-0.8642578125
82.8,-159.375,-0.8642578125
83.1,-158.544921875,-0.869140625
83.4,-159.375,-0.869140625
83.7,-158.544921875,-0.869140625
84.0,-159.375,-0.869140625
84.3,-159.375,-0.8642578125
84.6,-160.205078125,-0.8642578125
84.9,-158.544921875,-0.8642578125
85.2,-159.375,-0.8642578125
85.5,-159.375,-0.8642578125
85.8,-158.544921875,-0.8642578125
86.1,-158.544921875,-0.8642578125
86.4,-158.544921875,-0.8642578125
86.7,-159.375,-0.8642578125
87.0,-159.375,-0.8642578125
87.3,-159.375,-0.8642578125
87.6,-159.375,-0.8642578125
87.9,-159.375,-0.8642578125
88.2,-159.375,-0.8642578125
88.5,-159.375,-0.8642578125
88.8,-158.544921875,-0.869140625
89.1,-159.375,-0.8642578125
89.4,-159.375,-0.8642578125
89.7,-158.544921875,-0.8642578125
90.0,-158.544921875,-0.8642578125
90.3,-159.375,-0.8642578125
90.6,-159.375,-0.8642578125
90.9,-158.544921875,-0.8642578125
91.2,-160.205078125,-0.8642578125
91.5,-158.544921875,-0.8642578125
91.8,-159.375,-0.8642578125
92.1,-159.375,-0.8642578125
92.4,-159.375,-0.8642578125
92.7,-158.544921875,-0.8642578125
93.0,-159.375,-0.8642578125
93.3,-159.375,-0.869140625
93.6,-159.375,-0.8642578125
93.9,-160.205078125,-0.8642578125
94.2,-159.375,-0.869140625
94.5,-159.375,-0.8642578125
94.8,-159.375,-0.869140625
95.1,-158.544921875,-0.8642578125
95.4,-159.375,-0.8642578125
95.7,-159.375,-0.8642578125
96.0,-159.375,-0.8642578125
96.3,-159.375,-0.8642578125
96.6,-159.375,-0.8642578125
96.9,-158.544921875,-0.8642578125
97.2,-159.375,-0.869140625
97.5,-159.375,-0.869140625
97.8,-158.544921875,-0.8642578125
98.1,-158.544921875,-0.869140625
98.4,-158.544921875,-0.8642578125
98.7,-158.544921875,-0.8642578125
99.0,-159.375,-0.8642578125
99.3,-159.375,-0.8642578125
99.6,-158.544921875,-0.8642578125
99.9,-158.544921875,-0.869140625
100.2,-159.375,-0.8642578125
100.5,-158.544921875,-0.8642578125
100.8,-159.375,-0.8642578125
101.1,-158.544921875,-0.8642578125
101.4,-159.375,-0.8642578125
101.7,-158.544921875,-0.8642578125
102.0,-159.375,-0.8642578125
102.3,-158.544921875,-0.8642578125
102.6,-159.375,-0.8642578125
102.9,-158.544921875,-0.869140625
103.2,-159.375,-0.8642578125
103.5,-159.375,-0.869140625
103.8,-158.544921875,-0.8642578125
104.1,-159.375,-0.8642578125
104.4,-159.375,-0.8642578125
104.7,-158.544921875,-0.8642578125
105.0,-159.375,-0.8642578125
105.3,-158.544921875,-0.8642578125
105.6,-159.375,-0.8642578125
105.9,-158.544921875,-0.8642578125
106.2,-159.375,-0.8642578125
106.5,-158.544921875,-0.8642578125
106.8,-159.375,-0.8642578125
107.1,-159.375,-0.869140625
107.4,-159.375,-0.8642578125
107.7,-159.375,-0.8642578125
108.0,-159.375,-0.869140625
108.3,-158.544921875,-0.8642578125
108.6,-159.375,-0.8642578125
108.9,-159.375,-0.8642578125
109.2,-159.375,-0.8642578125
109.5,-159.375,-0.8642578125
109.8,-158.544921875,-0.869140625
110.1,-158.544921875,-0.8642578125
110.4,-158.544921875,-0.869140625
110.7,-159.375,-0.8642578125
111.0,-158.544921875,-0.8642578125
111.3,-159.375,-0.8642578125
111.6,-158.544921875,-0.8642578125
111.9,-159.375,-0.8642578125
112.2,-159.375,-0.869140625
112.5,-159.375,-0.8642578125
112.8,-159.375,-0.8642578125
113.1,-159.375,-0.8642578125
113.4,-159.375,-0.8642578125
113.7,-158.544921875,-0.869140625
114.0,-159.375,-0.8642578125
114.3,-158.544921875,-0.8642578125
114.6,-159.375,-0.8642578125
114.9,-158.544921875,-0.8642578125
115.2,-159.375,-0.8642578125
115.5,-158.544921875,-0.8642578125
115.8,-159.375,-0.869140625
116.1,-158.544921875,-0.8642578125
116.4,-159.375,-0.859375
116.7,-158.544921875,-0.859375
117.0,-159.375,-0.8642578125
117.3,-158.544921875,-0.8642578125
117.6,-158.544921875,-0.8642578125
117.9,-159.375,-0.869140625
118.2,-159.375,-0.869140625
118.5,-159.375,-0.8642578125
118.8,-159.375,-0.8642578125
119.1,-158.544921875,-0.8642578125
119.4,-159.375,-0.8642578125
119.7,-159.375,-0.8642578125
120.0,-160.205078125,-0.8642578125
120.3,-159.375,-0.8642578125
120.6,-159.375,-0.8642578125
120.9,-159.375,-0.869140625
121.2,-160.205078125,-0.8642578125
121.5,-158.544921875,-0.8642578125
121.8,-159.375,-0.8642578125
122.1,-159.375,-0.8642578125
122.4,-158.544921875,-0.869140625
122.7,-158.544921875,-0.8642578125
123.0,-160.205078125,-0.8642578125
123.3,-159.375,-0.869140625
123.6,-159.375,-0.8642578125
123.9,-158.544921875,-0.8642578125
124.2,-159.375,-0.8642578125
124.5,-158.544921875,-0.8642578125
124.8,-159.375,-0.8642578125
125.1,-158.544921875,-0.869140625
125.4,-159.375,-0.8740234375
125.7,-158.544921875,-0.8642578125
126.0,-160.205078125,-0.8642578125
126.3,-158.544921875,-0.8642578125
126.6,-159.375,-0.8642578125
126.9,-159.375,-0.8642578125
127.2,-159.375,-0.8642578125
127.5,-159.375,-0.869140625
127.8,-158.544921875,-0.8642578125
128.1,-159.375,-0.8642578125
128.4,-159.375,-0.8642578125
128.7,-159.375,-0.8642578125
129.0,-159.375,-0.869140625
129.3,-159.375,-0.8642578125
129.6,-159.375,-0.859375
129.9,-159.375,-0.8642578125
130.2,-159.375,-0.8642578125
130.5,-158.544921875,-0.8642578125
130.8,-159.375,-0.8642578125
131.1,-159.375,-0.8642578125
131.4,-159.375,-0.8642578125
131.7,-159.375,-0.869140625
132.0,-158.544921875,-0.8642578125
132.3,-159.375,-0.859375
132.6,-158.544921875,-0.8642578125
132.9,-160.205078125,-0.869140625
133.2,-158.544921875,-0.8642578125
133.5,-159.375,-0.8642578125
133.8,-158.544921875,-0.8642578125
134.1,-159.375,-0.8642578125
134.4,-158.544921875,-0.8642578125
134.7,-159.375,-0.8642578125
135.0,-158.544921875,-0.8642578125
135.3,-159.375,-0.8642578125
135.6,-158.544921875,-0.8642578125
135.9,-158.544921875,-0.8642578125
136.2,-159.375,-0.8642578125
136.5,-158.544921875,-0.8642578125
136.8,-159.375,-0.8642578125
137.1,-158.544921875,-0.8642578125
137.4,-159.375,-0.869140625
137.7,-158.544921875,-0.8642578125
138.0,-159.375,-0.869140625
138.3,-158.544921875,-0.869140625
138.6,-159.375,-0.8642578125
138.9,-159.375,-0.8642578125
139.2,-158.544921875,-0.8642578125
139.5,-159.375,-0.8642578125
139.8,-159.375,-0.8642578125
140.1,-159.375,-0.8642578125
140.4,-159.375,-0.859375
140.7,-159.375,-0.8642578125
141.0,-158.544921875,-0.869140625
141.3,-159.375,-0.8642578125
141.6,-160.205078125,-0.8642578125
141.9,-158.544921875,-0.8642578125
142.2,-159.375,-0.8642578125
142.5,-158.544921875,-0.8642578125
142.8,-160.205078125,-0.8642578125
143.1,-158.544921875,-0.869140625
143.4,-159.375,-0.8642578125
143.7,-158.544921875,-0.859375
144.0,-159.375,-0.8642578125
144.3,-159.375,-0.8642578125
144.6,-159.375,-0.8642578125
144.9,-159.375,-0.8642578125
145.2,-159.375,-0.8642578125
145.5,-158.544921875,-0.859375
145.8,-158.544921875,-0.8642578125
146.1,-159.375,-0.8642578125
146.4,-159.375,-0.8642578125
146.7,-158.544921875,-0.8642578125
147.0,-159.375,-0.8642578125
147.3,-159.375,-0.8642578125
147.6,-158.544921875,-0.8642578125
147.9,-159.375,-0.8642578125
148.2,-158.544921875,-0.8642578125
148.5,-159.375,-0.8642578125
148.8,-159.375,-0.869140625
149.1,-158.544921875,-0.8642578125
149.4,-158.544921875,-0.8642578125
149.7,-160.205078125,-0.869140625
150.0,-158.544921875,-0.8642578125
150.3,-159.375,-0.869140625
150.6,-158.544921875,-0.8642578125
150.9,-159.375,-0.869140625
151.2,-158.544921875,-0.8642578125
151.5,-160.205078125,-0.8642578125
151.8,-158.544921875,-0.8642578125
152.1,-158.544921875,-0.869140625
152.4,-158.544921875,-0.8642578125
152.7,-158.544921875,-0.859375
153.0,-159.375,-0.8642578125
153.3,-159.375,-0.859375
153.6,-159.375,-0.8642578125
153.9,-158.544921875,-0.8642578125
154.2,-159.375,-0.8642578125
154.5,-158.544921875,-0.8642578125
154.8,-159.375,-0.8642578125
155.1,-159.375,-0.8642578125
155.4,-159.375,-0.8642578125
155.7,-159.375,-0.869140625
156.0,-159.375,-0.8642578125
156.3,-159.375,-0.8642578125
156.6,-159.375,-0.8642578125
156.9,-159.375,-0.869140625
157.2,-159.375,-0.8642578125
157.5,-159.375,-0.8642578125
157.8,-158.544921875,-0.8642578125
158.1,-159.375,-0.869140625
158.4,-159.375,-0.8642578125
158.7,-159.375,-0.8642578125
159.0,-159.375,-0.859375
159.3,-159.375,-0.8642578125
159.6,-159.375,-0.8642578125
159.9,-159.375,-0.869140625
160.2,-158.544921875,-0.8642578125
160.5,-158.544921875,-0.8642578125
160.8,-159.375,-0.8642578125
161.1,-160.205078125,-0.8642578125
161.4,-158.544921875,-0.8642578125
161.7,-159.375,-0.8642578125
162.0,-159.375,-0.8642578125
162.3,-158.544921875,-0.8642578125
162.6,-158.544921875,-0.8642578125
162.9,-159.375,-0.8642578125
163.2,-158.544921875,-0.8642578125
163.5,-158.544921875,-0.869140625
163.8,-159.375,-0.869140625
164.1,-158.544921875,-0.8642578125
164.4,-160.205078125,-0.8642578125
164.7,-158.544921875,-0.869140625
165.0,-159.375,-0.8642578125
165.3,-159.375,-0.8642578125
165.6,-160.205078125,-0.8642578125
165.9,-158.544921875,-0.869140625
166.2,-159.375,-0.8642578125
166.5,-158.544921875,-0.8642578125
166.8,-159.375,-0.869140625
167.1,-158.544921875,-0.869140625
167.4,-159.375,-0.8642578125
167.7,-158.544921875,-0.869140625
168.0,-160.205078125,-0.8642578125
168.3,-159.375,-0.8642578125
168.6,-159.375,-0.8642578125
168.9,-158.544921875,-0.8642578125
169.2,-159.375,-0.8642578125
169.5,-159.375,-0.8642578125
169.8,-159.375,-0.859375
170.1,-159.375,-0.8642578125
170.4,-159.375,-0.8642578125
170.7,-159.375,-0.869140625
171.0,-158.544921875,-0.8642578125
171.3,-159.375,-0.869140625
171.6,-158.544921875,-0.8642578125
171.9,-159.375,-0.869140625
172.2,-159.375,-0.8642578125
172.5,-160.205078125,-0.8642578125
172.8,-158.544921875,-0.8642578125
173.1,-159.375,-0.8642578125
173.4,-160.205078125,-0.8642578125
173.7,-159.375,-0.8642578125
174.0,-158.544921875,-0.8642578125
174.3,-158.544921875,-0.8642578125
174.6,-158.544921875,-0.869140625
174.9,-159.375,-0.8642578125
175.2,-159.375,-0.8642578125
175.5,-159.375,-0.8642578125
175.8,-158.544921875,-0.8642578125
176.1,-159.375,-0.8642578125
176.4,-159.375,-0.8642578125
176.7,-159.375,-0.869140625
177.0,-159.375,-0.869140625
177.3,-159.375,-0.8642578125
177.6,-159.375,-0.8642578125
177.9,-159.375,-0.8642578125
178.2,-159.375,-0.8642578125
178.5,-158.544921875,-0.869140625
178.8,-159.375,-0.8642578125
179.1,-158.544921875,-0.869140625
179.4,-160.205078125,-0.869140625
179.7,-158.544921875,-0.8642578125
180.0,-160.205078125,-0.869140625
180.3,-159.375,-0.8642578125
180.6,-160.205078125,-0.8642578125
180.9,-159.375,-0.859375
181.2,-158.544921875,-0.8642578125
181.5,-158.544921875,-0.8642578125
181.8,-159.375,-0.869140625
182.1,-159.375,-0.8642578125
182.4,-158.544921875,-0.8642578125
182.7,-158.544921875,-0.869140625
183.0,-158.544921875,-0.8642578125
183.3,-159.375,-0.8642578125
183.6,-158.544921875,-0.8642578125
183.9,-159.375,-0.8642578125
184.2,-158.544921875,-0.8642578125
184.5,-160.205078125,-0.8642578125
184.8,-158.544921875,-0.8642578125
185.1,-160.205078125,-0.8642578125
185.4,-158.544921875,-0.8642578125
185.7,-159.375,-0.869140625
186.0,-158.544921875,-0.8642578125
186.3,-160.205078125,-0.8642578125
186.6,-160.205078125,-0.8642578125
186.9,-159.375,-0.8642578125
187.2,-159.375,-0.869140625
187.5,-159.375,-0.8642578125
187.8,-159.375,-0.8642578125
188.1,-159.375,-0.8642578125
188.4,-159.375,-0.869140625
188.7,-159.375,-0.859375
189.0,-159.375,-0.8642578125
189.3,-159.375,-0.869140625
189.6,-159.375,-0.8642578125
189.9,-159.375,-0.869140625
190.2,-159.375,-0.8642578125
190.5,-160.205078125,-0.859375
190.8,-159.375,-0.8642578125
191.1,-159.375,-0.869140625
191.4,-158.544921875,-0.8642578125
191.7,-160.205078125,-0.869140625
192.0,-158.544921875,-0.8642578125
192.3,-159.375,-0.8642578125
192.6,-158.544921875,-0.8642578125
192.9,-159.375,-0.869140625
193.2,-158.544921875,-0.8642578125
193.5,-159.375,-0.8642578125
193.8,-159.375,-0.8642578125
194.1,-159.375,-0.8642578125
194.4,-159.375,-0.869140625
194.7,-158.544921875,-0.8642578125
195.0,-159.375,-0.8642578125
195.3,-158.544921875,-0.8642578125
195.6,-159.375,-0.8642578125
195.9,-159.375,-0.8642578125
196.2,-159.375,-0.8642578125
196.5,-159.375,-0.869140625
196.8,-159.375,-0.869140625
197.1,-159.375,-0.8642578125
197.4,-159.375,-0.8642578125
197.7,-158.544921875,-0.8642578125
198.0,-159.375,-0.8642578125
198.3,-159.375,-0.8642578125
198.6,-159.375,-0.8642578125
198.9,-159.375,-0.8642578125
199.2,-159.375,-0.8642578125
199.5,-159.375,-0.8642578125
199.8,-158.544921875,-0.8642578125
200.1,-159.375,-0.8642578125
200.4,-158.544921875,-0.8642578125
200.7,-158.544921875,-0.8642578125
201.0,-159.375,-0.859375
201.3,-158.544921875,-0.8642578125
201.6,-159.375,-0.8642578125
201.9,-158.544921875,-0.869140625
202.2,-160.205078125,-0.8740234375
202.5,-159.375,-0.859375
202.8,-159.375,-0.8642578125
203.1,-159.375,-0.8642578125
203.4,-160.205078125,-0.8642578125
203.7,-159.375,-0.8642578125
204.0,-159.375,-0.8642578125
204.3,-158.544921875,-0.8642578125
204.6,-160.205078125,-0.8642578125
204.9,-159.375,-0.8642578125
205.2,-159.375,-0.869140625
205.5,-158.544921875,-0.8642578125
205.8,-159.375,-0.8642578125
206.1,-159.375,-0.869140625
206.4,-158.544921875,-0.8642578125
206.7,-159.375,-0.8642578125
207.0,-158.544921875,-0.8642578125
207.3,-159.375,-0.8642578125
207.6,-159.375,-0.869140625
207.9,-159.375,-0.8642578125
208.2,-159.375,-0.8642578125
208.5,-158.544921875,-0.8642578125
208.8,-158.544921875,-0.859375
209.1,-159.375,-0.8642578125
209.4,-158.544921875,-0.8642578125
209.7,-159.375,-0.8642578125
210.0,-159.375,-0.8642578125
210.3,-158.544921875,-0.8642578125
210.6,-159.375,-0.8642578125
210.9,-158.544921875,-0.8642578125
211.2,-159.375,-0.8642578125
211.5,-159.375,-0.869140625
211.8,-159.375,-0.8642578125
212.1,-159.375,-0.8642578125
212.4,-158.544921875,-0.8642578125
212.7,-159.375,-0.8642578125
213.0,-159.375,-0.8642578125
213.3,-159.375,-0.8642578125
213.6,-158.544921875,-0.8642578125
213.9,-159.375,-0.869140625
214.2,-159.375,-0.8642578125
214.5,-160.205078125,-0.8642578125
214.8,-158.544921875,-0.859375
215.1,-159.375,-0.8642578125
215.4,-159.375,-0.8642578125
215.7,-160.205078125,-0.869140625
216.0,-158.544921875,-0.8642578125
216.3,-159.375,-0.8642578125
216.6,-158.544921875,-0.8642578125
216.9,-159.375,-0.8642578125
217.2,-158.544921875,-0.8642578125
217.5,-159.375,-0.8642578125
217.8,-159.375,-0.8642578125
218.1,-159.375,-0.8642578125
218.4,-158.544921875,-0.8642578125
218.7,-158.544921875,-0.8642578125
219.0,-159.375,-0.869140625
219.3,-158.544921875,-0.869140625
219.6,-159.375,-0.8642578125
219.9,-158.544921875,-0.8642578125
220.2,-159.375,-0.869140625
220.5,-159.375,-0.8642578125
220.8,-158.544921875,-0.8642578125
221.1,-159.375,-0.869140625
221.4,-159.375,-0.869140625
221.7,-159.375,-0.8642578125
222.0,-159.375,-0.8642578125
222.3,-159.375,-0.8642578125
222.6,-159.375,-0.8642578125
222.9,-160.205078125,-0.8642578125
223.2,-159.375,-0.8642578125
223.5,-158.544921875,-0.8642578125
223.8,-159.375,-0.8642578125
224.1,-159.375,-0.8642578125
224.4,-159.375,-0.8642578125
224.7,-158.544921875,-0.8642578125
225.0,-158.544921875,-0.869140625
225.3,-159.375,-0.8642578125
225.6,-160.205078125,-0.869140625
225.9,-158.544921875,-0.8642578125
226.2,-159.375,-0.8642578125
226.5,-158.544921875,-0.8642578125
226.8,-159.375,-0.8642578125
227.1,-159.375,-0.8642578125
227.4,-159.375,-0.8642578125
227.7,-159.375,-0.8642578125
228.0,-158.544921875,-0.8642578125
228.3,-159.375,-0.8642578125
228.6,-159.375,-0.8642578125
228.9,-158.544921875,-0.8642578125
229.2,-159.375,-0.8642578125
229.5,-159.375,-0.8642578125
229.8,-159.375,-0.8642578125
230.1,-159.375,-0.8642578125
230.4,-159.375,-0.8642578125
230.7,-159.375,-0.8642578125
231.0,-158.544921875,-0.8642578125
231.3,-158.544921875,-0.869140625
231.6,-159.375,-0.8642578125
231.9,-159.375,-0.8642578125
232.2,-158.544921875,-0.869140625
232.5,-159.375,-0.8642578125
232.8,-159.375,-0.859375
233.1,-159.375,-0.8642578125
233.4,-158.544921875,-0.8642578125
233.7,-159.375,-0.869140625
234.0,-157.71484375,-0.8642578125
234.3,-159.375,-0.8642578125
234.6,-158.544921875,-0.8642578125
234.9,-160.205078125,-0.8642578125
235.2,-158.544921875,-0.8642578125
235.5,-159.375,-0.8642578125
235.8,-159.375,-0.8642578125
236.1,-160.205078125,-0.8642578125
236.4,-158.544921875,-0.8642578125
236.7,-159.375,-0.8642578125
237.0,-158.544921875,-0.869140625
