0.0,-2.3193359375,-0.1708984375
0.3,-2.32421875,-0.166015625
0.6,-2.314453125,-0.185546875
0.9,-2.3046875,-0.1806640625
1.2,-2.3193359375,-0.185546875
1.5,-2.314453125,-0.1953125
1.8,-2.314453125,-0.2001953125
2.1,-2.32421875,-0.2001953125
2.4,-2.314453125,-0.1904296875
2.7,-2.3193359375,-0.1953125
3.0,-2.3095703125,-0.185546875
3.3,-2.3046875,-0.1806640625
3.6,-2.314453125,-0.205078125
3.9,-2.3193359375,-0.1708984375
4.2,-2.3291015625,-0.1904296875
4.5,-2.3095703125,-0.185546875
4.8,-2.3193359375,-0.1953125
5.1,-2.3095703125,-0.1806640625
5.4,-2.32421875,-0.166015625
5.7,-2.32421875,-0.15625
6.0,-2.314453125,-0.1611328125
6.3,-2.3095703125,-0.1611328125
6.6,-2.314453125,-0.1611328125
6.9,-2.3193359375,-0.185546875
7.2,-2.32421875,-0.17578125
7.5,-2.3193359375,-0.1806640625
7.8,-2.3046875,-0.185546875
8.1,-2.3193359375,-0.1953125
8.4,-2.32421875,-0.1416015625
8.7,-2.3046875,-0.01953125
9.0,-2.3046875,-0.0390625
9.3,-2.3046875,-0.0439453125
9.6,-2.314453125,-0.0439453125
9.9,-2.32421875,-0.05859375
10.2,-2.3193359375,-0.0390625
10.5,-2.314453125,-0.068359375
10.8,-2.3193359375,-0.0830078125
11.1,-2.3193359375,-0.1025390625
11.4,-2.314453125,-0.107421875
11.7,-2.2998046875,-0.1318359375
12.0,-2.3095703125,-0.1416015625
12.3,-2.32421875,-0.1611328125
12.6,-2.32421875,-0.166015625
12.9,-2.314453125,-0.146484375
13.2,-2.314453125,-0.15625
13.5,-2.32421875,-0.166015625
13.8,-2.32421875,-0.166015625
14.1,-2.32421875,-0.1806640625
14.4,-2.3291015625,-0.185546875
14.7,-2.3193359375,-0.1904296875
15.0,-2.32421875,-0.15625
15.3,-2.3291015625,-0.1708984375
15.6,-2.32421875,-0.17578125
15.9,-2.314453125,-0.185546875
16.2,-2.3046875,-0.185546875
16.5,-2.32421875,-0.1904296875
16.8,-2.32421875,-0.2001953125
17.1,-2.3193359375,-0.1904296875
17.4,-2.314453125,-0.2099609375
17.7,-2.314453125,-0.224609375
18.0,-2.3291015625,-0.224609375
18.3,-2.3291015625,-0.263671875
18.6,-2.32421875,-0.283203125
18.9,-2.314453125,-0.3076171875
19.2,-2.3095703125,-0.361328125
19.5,-2.333984375,-0.380859375
19.8,-2.3388671875,-0.361328125
20.1,-2.32421875,-0.3857421875
20.4,-2.32421875,-0.3515625
20.7,-2.3388671875,-0.341796875
21.0,-2.3291015625,-0.3662109375
21.3,-2.3291015625,-0.3564453125
21.6,-2.333984375,-0.380859375
21.9,-2.34375,-0.4150390625
22.2,-2.3193359375,-0.4296875
22.5,-2.32421875,-0.458984375
22.8,-2.333984375,-0.4736328125
23.1,-2.333984375,-0.4638671875
23.4,-2.3291015625,-0.4736328125
23.7,-2.3291015625,-0.4931640625
24.0,-2.3291015625,-0.4736328125
24.3,-2.3583984375,-0.4638671875
24.6,-2.3291015625,-0.46875
24.9,-2.3193359375,-0.478515625
25.2,-2.3388671875,-0.4833984375
25.5,-2.333984375,-0.4736328125
25.8,-2.333984375,-0.498046875
26.1,-2.333984375,-0.5126953125
26.4,-2.333984375,-0.5322265625
26.7,-2.3291015625,-0.56640625
27.0,-2.333984375,-0.5615234375
27.3,-2.3388671875,-0.5810546875
27.6,-2.32421875,-0.5908203125
27.9,-2.34375,-0.60546875
28.2,-2.333984375,-0.654296875
28.5,-2.34375,-0.6640625
28.8,-2.333984375,-0.6689453125
29.1,-2.333984375,-0.6884765625
29.4,-2.3388671875,-0.6982421875
29.7,-2.34375,-0.7080078125
30.0,-2.3388671875,-0.712890625
30.3,-2.333984375,-0.703125
30.6,-2.3388671875,-0.703125
30.9,-2.36328125,-0.712890625
31.2,-2.3388671875,-0.7275390625
31.5,-2.333984375,-0.6982421875
31.8,-2.333984375,-0.7177734375
32.1,-2.34375,-0.703125
32.4,-2.3486328125,-0.6982421875
32.7,-2.34375,-0.6689453125
33.0,-2.3388671875,-0.673828125
33.3,-2.3486328125,-0.673828125
33.6,-2.3486328125,-0.6884765625
33.9,-2.3388671875,-0.68359375
34.2,-2.333984375,-0.6982421875
34.5,-2.3486328125,-0.68359375
34.8,-2.353515625,-0.654296875
35.1,-2.3486328125,-0.6640625
35.4,-2.3291015625,-0.6591796875
35.7,-2.3388671875,-0.673828125
36.0,-2.3486328125,-0.6591796875
36.3,-2.34375,-0.6494140625
36.6,-2.3388671875,-0.6494140625
36.9,-2.333984375,-0.654296875
37.2,-2.34375,-0.6591796875
37.5,-2.3486328125,-0.625
37.8,-2.34375,-0.625
38.1,-2.3388671875,-0.6103515625
38.4,-2.34375,-0.6005859375
38.7,-2.3388671875,-0.634765625
39.0,-2.3486328125,-0.625
39.3,-2.3486328125,-0.64453125
39.6,-2.3388671875,-0.64453125
39.9,-2.3486328125,-0.6494140625
40.2,-2.36328125,-0.654296875
40.5,-2.353515625,-0.6396484375
40.8,-2.3486328125,-0.6396484375
41.1,-2.3583984375,-0.6591796875
41.4,-2.3486328125,-0.64453125
41.7,-2.36328125,-0.6396484375
42.0,-2.34375,-0.6640625
42.3,-2.3486328125,-0.634765625
42.6,-2.3388671875,-0.6396484375
42.9,-2.3583984375,-0.6689453125
43.2,-2.353515625,-0.6591796875
43.5,-2.3583984375,-0.6396484375
43.8,-2.3388671875,-0.634765625
44.1,-2.3583984375,-0.6298828125
44.4,-2.3583984375,-0.6494140625
44.7,-2.353515625,-0.6396484375
45.0,-2.353515625,-0.6298828125
45.3,-2.3583984375,-0.615234375
45.6,-2.3583984375,-0.6494140625
45.9,-2.353515625,-0.625
46.2,-2.353515625,-0.6298828125
46.5,-2.3583984375,-0.60546875
46.8,-2.3583984375,-0.625
47.1,-2.36328125,-0.625
47.4,-2.353515625,-0.60546875
47.7,-2.34375,-0.6005859375
48.0,-2.3583984375,-0.6201171875
48.3,-2.353515625,-0.6396484375
48.6,-2.353515625,-0.625
48.9,-2.36328125,-0.64453125
49.2,-2.3583984375,-0.6640625
49.5,-2.3486328125,-0.64453125
49.8,-2.353515625,-0.6591796875
50.1,-2.36328125,-0.6396484375
50.4,-2.373046875,-0.6201171875
50.7,-2.36328125,-0.595703125
51.0,-2.3486328125,-0.6201171875
51.3,-2.36328125,-0.6396484375
51.6,-2.3681640625,-0.673828125
51.9,-2.36328125,-0.6787109375
52.2,-2.3583984375,-0.712890625
52.5,-2.36328125,-0.7177734375
52.8,-2.3681640625,-0.7421875
53.1,-2.36328125,-0.751953125
53.4,-2.36328125,-0.7177734375
53.7,-2.353515625,-0.732421875
54.0,-2.3779296875,-0.7275390625
54.3,-2.3779296875,-0.7177734375
54.6,-2.353515625,-0.68359375
54.9,-2.36328125,-0.72265625
55.2,-2.353515625,-0.72265625
55.5,-2.373046875,-0.7421875
55.8,-2.373046875,-0.771484375
56.1,-2.3486328125,-0.7958984375
56.4,-2.36328125,-0.7958984375
56.7,-2.36328125,-0.8056640625
57.0,-2.36328125,-0.791015625
57.3,-2.373046875,-0.7958984375
57.6,-2.3681640625,-0.80078125
57.9,-2.3681640625,-0.80078125
58.2,-2.373046875,-0.810546875
58.5,-2.36328125,-0.7958984375
58.8,-2.3681640625,-0.80078125
59.1,-2.3681640625,-0.7763671875
59.4,-2.36328125,-0.771484375
59.7,-2.3681640625,-0.771484375
60.0,-2.3681640625,-0.7666015625
60.3,-2.3681640625,-0.7958984375
60.6,-2.36328125,-0.7958984375
60.9,-2.373046875,-0.7861328125
61.2,-2.3583984375,-0.751953125
61.5,-2.373046875,-0.7373046875
61.8,-2.3779296875,-0.7763671875
62.1,-2.3828125,-0.7666015625
62.4,-2.373046875,-0.771484375
62.7,-2.36328125,-0.7470703125
63.0,-2.373046875,-0.7568359375
63.3,-2.373046875,-0.7568359375
63.6,-2.373046875,-0.7470703125
63.9,-2.3681640625,-0.7373046875
64.2,-2.3681640625,-0.751953125
64.5,-2.36328125,-0.751953125
64.8,-2.3779296875,-0.751953125
65.1,-2.3779296875,-0.7568359375
65.4,-2.3681640625,-0.76171875
65.7,-2.3828125,-0.751953125
66.0,-2.373046875,-0.7421875
66.3,-2.3828125,-0.7421875
66.6,-2.3681640625,-0.76171875
66.9,-2.373046875,-0.7421875
67.2,-2.373046875,-0.732421875
67.5,-2.373046875,-0.732421875
67.8,-2.36328125,-0.7568359375
68.1,-2.3779296875,-0.78125
68.4,-2.3828125,-0.7958984375
68.7,-2.3828125,-0.771484375
69.0,-2.3828125,-0.7763671875
69.3,-2.373046875,-0.7763671875
69.6,-2.3828125,-0.7666015625
69.9,-2.3876953125,-0.7763671875
70.2,-2.3779296875,-0.7666015625
70.5,-2.3681640625,-0.76171875
70.8,-2.3779296875,-0.78125
71.1,-2.3779296875,-0.76171875
71.4,-2.3876953125,-0.732421875
71.7,-2.36328125,-0.7568359375
72.0,-2.3828125,-0.7421875
72.3,-2.3779296875,-0.7177734375
72.6,-2.3828125,-0.7080078125
72.9,-2.3779296875,-0.6982421875
73.2,-2.3779296875,-0.6689453125
73.5,-2.3828125,-0.703125
73.8,-2.392578125,-0.693359375
74.1,-2.3779296875,-0.693359375
74.4,-2.3828125,-0.6884765625
74.7,-2.3876953125,-0.6982421875
75.0,-2.3828125,-0.7177734375
75.3,-2.3828125,-0.7275390625
75.6,-2.3876953125,-0.7177734375
75.9,-2.3681640625,-0.6982421875
76.2,-2.392578125,-0.7177734375
76.5,-2.3876953125,-0.7275390625
76.8,-2.3876953125,-0.712890625
77.1,-2.3779296875,-0.732421875
77.4,-2.3876953125,-0.712890625
77.7,-2.3876953125,-0.6884765625
78.0,-2.392578125,-0.6982421875
78.3,-2.392578125,-0.712890625
78.6,-2.392578125,-0.6982421875
78.9,-2.3876953125,-0.703125
79.2,-2.392578125,-0.712890625
79.5,-2.3876953125,-0.7177734375
79.8,-2.40234375,-0.712890625
80.1,-2.392578125,-0.712890625
80.4,-2.392578125,-0.7080078125
80.7,-2.392578125,-0.712890625
81.0,-2.3974609375,-0.7275390625
81.3,-2.392578125,-0.7470703125
81.6,-2.3974609375,-0.712890625
81.9,-2.3974609375,-0.7080078125
82.2,-2.40234375,-0.712890625
82.5,-2.392578125,-0.703125
82.8,-2.392578125,-0.6982421875
83.1,-2.3974609375,-0.6982421875
83.4,-2.3876953125,-0.673828125
83.7,-2.3876953125,-0.6640625
84.0,-2.392578125,-0.64453125
84.3,-2.3974609375,-0.6201171875
84.6,-2.3828125,-0.6298828125
84.9,-2.40234375,-0.6640625
85.2,-2.3828125,-0.64453125
85.5,-2.40234375,-0.634765625
85.8,-2.3974609375,-0.6396484375
86.1,-2.392578125,-0.625
86.4,-2.3876953125,-0.625
86.7,-2.3974609375,-0.6298828125
87.0,-2.40234375,-0.634765625
87.3,-2.40234375,-0.6005859375
87.6,-2.392578125,-0.5810546875
87.9,-2.3876953125,-0.60546875
88.2,-2.4072265625,-0.5908203125
88.5,-2.40234375,-0.625
88.8,-2.40234375,-0.6494140625
89.1,-2.40234375,-0.6689453125
89.4,-2.40234375,-0.6689453125
89.7,-2.392578125,-0.673828125
90.0,-2.4072265625,-0.6689453125
90.3,-2.4072265625,-0.6494140625
90.6,-2.40234375,-0.6640625
90.9,-2.40234375,-0.673828125
91.2,-2.40234375,-0.6787109375
91.5,-2.40234375,-0.703125
91.8,-2.4072265625,-0.7275390625
92.1,-2.4072265625,-0.7421875
92.4,-2.392578125,-0.7177734375
92.7,-2.4072265625,-0.7275390625
93.0,-2.40234375,-0.7373046875
93.3,-2.40234375,-0.7421875
93.6,-2.4169921875,-0.703125
93.9,-2.3974609375,-0.7177734375
94.2,-2.3876953125,-0.732421875
94.5,-2.3974609375,-0.712890625
94.8,-2.40234375,-0.693359375
95.1,-2.40234375,-0.7080078125
95.4,-2.4072265625,-0.7080078125
95.7,-2.412109375,-0.7373046875
96.0,-2.40234375,-0.7568359375
96.3,-2.40234375,-0.791015625
96.6,-2.3974609375,-0.7763671875
96.9,-2.412109375,-0.7861328125
97.2,-2.4072265625,-0.751953125
97.5,-2.412109375,-0.771484375
97.8,-2.40234375,-0.76171875
98.1,-2.3974609375,-0.7568359375
98.4,-2.412109375,-0.7958984375
98.7,-2.4169921875,-0.771484375
99.0,-2.4267578125,-0.771484375
99.3,-2.4072265625,-0.771484375
99.6,-2.412109375,-0.7568359375
99.9,-2.412109375,-0.7421875
100.2,-2.4072265625,-0.7666015625
100.5,-2.412109375,-0.7568359375
100.8,-2.4072265625,-0.7568359375
101.1,-2.4267578125,-0.7666015625
101.4,-2.4169921875,-0.7568359375
101.7,-2.4169921875,-0.7421875
102.0,-2.4072265625,-0.7568359375
102.3,-2.412109375,-0.771484375
102.6,-2.4072265625,-0.76171875
102.9,-2.4072265625,-0.7421875
103.2,-2.412109375,-0.771484375
103.5,-2.4169921875,-0.78125
103.8,-2.4267578125,-0.7470703125
104.1,-2.4267578125,-0.732421875
104.4,-2.4072265625,-0.7470703125
104.7,-2.421875,-0.76171875
105.0,-2.421875,-0.791015625
105.3,-2.431640625,-0.76171875
105.6,-2.4169921875,-0.7275390625
105.9,-2.421875,-0.72265625
106.2,-2.40234375,-0.6982421875
106.5,-2.412109375,-0.6787109375
106.8,-2.4267578125,-0.6787109375
107.1,-2.431640625,-0.6591796875
107.4,-2.4169921875,-0.6298828125
107.7,-2.412109375,-0.654296875
108.0,-2.421875,-0.6787109375
108.3,-2.421875,-0.654296875
108.6,-2.4267578125,-0.6689453125
108.9,-2.4169921875,-0.6787109375
109.2,-2.421875,-0.6640625
109.5,-2.4169921875,-0.693359375
109.8,-2.412109375,-0.72265625
110.1,-2.412109375,-0.7177734375
110.4,-2.421875,-0.732421875
110.7,-2.431640625,-0.732421875
111.0,-2.421875,-0.7373046875
111.3,-2.431640625,-0.7177734375
111.6,-2.4267578125,-0.7275390625
111.9,-2.4267578125,-0.732421875
112.2,-2.4267578125,-0.751953125
112.5,-2.4169921875,-0.76171875
112.8,-2.412109375,-0.7763671875
113.1,-2.4267578125,-0.771484375
113.4,-2.421875,-0.7763671875
113.7,-2.421875,-0.7763671875
114.0,-2.4267578125,-0.751953125
114.3,-2.4267578125,-0.7470703125
114.6,-2.431640625,-0.7470703125
114.9,-2.4267578125,-0.771484375
115.2,-2.421875,-0.7421875
115.5,-2.4267578125,-0.791015625
115.8,-2.421875,-0.7861328125
116.1,-2.4365234375,-0.810546875
116.4,-2.4169921875,-0.830078125
116.7,-2.421875,-0.8544921875
117.0,-2.44140625,-0.8740234375
117.3,-2.431640625,-0.8984375
117.6,-2.431640625,-0.9033203125
117.9,-2.4267578125,-0.9375
118.2,-2.431640625,-0.9521484375
118.5,-2.431640625,-0.9423828125
118.8,-2.431640625,-0.966796875
119.1,-2.431640625,-0.947265625
119.4,-2.4267578125,-0.9423828125
119.7,-2.4365234375,-0.9130859375
120.0,-2.4462890625,-0.888671875
120.3,-2.44140625,-0.888671875
120.6,-2.431640625,-0.8935546875
120.9,-2.4365234375,-0.8984375
121.2,-2.421875,-0.927734375
121.5,-2.4267578125,-0.9326171875
121.8,-2.431640625,-0.9375
122.1,-2.431640625,-0.9228515625
122.4,-2.431640625,-0.9326171875
122.7,-2.44140625,-0.9423828125
123.0,-2.44140625,-0.947265625
123.3,-2.421875,-0.95703125
123.6,-2.4365234375,-0.9375
123.9,-2.431640625,-0.91796875
124.2,-2.421875,-0.9228515625
124.5,-2.4267578125,-0.9423828125
124.8,-2.431640625,-0.927734375
125.1,-2.4365234375,-0.9423828125
125.4,-2.431640625,-0.9423828125
125.7,-2.44140625,-0.947265625
126.0,-2.4365234375,-0.9228515625
126.3,-2.4365234375,-0.91796875
126.6,-2.4365234375,-0.91796875
126.9,-2.4462890625,-0.91796875
127.2,-2.44140625,-0.908203125
127.5,-2.4365234375,-0.9033203125
127.8,-2.4365234375,-0.908203125
128.1,-2.44140625,-0.8837890625
128.4,-2.451171875,-0.8837890625
128.7,-2.4462890625,-0.87890625
129.0,-2.44140625,-0.859375
129.3,-2.44140625,-0.8642578125
129.6,-2.44140625,-0.8837890625
129.9,-2.4462890625,-0.87890625
130.2,-2.4365234375,-0.869140625
130.5,-2.44140625,-0.8349609375
130.8,-2.4462890625,-0.8447265625
131.1,-2.4462890625,-0.8447265625
131.4,-2.4462890625,-0.8203125
131.7,-2.4560546875,-0.7666015625
132.0,-2.451171875,-0.7861328125
132.3,-2.44140625,-0.7861328125
132.6,-2.44140625,-0.7861328125
132.9,-2.451171875,-0.771484375
133.2,-2.451171875,-0.76171875
133.5,-2.4462890625,-0.7763671875
133.8,-2.44140625,-0.7763671875
134.1,-2.4462890625,-0.7958984375
134.4,-2.4462890625,-0.8203125
134.7,-2.4462890625,-0.8251953125
135.0,-2.4462890625,-0.8544921875
135.3,-2.451171875,-0.859375
135.6,-2.4658203125,-0.888671875
135.9,-2.4462890625,-0.8740234375
136.2,-2.44140625,-0.8935546875
136.5,-2.44140625,-0.8837890625
136.8,-2.44140625,-0.87890625
137.1,-2.4560546875,-0.888671875
137.4,-2.4658203125,-0.888671875
137.7,-2.451171875,-0.9033203125
138.0,-2.451171875,-0.888671875
138.3,-2.4560546875,-0.888671875
138.6,-2.4609375,-0.908203125
138.9,-2.4462890625,-0.8935546875
139.2,-2.451171875,-0.8740234375
139.5,-2.4658203125,-0.849609375
139.8,-2.470703125,-0.8447265625
140.1,-2.451171875,-0.8544921875
140.4,-2.44140625,-0.87890625
140.7,-2.4462890625,-0.8740234375
141.0,-2.4560546875,-0.87890625
141.3,-2.4560546875,-0.8544921875
141.6,-2.451171875,-0.869140625
141.9,-2.4560546875,-0.8740234375
142.2,-2.4658203125,-0.8642578125
142.5,-2.4365234375,-0.8447265625
142.8,-2.4462890625,-0.830078125
143.1,-2.4560546875,-0.8203125
143.4,-2.4560546875,-0.8203125
143.7,-2.44140625,-0.8203125
144.0,-2.451171875,-0.8203125
144.3,-2.4560546875,-0.859375
144.6,-2.4609375,-0.87890625
144.9,-2.4658203125,-0.9130859375
145.2,-2.4462890625,-0.9228515625
145.5,-2.4560546875,-0.9228515625
145.8,-2.470703125,-0.9326171875
146.1,-2.4658203125,-0.9326171875
146.4,-2.4560546875,-0.9423828125
146.7,-2.4560546875,-0.9228515625
147.0,-2.4609375,-0.9326171875
147.3,-2.4609375,-0.8984375
147.6,-2.4658203125,-0.9228515625
147.9,-2.4560546875,-0.8935546875
148.2,-2.470703125,-0.927734375
148.5,-2.470703125,-0.91796875
148.8,-2.4609375,-0.927734375
149.1,-2.4560546875,-0.9033203125
149.4,-2.4609375,-0.927734375
149.7,-2.470703125,-0.9375
150.0,-2.4560546875,-0.9228515625
150.3,-2.4560546875,-0.9033203125
150.6,-2.4609375,-0.9033203125
150.9,-2.4658203125,-0.8740234375
151.2,-2.470703125,-0.888671875
151.5,-2.4658203125,-0.87890625
151.8,-2.4658203125,-0.8935546875
152.1,-2.48046875,-0.9033203125
152.4,-2.4658203125,-0.9033203125
152.7,-2.470703125,-0.9375
153.0,-2.4609375,-0.9375
153.3,-2.470703125,-0.9619140625
153.6,-2.4755859375,-0.9375
153.9,-2.48046875,-0.947265625
154.2,-2.48046875,-0.966796875
154.5,-2.4658203125,-0.9619140625
154.8,-2.470703125,-0.947265625
155.1,-2.470703125,-0.9375
155.4,-2.4755859375,-0.9619140625
155.7,-2.48046875,-0.9521484375
156.0,-2.470703125,-0.9521484375
156.3,-2.4755859375,-0.95703125
156.6,-2.4560546875,-1.0009765625
156.9,-2.4755859375,-1.0107421875
157.2,-2.4755859375,-1.025390625
157.5,-2.470703125,-1.005859375
157.8,-2.4658203125,-1.015625
158.1,-2.4609375,-1.015625
158.4,-2.490234375,-1.0302734375
158.7,-2.4853515625,-1.0546875
159.0,-2.48046875,-1.0693359375
159.3,-2.4658203125,-1.025390625
159.6,-2.48046875,-1.0107421875
159.9,-2.4853515625,-1.0009765625
160.2,-2.4560546875,-1.015625
160.5,-2.4658203125,-1.005859375
160.8,-2.4658203125,-1.0205078125
161.1,-2.48046875,-0.9765625
161.4,-2.4658203125,-0.9814453125
161.7,-2.48046875,-0.986328125
162.0,-2.48046875,-0.986328125
162.3,-2.4658203125,-0.9912109375
162.6,-2.470703125,-0.986328125
162.9,-2.48046875,-1.005859375
163.2,-2.490234375,-1.015625
163.5,-2.48046875,-1.0400390625
163.8,-2.470703125,-1.0693359375
164.1,-2.490234375,-1.07421875
164.4,-2.4853515625,-1.0888671875
164.7,-2.4658203125,-1.0791015625
165.0,-2.48046875,-1.0595703125
165.3,-2.48046875,-1.044921875
165.6,-2.4853515625,-1.044921875
165.9,-2.48046875,-1.07421875
166.2,-2.4951171875,-1.0595703125
166.5,-2.4853515625,-1.044921875
166.8,-2.48046875,-1.03515625
167.1,-2.4853515625,-1.015625
167.4,-2.4853515625,-1.025390625
167.7,-2.4853515625,-1.015625
168.0,-2.4853515625,-0.9912109375
168.3,-2.48046875,-0.99609375
168.6,-2.48046875,-1.0009765625
168.9,-2.4951171875,-0.966796875
169.2,-2.4853515625,-0.9423828125
169.5,-2.4853515625,-0.9619140625
169.8,-2.490234375,-0.9765625
170.1,-2.48046875,-0.9619140625
170.4,-2.4853515625,-0.9521484375
170.7,-2.4853515625,-0.9423828125
171.0,-2.4853515625,-0.947265625
171.3,-2.4853515625,-0.9423828125
171.6,-2.4853515625,-0.9228515625
171.9,-2.4853515625,-0.9375
172.2,-2.4853515625,-0.9375
172.5,-2.490234375,-0.9521484375
172.8,-2.4853515625,-0.9326171875
173.1,-2.490234375,-0.9375
173.4,-2.4853515625,-0.927734375
173.7,-2.490234375,-0.9375
174.0,-2.4755859375,-0.927734375
174.3,-2.4853515625,-0.95703125
174.6,-2.490234375,-0.947265625
174.9,-2.4951171875,-0.947265625
175.2,-2.48046875,-0.95703125
175.5,-2.490234375,-0.95703125
175.8,-2.4951171875,-0.9619140625
176.1,-2.4853515625,-0.9716796875
176.4,-2.4755859375,-0.986328125
176.7,-2.4951171875,-0.9814453125
177.0,-2.5,-0.9716796875
177.3,-2.5048828125,-0.9619140625
177.6,-2.490234375,-0.9521484375
177.9,-2.5048828125,-0.9130859375
178.2,-2.509765625,-0.9326171875
178.5,-2.5,-0.95703125
178.8,-2.4853515625,-0.9814453125
179.1,-2.48046875,-1.0009765625
179.4,-2.5,-0.9912109375
179.7,-2.5,-0.9765625
180.0,-2.509765625,-0.9619140625
180.3,-2.4951171875,-0.966796875
180.6,-2.4951171875,-0.9765625
180.9,-2.490234375,-0.95703125
181.2,-2.4853515625,-0.9326171875
181.5,-2.4951171875,-0.927734375
181.8,-2.509765625,-0.9228515625
182.1,-2.5048828125,-0.9423828125
182.4,-2.5,-0.9521484375
182.7,-2.490234375,-0.95703125
183.0,-2.5,-0.9765625
183.3,-2.490234375,-0.9423828125
183.6,-2.490234375,-0.9716796875
183.9,-2.5048828125,-0.95703125
184.2,-2.490234375,-0.9765625
184.5,-2.509765625,-0.966796875
184.8,-2.5,-0.9521484375
185.1,-2.5,-0.9521484375
185.4,-2.5048828125,-0.9521484375
185.7,-2.5,-0.9130859375
186.0,-2.5048828125,-0.91796875
186.3,-2.5048828125,-0.9033203125
186.6,-2.509765625,-0.8935546875
186.9,-2.4951171875,-0.8642578125
187.2,-2.509765625,-0.8642578125
187.5,-2.509765625,-0.8349609375
187.8,-2.5048828125,-0.8251953125
188.1,-2.5,-0.810546875
188.4,-2.5048828125,-0.8203125
188.7,-2.5048828125,-0.8154296875
189.0,-2.5048828125,-0.83984375
189.3,-2.5,-0.8203125
189.6,-2.509765625,-0.810546875
189.9,-2.509765625,-0.830078125
190.2,-2.509765625,-0.830078125
190.5,-2.4951171875,-0.8447265625
190.8,-2.5048828125,-0.8642578125
191.1,-2.509765625,-0.830078125
191.4,-2.509765625,-0.8349609375
191.7,-2.5,-0.849609375
192.0,-2.5048828125,-0.8447265625
192.3,-2.5,-0.7958984375
192.6,-2.5,-0.8056640625
192.9,-2.5146484375,-0.7861328125
193.2,-2.5048828125,-0.7861328125
193.5,-2.5,-0.8056640625
193.8,-2.51953125,-0.7861328125
194.1,-2.5,-0.80078125
194.4,-2.5048828125,-0.7666015625
194.7,-2.51953125,-0.7861328125
195.0,-2.5146484375,-0.771484375
195.3,-2.509765625,-0.771484375
195.6,-2.5,-0.78125
195.9,-2.5146484375,-0.791015625
196.2,-2.509765625,-0.78125
196.5,-2.5146484375,-0.7568359375
196.8,-2.51953125,-0.751953125
197.1,-2.529296875,-0.751953125
197.4,-2.5146484375,-0.7470703125
197.7,-2.5146484375,-0.7177734375
198.0,-2.509765625,-0.7080078125
198.3,-2.5244140625,-0.712890625
198.6,-2.5048828125,-0.6884765625
198.9,-2.5,-0.7177734375
199.2,-2.51953125,-0.7275390625
199.5,-2.5244140625,-0.712890625
199.8,-2.5048828125,-0.7470703125
200.1,-2.5146484375,-0.7763671875
200.4,-2.5146484375,-0.7861328125
200.7,-2.5146484375,-0.7958984375
201.0,-2.5048828125,-0.771484375
201.3,-2.51953125,-0.76171875
201.6,-2.5146484375,-0.7568359375
201.9,-2.5244140625,-0.76171875
202.2,-2.509765625,-0.7568359375
202.5,-2.51953125,-0.76171875
202.8,-2.5244140625,-0.7470703125
203.1,-2.5146484375,-0.751953125
203.4,-2.51953125,-0.78125
203.7,-2.529296875,-0.7568359375
204.0,-2.529296875,-0.76171875
204.3,-2.5146484375,-0.7373046875
204.6,-2.5146484375,-0.7421875
204.9,-2.509765625,-0.7373046875
205.2,-2.5244140625,-0.7177734375
205.5,-2.529296875,-0.7080078125
205.8,-2.5244140625,-0.6884765625
206.1,-2.509765625,-0.673828125
206.4,-2.509765625,-0.6689453125
206.7,-2.509765625,-0.654296875
207.0,-2.51953125,-0.634765625
207.3,-2.5146484375,-0.6640625
207.6,-2.51953125,-0.64453125
207.9,-2.51953125,-0.6396484375
208.2,-2.529296875,-0.6396484375
208.5,-2.5244140625,-0.654296875
208.8,-2.5146484375,-0.6591796875
209.1,-2.5244140625,-0.6396484375
209.4,-2.5244140625,-0.634765625
209.7,-2.5146484375,-0.615234375
210.0,-2.529296875,-0.6201171875
210.3,-2.5244140625,-0.6201171875
210.6,-2.5048828125,-0.595703125
210.9,-2.529296875,-0.60546875
211.2,-2.5244140625,-0.5712890625
211.5,-2.51953125,-0.576171875
211.8,-2.5244140625,-0.5859375
212.1,-2.5146484375,-0.576171875
212.4,-2.529296875,-0.576171875
212.7,-2.529296875,-0.595703125
213.0,-2.5244140625,-0.625
213.3,-2.529296875,-0.6396484375
213.6,-2.529296875,-0.64453125
213.9,-2.5341796875,-0.625
214.2,-2.529296875,-0.6201171875
214.5,-2.51953125,-0.6103515625
214.8,-2.5244140625,-0.6298828125
215.1,-2.51953125,-0.64453125
215.4,-2.529296875,-0.654296875
215.7,-2.5244140625,-0.6689453125
216.0,-2.529296875,-0.6884765625
216.3,-2.5244140625,-0.6640625
216.6,-2.529296875,-0.6591796875
216.9,-2.5244140625,-0.6787109375
217.2,-2.5244140625,-0.6982421875
217.5,-2.529296875,-0.6982421875
217.8,-2.5439453125,-0.712890625
218.1,-2.5244140625,-0.7080078125
218.4,-2.5390625,-0.712890625
218.7,-2.5341796875,-0.712890625
219.0,-2.5439453125,-0.712890625
219.3,-2.5341796875,-0.6982421875
219.6,-2.5341796875,-0.7080078125
219.9,-2.5390625,-0.693359375
220.2,-2.5244140625,-0.703125
220.5,-2.5390625,-0.7177734375
220.8,-2.5390625,-0.7177734375
221.1,-2.5390625,-0.712890625
221.4,-2.5390625,-0.7080078125
221.7,-2.529296875,-0.6640625
222.0,-2.5439453125,-0.68359375
222.3,-2.5341796875,-0.68359375
222.6,-2.5341796875,-0.7373046875
222.9,-2.5439453125,-0.751953125
223.2,-2.5341796875,-0.7275390625
223.5,-2.5439453125,-0.7275390625
223.8,-2.5341796875,-0.7275390625
224.1,-2.5390625,-0.72265625
224.4,-2.5439453125,-0.7373046875
224.7,-2.5439453125,-0.751953125
225.0,-2.5390625,-0.76171875
225.3,-2.529296875,-0.7763671875
225.6,-2.5390625,-0.76171875
225.9,-2.5390625,-0.76171875
226.2,-2.5439453125,-0.76171875
226.5,-2.5439453125,-0.7470703125
226.8,-2.529296875,-0.7470703125
227.1,-2.5390625,-0.7421875
227.4,-2.5439453125,-0.712890625
227.7,-2.5439453125,-0.6884765625
228.0,-2.5390625,-0.6689453125
228.3,-2.548828125,-0.6689453125
228.6,-2.5439453125,-0.6689453125
228.9,-2.5390625,-0.6640625
229.2,-2.5390625,-0.654296875
229.5,-2.529296875,-0.64453125
229.8,-2.5439453125,-0.6591796875
230.1,-2.5341796875,-0.673828125
230.4,-2.548828125,-0.6689453125
230.7,-2.548828125,-0.6787109375
231.0,-2.5439453125,-0.6640625
231.3,-2.5439453125,-0.6298828125
231.6,-2.548828125,-0.6201171875
231.9,-2.5390625,-0.6201171875
232.2,-2.5439453125,-0.6298828125
232.5,-2.548828125,-0.6298828125
232.8,-2.548828125,-0.6591796875
233.1,-2.5439453125,-0.64453125
233.4,-2.5439453125,-0.6396484375
233.7,-2.548828125,-0.6591796875
234.0,-2.5439453125,-0.6591796875
234.3,-2.5537109375,-0.6787109375
234.6,-2.5390625,-0.654296875
234.9,-2.55859375,-0.6640625
235.2,-2.5390625,-0.6787109375
235.5,-2.548828125,-0.6787109375
235.8,-2.5390625,-0.68359375
236.1,-2.5537109375,-0.6787109375
236.4,-2.5537109375,-0.703125
236.7,-2.5537109375,-0.703125
237.0,-2.548828125,-0.703125
237.3,-2.5439453125,-0.7080078125
237.6,-2.568359375,-0.7080078125
237.9,-2.5537109375,-0.7080078125
238.2,-2.548828125,-0.732421875
238.5,-2.548828125,-0.7080078125
238.8,-2.548828125,-0.693359375
239.1,-2.548828125,-0.712890625
239.4,-2.5537109375,-0.7177734375
239.7,-2.548828125,-0.7275390625
240.0,-2.5537109375,-0.703125
240.3,-2.5537109375,-0.7275390625
240.6,-2.55859375,-0.6982421875
240.9,-2.5537109375,-0.6640625
241.2,-2.5537109375,-0.654296875
241.5,-2.548828125,-0.6494140625
241.8,-2.5634765625,-0.6396484375
242.1,-2.5634765625,-0.6298828125
242.4,-2.55859375,-0.634765625
242.7,-2.55859375,-0.6298828125
243.0,-2.548828125,-0.6298828125
243.3,-2.5634765625,-0.634765625
243.6,-2.55859375,-0.6298828125
243.9,-2.568359375,-0.6201171875
244.2,-2.55859375,-0.634765625
244.5,-2.55859375,-0.654296875
244.8,-2.5634765625,-0.6689453125
245.1,-2.55859375,-0.654296875
245.4,-2.548828125,-0.64453125
245.7,-2.568359375,-0.64453125
246.0,-2.5634765625,-0.6201171875
246.3,-2.5634765625,-0.615234375
246.6,-2.5537109375,-0.634765625
246.9,-2.5634765625,-0.6201171875
247.2,-2.55859375,-0.6591796875
247.5,-2.5732421875,-0.6494140625
247.8,-2.5537109375,-0.654296875
248.1,-2.5634765625,-0.625
248.4,-2.5732421875,-0.634765625
248.7,-2.568359375,-0.60546875
249.0,-2.578125,-0.6103515625
249.3,-2.548828125,-0.6494140625
249.6,-2.55859375,-0.6884765625
249.9,-2.5537109375,-0.693359375
250.2,-2.568359375,-0.7177734375
250.5,-2.568359375,-0.7080078125
250.8,-2.55859375,-0.72265625
251.1,-2.568359375,-0.6787109375
251.4,-2.568359375,-0.673828125
251.7,-2.568359375,-0.68359375
252.0,-2.5732421875,-0.673828125
252.3,-2.5732421875,-0.6884765625
252.6,-2.568359375,-0.7177734375
252.9,-2.5732421875,-0.7275390625
253.2,-2.568359375,-0.712890625
253.5,-2.5634765625,-0.7275390625
253.8,-2.5634765625,-0.72265625
254.1,-2.5634765625,-0.693359375
254.4,-2.5732421875,-0.68359375
254.7,-2.5634765625,-0.6591796875
255.0,-2.5634765625,-0.6689453125
255.3,-2.568359375,-0.6787109375
255.6,-2.578125,-0.673828125
255.9,-2.5830078125,-0.6787109375
256.2,-2.5634765625,-0.6982421875
256.5,-2.5537109375,-0.6982421875
256.8,-2.5732421875,-0.6884765625
257.1,-2.568359375,-0.693359375
257.4,-2.5732421875,-0.6787109375
257.7,-2.578125,-0.6640625
258.0,-2.578125,-0.6640625
258.3,-2.587890625,-0.6787109375
258.6,-2.5732421875,-0.693359375
258.9,-2.5732421875,-0.6884765625
259.2,-2.5634765625,-0.6884765625
259.5,-2.578125,-0.68359375
259.8,-2.5732421875,-0.712890625
260.1,-2.5732421875,-0.712890625
260.4,-2.5634765625,-0.703125
260.7,-2.578125,-0.7080078125
261.0,-2.578125,-0.7275390625
261.3,-2.578125,-0.7177734375
261.6,-2.5634765625,-0.72265625
261.9,-2.578125,-0.7177734375
262.2,-2.587890625,-0.7373046875
262.5,-2.578125,-0.712890625
262.8,-2.5634765625,-0.693359375
263.1,-2.5830078125,-0.7080078125
263.4,-2.578125,-0.732421875
263.7,-2.5830078125,-0.7080078125
264.0,-2.5537109375,-0.72265625
264.3,-2.587890625,-0.703125
264.6,-2.578125,-0.7177734375
264.9,-2.5830078125,-0.6884765625
265.2,-2.5732421875,-0.6689453125
265.5,-2.5830078125,-0.6640625
265.8,-2.578125,-0.6396484375
266.1,-2.6025390625,-0.634765625
266.4,-2.578125,-0.625
266.7,-2.5927734375,-0.6884765625
267.0,-2.5732421875,-0.6787109375
267.3,-2.578125,-0.703125
267.6,-2.5830078125,-0.7421875
267.9,-2.587890625,-0.7568359375
268.2,-2.5830078125,-0.732421875
268.5,-2.587890625,-0.712890625
268.8,-2.5830078125,-0.7080078125
269.1,-2.5830078125,-0.7470703125
269.4,-2.578125,-0.7421875
269.7,-2.587890625,-0.78125
270.0,-2.5927734375,-0.7763671875
270.3,-2.5830078125,-0.771484375
270.6,-2.5732421875,-0.7958984375
270.9,-2.5830078125,-0.791015625
271.2,-2.607421875,-0.7763671875
271.5,-2.587890625,-0.78125
271.8,-2.5830078125,-0.78125
272.1,-2.5830078125,-0.7958984375
272.4,-2.5732421875,-0.810546875
272.7,-2.5927734375,-0.83984375
273.0,-2.587890625,-0.810546875
273.3,-2.578125,-0.83984375
273.6,-2.578125,-0.8154296875
273.9,-2.59765625,-0.8203125
274.2,-2.6025390625,-0.80078125
274.5,-2.587890625,-0.791015625
274.8,-2.578125,-0.7568359375
275.1,-2.587890625,-0.7666015625
275.4,-2.578125,-0.7763671875
275.7,-2.5927734375,-0.7763671875
276.0,-2.587890625,-0.7470703125
276.3,-2.6025390625,-0.7666015625
276.6,-2.607421875,-0.7568359375
276.9,-2.6025390625,-0.771484375
277.2,-2.59765625,-0.78125
277.5,-2.59765625,-0.771484375
277.8,-2.5927734375,-0.7763671875
278.1,-2.587890625,-0.791015625
278.4,-2.6025390625,-0.751953125
278.7,-2.59765625,-0.7470703125
279.0,-2.587890625,-0.7373046875
279.3,-2.5927734375,-0.7177734375
279.6,-2.59765625,-0.7470703125
279.9,-2.6025390625,-0.7421875
280.2,-2.5927734375,-0.7666015625
280.5,-2.587890625,-0.7470703125
280.8,-2.59765625,-0.7421875
281.1,-2.59765625,-0.732421875
281.4,-2.6025390625,-0.7080078125
281.7,-2.59765625,-0.72265625
282.0,-2.59765625,-0.6982421875
282.3,-2.6025390625,-0.72265625
282.6,-2.6025390625,-0.703125
282.9,-2.587890625,-0.712890625
283.2,-2.59765625,-0.732421875
283.5,-2.59765625,-0.693359375
283.8,-2.59765625,-0.693359375
284.1,-2.587890625,-0.703125
284.4,-2.6025390625,-0.6982421875
284.7,-2.607421875,-0.703125
285.0,-2.6025390625,-0.712890625
285.3,-2.6025390625,-0.6982421875
285.6,-2.607421875,-0.7080078125
285.9,-2.6123046875,-0.72265625
286.2,-2.6025390625,-0.72265625
286.5,-2.5927734375,-0.7177734375
286.8,-2.59765625,-0.751953125
287.1,-2.6123046875,-0.751953125
287.4,-2.607421875,-0.7470703125
287.7,-2.59765625,-0.7080078125
288.0,-2.5830078125,-0.6982421875
288.3,-2.6123046875,-0.6982421875
288.6,-2.607421875,-0.7080078125
288.9,-2.607421875,-0.6787109375
289.2,-2.59765625,-0.6884765625
289.5,-2.6025390625,-0.6982421875
289.8,-2.6171875,-0.7177734375
290.1,-2.607421875,-0.7275390625
290.4,-2.59765625,-0.7177734375
290.7,-2.607421875,-0.7080078125
291.0,-2.6123046875,-0.6982421875
291.3,-2.607421875,-0.712890625
291.6,-2.5830078125,-0.72265625
291.9,-2.6025390625,-0.6982421875
292.2,-2.607421875,-0.6787109375
292.5,-2.6123046875,-0.6494140625
292.8,-2.6025390625,-0.6982421875
293.1,-2.6123046875,-0.6884765625
293.4,-2.607421875,-0.7080078125
293.7,-2.5927734375,-0.7080078125
294.0,-2.6220703125,-0.6982421875
294.3,-2.6123046875,-0.6787109375
294.6,-2.6171875,-0.6982421875
294.9,-2.6171875,-0.6982421875
295.2,-2.6123046875,-0.6640625
295.5,-2.607421875,-0.6787109375
295.8,-2.6171875,-0.6787109375
296.1,-2.6123046875,-0.6787109375
296.4,-2.6025390625,-0.6591796875
296.7,-2.607421875,-0.6884765625
297.0,-2.6123046875,-0.68359375
297.3,-2.6171875,-0.68359375
297.6,-2.6171875,-0.6591796875
297.9,-2.6123046875,-0.6640625
298.2,-2.6025390625,-0.6494140625
298.5,-2.6171875,-0.6103515625
298.8,-2.626953125,-0.595703125
299.1,-2.6220703125,-0.5908203125
299.4,-2.6171875,-0.6005859375
299.7,-2.6220703125,-0.595703125
300.0,-2.6171875,-0.576171875
300.3,-2.6220703125,-0.5859375
300.6,-2.6318359375,-0.5810546875
300.9,-2.6220703125,-0.5615234375
301.2,-2.6171875,-0.5517578125
301.5,-2.6171875,-0.5126953125
301.8,-2.607421875,-0.5126953125
302.1,-2.6171875,-0.52734375
302.4,-2.6220703125,-0.517578125
302.7,-2.6220703125,-0.5322265625
303.0,-2.6220703125,-0.5517578125
303.3,-2.6220703125,-0.5615234375
303.6,-2.6171875,-0.5908203125
303.9,-2.646484375,-0.5859375
304.2,-2.626953125,-0.5908203125
304.5,-2.6171875,-0.5712890625
304.8,-2.607421875,-0.5908203125
305.1,-2.6171875,-0.6103515625
305.4,-2.63671875,-0.6005859375
305.7,-2.6220703125,-0.625
306.0,-2.626953125,-0.5810546875
306.3,-2.6171875,-0.556640625
306.6,-2.646484375,-0.556640625
306.9,-2.626953125,-0.5615234375
307.2,-2.6171875,-0.556640625
307.5,-2.626953125,-0.5712890625
307.8,-2.6123046875,-0.546875
308.1,-2.626953125,-0.556640625
308.4,-2.6318359375,-0.5615234375
308.7,-2.6220703125,-0.5419921875
309.0,-2.6220703125,-0.5419921875
309.3,-2.6318359375,-0.537109375
309.6,-2.6318359375,-0.5029296875
309.9,-2.6220703125,-0.517578125
310.2,-2.6220703125,-0.5224609375
310.5,-2.6318359375,-0.52734375
310.8,-2.6220703125,-0.546875
311.1,-2.6416015625,-0.5712890625
311.4,-2.6318359375,-0.5712890625
311.7,-2.6171875,-0.56640625
312.0,-2.607421875,-0.5517578125
312.3,-2.63671875,-0.546875
312.6,-2.6318359375,-0.537109375
312.9,-2.6171875,-0.576171875
313.2,-2.6220703125,-0.556640625
313.5,-2.6318359375,-0.478515625
313.8,-2.6171875,-0.498046875
314.1,-2.6416015625,-0.4833984375
314.4,-2.63671875,-0.5029296875
314.7,-2.6416015625,-0.4736328125
315.0,-2.6318359375,-0.4638671875
315.3,-2.626953125,-0.4736328125
315.6,-2.6318359375,-0.498046875
315.9,-2.6513671875,-0.4736328125
316.2,-2.6318359375,-0.4833984375
316.5,-2.626953125,-0.5224609375
316.8,-2.6318359375,-0.5126953125
317.1,-2.63671875,-0.52734375
317.4,-2.63671875,-0.556640625
317.7,-2.6318359375,-0.5517578125
318.0,-2.626953125,-0.576171875
318.3,-2.63671875,-0.5859375
318.6,-2.6318359375,-0.595703125
318.9,-2.63671875,-0.5908203125
319.2,-2.63671875,-0.6201171875
319.5,-2.63671875,-0.625
319.8,-2.63671875,-0.625
320.1,-2.6611328125,-0.6103515625
320.4,-2.63671875,-0.6201171875
320.7,-2.6416015625,-0.6103515625
321.0,-2.6318359375,-0.6201171875
321.3,-2.6416015625,-0.595703125
321.6,-2.6416015625,-0.5908203125
321.9,-2.63671875,-0.576171875
322.2,-2.6220703125,-0.576171875
322.5,-2.6416015625,-0.56640625
322.8,-2.6416015625,-0.5615234375
323.1,-2.6416015625,-0.5712890625
323.4,-2.6318359375,-0.56640625
323.7,-2.646484375,-0.5615234375
324.0,-2.6513671875,-0.556640625
324.3,-2.63671875,-0.595703125
324.6,-2.63671875,-0.6103515625
324.9,-2.6416015625,-0.6201171875
325.2,-2.63671875,-0.625
325.5,-2.6416015625,-0.6396484375
325.8,-2.6513671875,-0.6103515625
326.1,-2.646484375,-0.634765625
326.4,-2.6416015625,-0.6591796875
326.7,-2.626953125,-0.6640625
327.0,-2.626953125,-0.693359375
327.3,-2.6416015625,-0.6787109375
327.6,-2.646484375,-0.654296875
327.9,-2.6513671875,-0.6640625
328.2,-2.6416015625,-0.654296875
328.5,-2.63671875,-0.64453125
328.8,-2.6513671875,-0.654296875
329.1,-2.6611328125,-0.6396484375
329.4,-2.646484375,-0.673828125
329.7,-2.6416015625,-0.6640625
330.0,-2.6513671875,-0.6689453125
330.3,-2.6513671875,-0.673828125
330.6,-2.6611328125,-0.68359375
330.9,-2.646484375,-0.693359375
331.2,-2.646484375,-0.673828125
331.5,-2.6513671875,-0.673828125
331.8,-2.6513671875,-0.6494140625
332.1,-2.65625,-0.6591796875
332.4,-2.646484375,-0.6884765625
332.7,-2.6513671875,-0.6884765625
333.0,-2.6416015625,-0.68359375
333.3,-2.646484375,-0.6982421875
333.6,-2.6611328125,-0.712890625
333.9,-2.6611328125,-0.7421875
334.2,-2.646484375,-0.7421875
334.5,-2.646484375,-0.7666015625
334.8,-2.65625,-0.76171875
335.1,-2.666015625,-0.76171875
335.4,-2.6513671875,-0.7568359375
335.7,-2.6513671875,-0.7763671875
336.0,-2.6416015625,-0.7861328125
336.3,-2.65625,-0.7666015625
336.6,-2.6611328125,-0.7666015625
336.9,-2.6416015625,-0.732421875
337.2,-2.6513671875,-0.732421875
337.5,-2.6513671875,-0.7275390625
337.8,-2.65625,-0.703125
338.1,-2.65625,-0.712890625
338.4,-2.646484375,-0.703125
338.7,-2.6513671875,-0.6982421875
339.0,-2.6611328125,-0.712890625
339.3,-2.6611328125,-0.703125
339.6,-2.65625,-0.7177734375
339.9,-2.6611328125,-0.7275390625
340.2,-2.6513671875,-0.72265625
340.5,-2.666015625,-0.703125
340.8,-2.666015625,-0.72265625
341.1,-2.6513671875,-0.72265625
341.4,-2.666015625,-0.693359375
341.7,-2.666015625,-0.6982421875
342.0,-2.6611328125,-0.703125
342.3,-2.646484375,-0.6982421875
342.6,-2.65625,-0.6982421875
342.9,-2.6611328125,-0.654296875
343.2,-2.65625,-0.6591796875
343.5,-2.65625,-0.654296875
343.8,-2.6708984375,-0.6591796875
344.1,-2.6708984375,-0.6494140625
344.4,-2.6611328125,-0.6689453125
344.7,-2.67578125,-0.673828125
345.0,-2.6611328125,-0.6982421875
345.3,-2.666015625,-0.6884765625
345.6,-2.6708984375,-0.6689453125
345.9,-2.666015625,-0.712890625
346.2,-2.65625,-0.7373046875
346.5,-2.666015625,-0.7470703125
346.8,-2.666015625,-0.751953125
347.1,-2.666015625,-0.7373046875
347.4,-2.666015625,-0.76171875
347.7,-2.666015625,-0.751953125
348.0,-2.6611328125,-0.7958984375
348.3,-2.666015625,-0.76171875
348.6,-2.67578125,-0.7470703125
348.9,-2.65625,-0.76171875
349.2,-2.6806640625,-0.751953125
349.5,-2.666015625,-0.7177734375
349.8,-2.6513671875,-0.712890625
350.1,-2.6513671875,-0.7080078125
350.4,-2.65625,-0.7080078125
350.7,-2.666015625,-0.703125
351.0,-2.685546875,-0.6982421875
351.3,-2.6708984375,-0.693359375
351.6,-2.6611328125,-0.703125
351.9,-2.67578125,-0.7177734375
352.2,-2.65625,-0.712890625
352.5,-2.6708984375,-0.7080078125
352.8,-2.67578125,-0.72265625
353.1,-2.67578125,-0.72265625
353.4,-2.666015625,-0.7080078125
353.7,-2.666015625,-0.7470703125
354.0,-2.685546875,-0.751953125
354.3,-2.6806640625,-0.7470703125
354.6,-2.685546875,-0.7373046875
354.9,-2.6806640625,-0.712890625
355.2,-2.6708984375,-0.703125
355.5,-2.6806640625,-0.693359375
355.8,-2.6806640625,-0.693359375
356.1,-2.6611328125,-0.6689453125
356.4,-2.6708984375,-0.6787109375
356.7,-2.6806640625,-0.654296875
357.0,-2.6904296875,-0.673828125
357.3,-2.685546875,-0.634765625
357.6,-2.6708984375,-0.6494140625
357.9,-2.67578125,-0.654296875
358.2,-2.67578125,-0.673828125
358.5,-2.666015625,-0.68359375
358.8,-2.6806640625,-0.6689453125
359.1,-2.6806640625,-0.6689453125
359.4,-2.67578125,-0.6201171875
359.7,-2.67578125,-0.615234375
360.0,-2.67578125,-0.6201171875
360.3,-2.67578125,-0.634765625
360.6,-2.666015625,-0.654296875
360.9,-2.6806640625,-0.6494140625
361.2,-2.666015625,-0.693359375
361.5,-2.6806640625,-0.703125
361.8,-2.6806640625,-0.72265625
362.1,-2.685546875,-0.72265625
362.4,-2.67578125,-0.7080078125
362.7,-2.6708984375,-0.7177734375
363.0,-2.67578125,-0.7177734375
363.3,-2.6904296875,-0.7470703125
363.6,-2.685546875,-0.751953125
363.9,-2.67578125,-0.7275390625
364.2,-2.685546875,-0.7177734375
364.5,-2.67578125,-0.7373046875
364.8,-2.6904296875,-0.7568359375
365.1,-2.6806640625,-0.7568359375
365.4,-2.6806640625,-0.751953125
365.7,-2.685546875,-0.751953125
366.0,-2.685546875,-0.751953125
366.3,-2.6953125,-0.76171875
366.6,-2.666015625,-0.78125
366.9,-2.6904296875,-0.7861328125
367.2,-2.685546875,-0.7666015625
367.5,-2.6953125,-0.7666015625
367.8,-2.6904296875,-0.751953125
368.1,-2.685546875,-0.732421875
368.4,-2.685546875,-0.712890625
368.7,-2.705078125,-0.7177734375
369.0,-2.685546875,-0.7177734375
369.3,-2.685546875,-0.7177734375
369.6,-2.6904296875,-0.703125
369.9,-2.705078125,-0.693359375
370.2,-2.6953125,-0.712890625
370.5,-2.6904296875,-0.693359375
370.8,-2.6806640625,-0.693359375
371.1,-2.6904296875,-0.6689453125
371.4,-2.705078125,-0.6787109375
371.7,-2.6953125,-0.693359375
372.0,-2.685546875,-0.7275390625
372.3,-2.6953125,-0.703125
372.6,-2.6953125,-0.703125
372.9,-2.6953125,-0.72265625
373.2,-2.685546875,-0.7080078125
373.5,-2.6953125,-0.703125
373.8,-2.6904296875,-0.72265625
374.1,-2.685546875,-0.7080078125
374.4,-2.7001953125,-0.7177734375
374.7,-2.6953125,-0.7080078125
375.0,-2.7001953125,-0.72265625
375.3,-2.7001953125,-0.7470703125
375.6,-2.6806640625,-0.732421875
375.9,-2.6953125,-0.7275390625
376.2,-2.6953125,-0.7177734375
376.5,-2.6953125,-0.72265625
376.8,-2.6953125,-0.7275390625
377.1,-2.7001953125,-0.7177734375
377.4,-2.7001953125,-0.7177734375
377.7,-2.7001953125,-0.693359375
378.0,-2.6953125,-0.6689453125
378.3,-2.6904296875,-0.6982421875
378.6,-2.6953125,-0.6884765625
378.9,-2.7001953125,-0.6591796875
379.2,-2.6953125,-0.712890625
379.5,-2.6904296875,-0.703125
379.8,-2.6953125,-0.7080078125
380.1,-2.7001953125,-0.673828125
380.4,-2.7001953125,-0.6787109375
380.7,-2.6904296875,-0.625
381.0,-2.6904296875,-0.64453125
381.3,-2.7001953125,-0.6494140625
381.6,-2.705078125,-0.6298828125
381.9,-2.7001953125,-0.634765625
382.2,-2.6953125,-0.6298828125
382.5,-2.685546875,-0.625
382.8,-2.705078125,-0.6103515625
383.1,-2.705078125,-0.5908203125
383.4,-2.705078125,-0.595703125
383.7,-2.6806640625,-0.5810546875
384.0,-2.7001953125,-0.6103515625
384.3,-2.7001953125,-0.6396484375
384.6,-2.705078125,-0.595703125
384.9,-2.7001953125,-0.5908203125
385.2,-2.7001953125,-0.6201171875
385.5,-2.7001953125,-0.595703125
385.8,-2.7197265625,-0.64453125
386.1,-2.7001953125,-0.6396484375
386.4,-2.6953125,-0.6396484375
386.7,-2.7001953125,-0.64453125
387.0,-2.7099609375,-0.625
387.3,-2.7099609375,-0.625
387.6,-2.7001953125,-0.634765625
387.9,-2.7099609375,-0.634765625
388.2,-2.705078125,-0.625
388.5,-2.724609375,-0.6494140625
388.8,-2.705078125,-0.654296875
389.1,-2.705078125,-0.6494140625
389.4,-2.7099609375,-0.634765625
389.7,-2.724609375,-0.6298828125
390.0,-2.724609375,-0.6396484375
390.3,-2.7001953125,-0.6689453125
390.6,-2.7099609375,-0.68359375
390.9,-2.7001953125,-0.6884765625
391.2,-2.71484375,-0.6689453125
391.5,-2.71484375,-0.6787109375
391.8,-2.7099609375,-0.6689453125
392.1,-2.71484375,-0.6591796875
392.4,-2.7197265625,-0.64453125
392.7,-2.7099609375,-0.6396484375
393.0,-2.71484375,-0.6640625
393.3,-2.7099609375,-0.6640625
393.6,-2.7197265625,-0.64453125
393.9,-2.71484375,-0.634765625
394.2,-2.7099609375,-0.625
394.5,-2.71484375,-0.6201171875
394.8,-2.7099609375,-0.6396484375
395.1,-2.7197265625,-0.634765625
395.4,-2.7099609375,-0.6396484375
395.7,-2.7099609375,-0.6494140625
396.0,-2.71484375,-0.693359375
396.3,-2.724609375,-0.712890625
396.6,-2.71484375,-0.6982421875
396.9,-2.7197265625,-0.703125
397.2,-2.71484375,-0.703125
397.5,-2.724609375,-0.732421875
397.8,-2.7294921875,-0.703125
398.1,-2.7294921875,-0.6982421875
398.4,-2.7099609375,-0.673828125
398.7,-2.724609375,-0.673828125
399.0,-2.7197265625,-0.6640625
399.3,-2.7099609375,-0.6689453125
399.6,-2.7099609375,-0.6640625
399.9,-2.71484375,-0.6787109375
400.2,-2.7197265625,-0.673828125
400.5,-2.7197265625,-0.6787109375
400.8,-2.7197265625,-0.6787109375
401.1,-2.71484375,-0.68359375
401.4,-2.724609375,-0.6689453125
401.7,-2.724609375,-0.6787109375
402.0,-2.7197265625,-0.6982421875
402.3,-2.71484375,-0.693359375
402.6,-2.7294921875,-0.6982421875
402.9,-2.724609375,-0.7080078125
403.2,-2.734375,-0.7275390625
403.5,-2.7294921875,-0.7080078125
403.8,-2.7294921875,-0.6640625
404.1,-2.724609375,-0.6640625
404.4,-2.724609375,-0.6494140625
404.7,-2.7294921875,-0.634765625
405.0,-2.724609375,-0.6201171875
405.3,-2.734375,-0.6005859375
405.6,-2.724609375,-0.595703125
405.9,-2.7197265625,-0.625
406.2,-2.7197265625,-0.595703125
406.5,-2.734375,-0.5908203125
406.8,-2.7099609375,-0.5908203125
407.1,-2.71484375,-0.5859375
407.4,-2.7294921875,-0.6201171875
407.7,-2.7197265625,-0.634765625
408.0,-2.724609375,-0.64453125
408.3,-2.7294921875,-0.64453125
408.6,-2.7197265625,-0.6005859375
408.9,-2.734375,-0.595703125
409.2,-2.734375,-0.5859375
409.5,-2.7392578125,-0.5908203125
409.8,-2.7197265625,-0.60546875
410.1,-2.7294921875,-0.5810546875
410.4,-2.75390625,-0.5859375
410.7,-2.734375,-0.5810546875
411.0,-2.734375,-0.5908203125
411.3,-2.71484375,-0.595703125
411.6,-2.724609375,-0.60546875
411.9,-2.7294921875,-0.6005859375
412.2,-2.7392578125,-0.5859375
412.5,-2.734375,-0.595703125
412.8,-2.744140625,-0.625
413.1,-2.744140625,-0.625
413.4,-2.724609375,-0.6298828125
413.7,-2.734375,-0.6103515625
414.0,-2.724609375,-0.6298828125
414.3,-2.744140625,-0.615234375
414.6,-2.724609375,-0.5810546875
414.9,-2.734375,-0.5908203125
415.2,-2.7294921875,-0.595703125
415.5,-2.734375,-0.5908203125
415.8,-2.75390625,-0.5908203125
416.1,-2.734375,-0.6298828125
416.4,-2.734375,-0.60546875
416.7,-2.7392578125,-0.60546875
417.0,-2.7392578125,-0.6494140625
417.3,-2.7392578125,-0.634765625
417.6,-2.744140625,-0.6298828125
417.9,-2.734375,-0.6396484375
418.2,-2.7392578125,-0.615234375
418.5,-2.7392578125,-0.6298828125
418.8,-2.744140625,-0.625
419.1,-2.744140625,-0.6298828125
419.4,-2.744140625,-0.60546875
419.7,-2.744140625,-0.5908203125
420.0,-2.75390625,-0.595703125
420.3,-2.744140625,-0.5908203125
420.6,-2.744140625,-0.5810546875
420.9,-2.7490234375,-0.576171875
421.2,-2.7392578125,-0.5615234375
421.5,-2.744140625,-0.5859375
421.8,-2.7490234375,-0.5615234375
422.1,-2.7294921875,-0.5712890625
422.4,-2.744140625,-0.5517578125
422.7,-2.75390625,-0.5322265625
423.0,-2.7392578125,-0.5517578125
423.3,-2.7392578125,-0.56640625
423.6,-2.734375,-0.537109375
423.9,-2.7490234375,-0.556640625
424.2,-2.7685546875,-0.5517578125
424.5,-2.75390625,-0.5517578125
424.8,-2.7392578125,-0.556640625
425.1,-2.7490234375,-0.5517578125
425.4,-2.7685546875,-0.5908203125
425.7,-2.7490234375,-0.576171875
426.0,-2.7392578125,-0.56640625
426.3,-2.7490234375,-0.576171875
426.6,-2.7392578125,-0.5810546875
426.9,-2.7490234375,-0.5908203125
427.2,-2.7490234375,-0.576171875
427.5,-2.7490234375,-0.576171875
427.8,-2.744140625,-0.5615234375
428.1,-2.7587890625,-0.5322265625
428.4,-2.75390625,-0.5078125
428.7,-2.744140625,-0.52734375
429.0,-2.7490234375,-0.52734375
429.3,-2.75390625,-0.5322265625
429.6,-2.7490234375,-0.556640625
429.9,-2.75390625,-0.576171875
430.2,-2.763671875,-0.5712890625
430.5,-2.7587890625,-0.5615234375
430.8,-2.7587890625,-0.576171875
431.1,-2.75390625,-0.537109375
431.4,-2.7490234375,-0.517578125
431.7,-2.75390625,-0.4931640625
432.0,-2.7587890625,-0.5029296875
432.3,-2.75390625,-0.4931640625
432.6,-2.7490234375,-0.48828125
432.9,-2.7294921875,-0.4833984375
433.2,-2.75390625,-0.4931640625
433.5,-2.7587890625,-0.5078125
433.8,-2.7490234375,-0.5029296875
434.1,-2.7490234375,-0.517578125
434.4,-2.7783203125,-0.5224609375
434.7,-2.75390625,-0.5078125
435.0,-2.763671875,-0.4736328125
435.3,-2.7490234375,-0.46875
435.6,-2.7587890625,-0.46875
435.9,-2.763671875,-0.4541015625
436.2,-2.7685546875,-0.4736328125
436.5,-2.7490234375,-0.5126953125
436.8,-2.7490234375,-0.5078125
437.1,-2.75390625,-0.5126953125
437.4,-2.7587890625,-0.4931640625
437.7,-2.7685546875,-0.5126953125
438.0,-2.7587890625,-0.5029296875
438.3,-2.763671875,-0.517578125
438.6,-2.7734375,-0.5029296875
438.9,-2.7587890625,-0.537109375
439.2,-2.7587890625,-0.5126953125
439.5,-2.7587890625,-0.5126953125
439.8,-2.7685546875,-0.498046875
440.1,-2.744140625,-0.5029296875
440.4,-2.7587890625,-0.5126953125
440.7,-2.75390625,-0.48828125
441.0,-2.7734375,-0.4931640625
441.3,-2.7685546875,-0.517578125
441.6,-2.7685546875,-0.5419921875
441.9,-2.763671875,-0.52734375
442.2,-2.7685546875,-0.5419921875
442.5,-2.7685546875,-0.5224609375
442.8,-2.7734375,-0.537109375
443.1,-2.763671875,-0.5419921875
443.4,-2.75390625,-0.5419921875
443.7,-2.7685546875,-0.5322265625
444.0,-2.763671875,-0.5224609375
444.3,-2.763671875,-0.5419921875
444.6,-2.7734375,-0.5615234375
444.9,-2.7587890625,-0.5908203125
445.2,-2.763671875,-0.6103515625
445.5,-2.7734375,-0.615234375
445.8,-2.7783203125,-0.6201171875
446.1,-2.7685546875,-0.6201171875
446.4,-2.7685546875,-0.615234375
446.7,-2.763671875,-0.60546875
447.0,-2.7685546875,-0.595703125
447.3,-2.7783203125,-0.5712890625
447.6,-2.763671875,-0.5322265625
447.9,-2.7685546875,-0.5419921875
448.2,-2.7783203125,-0.5615234375
448.5,-2.7685546875,-0.5712890625
448.8,-2.7783203125,-0.5810546875
449.1,-2.7734375,-0.5908203125
449.4,-2.7734375,-0.5712890625
449.7,-2.7783203125,-0.595703125
450.0,-2.7734375,-0.576171875
450.3,-2.7685546875,-0.576171875
450.6,-2.763671875,-0.576171875
450.9,-2.7783203125,-0.6005859375
451.2,-2.783203125,-0.6103515625
451.5,-2.7685546875,-0.634765625
451.8,-2.7734375,-0.625
452.1,-2.7685546875,-0.6396484375
452.4,-2.7734375,-0.6396484375
452.7,-2.7783203125,-0.634765625
453.0,-2.7783203125,-0.625
453.3,-2.7783203125,-0.615234375
453.6,-2.7734375,-0.595703125
453.9,-2.7734375,-0.6005859375
454.2,-2.7783203125,-0.5859375
454.5,-2.783203125,-0.595703125
454.8,-2.783203125,-0.5810546875
455.1,-2.783203125,-0.576171875
455.4,-2.7783203125,-0.56640625
455.7,-2.7783203125,-0.5712890625
456.0,-2.783203125,-0.576171875
456.3,-2.7783203125,-0.5712890625
456.6,-2.7880859375,-0.5908203125
456.9,-2.79296875,-0.56640625
457.2,-2.7783203125,-0.546875
457.5,-2.7734375,-0.5517578125
457.8,-2.7880859375,-0.576171875
458.1,-2.783203125,-0.5810546875
458.4,-2.763671875,-0.5517578125
458.7,-2.7880859375,-0.556640625
459.0,-2.7880859375,-0.5712890625
459.3,-2.79296875,-0.5810546875
459.6,-2.7880859375,-0.5810546875
459.9,-2.7734375,-0.576171875
460.2,-2.783203125,-0.56640625
460.5,-2.783203125,-0.5810546875
460.8,-2.7880859375,-0.5810546875
461.1,-2.7783203125,-0.5810546875
461.4,-2.783203125,-0.60546875
461.7,-2.783203125,-0.6005859375
462.0,-2.7978515625,-0.556640625
462.3,-2.783203125,-0.5810546875
462.6,-2.7783203125,-0.576171875
462.9,-2.7978515625,-0.556640625
463.2,-2.79296875,-0.576171875
463.5,-2.7978515625,-0.6103515625
463.8,-2.7880859375,-0.6298828125
464.1,-2.7880859375,-0.60546875
464.4,-2.783203125,-0.6494140625
464.7,-2.79296875,-0.634765625
465.0,-2.783203125,-0.6494140625
465.3,-2.7978515625,-0.634765625
465.6,-2.783203125,-0.654296875
465.9,-2.7880859375,-0.64453125
466.2,-2.7880859375,-0.6591796875
466.5,-2.79296875,-0.6298828125
466.8,-2.7880859375,-0.6103515625
467.1,-2.783203125,-0.634765625
467.4,-2.8076171875,-0.634765625
467.7,-2.79296875,-0.6005859375
468.0,-2.79296875,-0.5859375
468.3,-2.7978515625,-0.5859375
468.6,-2.7880859375,-0.5810546875
468.9,-2.8076171875,-0.615234375
469.2,-2.79296875,-0.6103515625
469.5,-2.783203125,-0.6103515625
469.8,-2.79296875,-0.615234375
470.1,-2.79296875,-0.6298828125
470.4,-2.7978515625,-0.64453125
470.7,-2.7783203125,-0.6396484375
471.0,-2.79296875,-0.6298828125
471.3,-2.79296875,-0.6494140625
471.6,-2.7880859375,-0.6396484375
471.9,-2.802734375,-0.6494140625
472.2,-2.79296875,-0.6201171875
472.5,-2.7978515625,-0.625
472.8,-2.802734375,-0.6396484375
473.1,-2.783203125,-0.654296875
473.4,-2.8076171875,-0.654296875
473.7,-2.802734375,-0.6591796875
474.0,-2.802734375,-0.6640625
474.3,-2.7978515625,-0.72265625
474.6,-2.802734375,-0.7275390625
474.9,-2.802734375,-0.7080078125
475.2,-2.7978515625,-0.7080078125
475.5,-2.8125,-0.68359375
475.8,-2.7978515625,-0.6787109375
476.1,-2.7978515625,-0.68359375
476.4,-2.7978515625,-0.7080078125
476.7,-2.802734375,-0.703125
477.0,-2.8076171875,-0.712890625
477.3,-2.8076171875,-0.7080078125
477.6,-2.7978515625,-0.7080078125
477.9,-2.802734375,-0.712890625
478.2,-2.7978515625,-0.7177734375
478.5,-2.802734375,-0.703125
478.8,-2.8125,-0.7080078125
479.1,-2.802734375,-0.6982421875
479.4,-2.8173828125,-0.703125
479.7,-2.8173828125,-0.703125
480.0,-2.7978515625,-0.7080078125
480.3,-2.8076171875,-0.732421875
480.6,-2.7978515625,-0.7421875
480.9,-2.8076171875,-0.732421875
481.2,-2.802734375,-0.732421875
481.5,-2.8125,-0.751953125
481.8,-2.8125,-0.7470703125
482.1,-2.8125,-0.771484375
482.4,-2.8076171875,-0.771484375
482.7,-2.8125,-0.751953125
483.0,-2.8125,-0.751953125
483.3,-2.83203125,-0.76171875
483.6,-2.8173828125,-0.751953125
483.9,-2.802734375,-0.7421875
484.2,-2.8076171875,-0.7470703125
484.5,-2.8173828125,-0.7421875
484.8,-2.8173828125,-0.732421875
485.1,-2.802734375,-0.7373046875
485.4,-2.8173828125,-0.7275390625
485.7,-2.8125,-0.7373046875
486.0,-2.841796875,-0.7470703125
486.3,-2.8173828125,-0.7470703125
486.6,-2.8076171875,-0.751953125
486.9,-2.8125,-0.732421875
487.2,-2.8173828125,-0.7177734375
487.5,-2.8125,-0.72265625
487.8,-2.8125,-0.7177734375
488.1,-2.8173828125,-0.7470703125
488.4,-2.8125,-0.7421875
488.7,-2.8173828125,-0.7470703125
489.0,-2.802734375,-0.7568359375
489.3,-2.8076171875,-0.7421875
489.6,-2.8173828125,-0.7666015625
489.9,-2.822265625,-0.7666015625
490.2,-2.8173828125,-0.751953125
490.5,-2.822265625,-0.751953125
490.8,-2.8076171875,-0.7568359375
491.1,-2.8076171875,-0.732421875
491.4,-2.8125,-0.7421875
491.7,-2.802734375,-0.7177734375
492.0,-2.802734375,-0.7275390625
492.3,-2.8173828125,-0.7470703125
492.6,-2.8369140625,-0.7470703125
492.9,-2.8173828125,-0.7568359375
493.2,-2.7978515625,-0.771484375
493.5,-2.8076171875,-0.7861328125
493.8,-2.8125,-0.76171875
494.1,-2.8173828125,-0.76171875
494.4,-2.8125,-0.7470703125
494.7,-2.8173828125,-0.771484375
495.0,-2.822265625,-0.791015625
495.3,-2.822265625,-0.8251953125
495.6,-2.822265625,-0.791015625
495.9,-2.8125,-0.791015625
496.2,-2.8173828125,-0.791015625
496.5,-2.8271484375,-0.7275390625
496.8,-2.822265625,-0.68359375
497.1,-2.8173828125,-0.6787109375
497.4,-2.8173828125,-0.673828125
497.7,-2.8271484375,-0.6884765625
498.0,-2.8271484375,-0.693359375
498.3,-2.8271484375,-0.703125
498.6,-2.8173828125,-0.7177734375
498.9,-2.822265625,-0.7470703125
499.2,-2.83203125,-0.732421875
499.5,-2.8271484375,-0.76171875
499.8,-2.822265625,-0.72265625
500.1,-2.822265625,-0.7373046875
500.4,-2.822265625,-0.712890625
500.7,-2.8173828125,-0.712890625
501.0,-2.8271484375,-0.6982421875
501.3,-2.822265625,-0.6884765625
501.6,-2.8271484375,-0.693359375
501.9,-2.841796875,-0.6884765625
502.2,-2.83203125,-0.6689453125
502.5,-2.8271484375,-0.634765625
502.8,-2.8271484375,-0.625
503.1,-2.83203125,-0.615234375
503.4,-2.83203125,-0.60546875
503.7,-2.8369140625,-0.60546875
504.0,-2.822265625,-0.6201171875
504.3,-2.8369140625,-0.615234375
504.6,-2.83203125,-0.634765625
504.9,-2.8369140625,-0.654296875
505.2,-2.822265625,-0.6396484375
505.5,-2.8173828125,-0.634765625
505.8,-2.83203125,-0.6298828125
506.1,-2.83203125,-0.634765625
506.4,-2.8271484375,-0.64453125
506.7,-2.83203125,-0.654296875
507.0,-2.8369140625,-0.6591796875
507.3,-2.83203125,-0.6591796875
507.6,-2.8369140625,-0.654296875
507.9,-2.8369140625,-0.6396484375
508.2,-2.8369140625,-0.6640625
508.5,-2.8369140625,-0.673828125
508.8,-2.8369140625,-0.6982421875
509.1,-2.8466796875,-0.693359375
509.4,-2.8369140625,-0.68359375
509.7,-2.841796875,-0.693359375
510.0,-2.83203125,-0.6787109375
510.3,-2.8271484375,-0.7177734375
510.6,-2.83203125,-0.68359375
510.9,-2.83203125,-0.72265625
511.2,-2.8369140625,-0.712890625
511.5,-2.83203125,-0.7080078125
511.8,-2.83203125,-0.6689453125
512.1,-2.83203125,-0.6591796875
512.4,-2.841796875,-0.634765625
512.7,-2.8173828125,-0.6591796875
513.0,-2.841796875,-0.673828125
513.3,-2.8466796875,-0.68359375
513.6,-2.841796875,-0.6591796875
513.9,-2.841796875,-0.6591796875
514.2,-2.8271484375,-0.64453125
514.5,-2.841796875,-0.6396484375
514.8,-2.841796875,-0.634765625
515.1,-2.8466796875,-0.6201171875
515.4,-2.8369140625,-0.6201171875
515.7,-2.8369140625,-0.6396484375
516.0,-2.8271484375,-0.625
516.3,-2.841796875,-0.6396484375
516.6,-2.8369140625,-0.625
516.9,-2.8466796875,-0.60546875
517.2,-2.8466796875,-0.595703125
517.5,-2.8466796875,-0.625
517.8,-2.8369140625,-0.60546875
518.1,-2.8515625,-0.595703125
518.4,-2.8369140625,-0.6201171875
518.7,-2.8515625,-0.625
519.0,-2.8662109375,-0.6396484375
519.3,-2.841796875,-0.634765625
519.6,-2.841796875,-0.64453125
519.9,-2.8662109375,-0.6494140625
520.2,-2.8515625,-0.634765625
520.5,-2.8515625,-0.64453125
520.8,-2.8515625,-0.615234375
521.1,-2.8466796875,-0.634765625
521.4,-2.8271484375,-0.6494140625
521.7,-2.8515625,-0.654296875
522.0,-2.8515625,-0.6396484375
522.3,-2.8515625,-0.6396484375
522.6,-2.8515625,-0.6201171875
522.9,-2.8466796875,-0.6103515625
523.2,-2.8515625,-0.6103515625
523.5,-2.8466796875,-0.595703125
523.8,-2.841796875,-0.5908203125
524.1,-2.8564453125,-0.595703125
524.4,-2.8466796875,-0.6005859375
524.7,-2.8466796875,-0.595703125
525.0,-2.8466796875,-0.595703125
525.3,-2.8564453125,-0.595703125
525.6,-2.8662109375,-0.60546875
525.9,-2.8564453125,-0.5908203125
526.2,-2.8515625,-0.60546875
526.5,-2.8466796875,-0.6298828125
526.8,-2.841796875,-0.5859375
527.1,-2.841796875,-0.595703125
527.4,-2.8564453125,-0.5615234375
527.7,-2.8466796875,-0.56640625
528.0,-2.8466796875,-0.5712890625
528.3,-2.8564453125,-0.5712890625
528.6,-2.8466796875,-0.5517578125
528.9,-2.8564453125,-0.537109375
529.2,-2.841796875,-0.517578125
529.5,-2.8662109375,-0.4931640625
529.8,-2.8515625,-0.48828125
530.1,-2.8564453125,-0.5029296875
530.4,-2.8564453125,-0.517578125
530.7,-2.8515625,-0.5078125
531.0,-2.8369140625,-0.5126953125
531.3,-2.8759765625,-0.5029296875
531.6,-2.8515625,-0.478515625
531.9,-2.861328125,-0.498046875
532.2,-2.8564453125,-0.517578125
532.5,-2.861328125,-0.5078125
532.8,-2.861328125,-0.498046875
533.1,-2.8515625,-0.5126953125
533.4,-2.8662109375,-0.478515625
533.7,-2.861328125,-0.478515625
534.0,-2.8564453125,-0.498046875
534.3,-2.861328125,-0.5126953125
534.6,-2.8662109375,-0.5224609375
534.9,-2.8662109375,-0.5517578125
535.2,-2.8515625,-0.5712890625
535.5,-2.8662109375,-0.556640625
535.8,-2.8662109375,-0.5615234375
536.1,-2.861328125,-0.5224609375
536.4,-2.861328125,-0.537109375
536.7,-2.861328125,-0.517578125
537.0,-2.8466796875,-0.556640625
537.3,-2.861328125,-0.546875
537.6,-2.8759765625,-0.5517578125
537.9,-2.87109375,-0.52734375
538.2,-2.8564453125,-0.5419921875
538.5,-2.861328125,-0.5078125
538.8,-2.8662109375,-0.52734375
539.1,-2.87109375,-0.5078125
539.4,-2.8564453125,-0.48828125
539.7,-2.8515625,-0.5029296875
540.0,-2.8759765625,-0.5322265625
540.3,-2.8662109375,-0.546875
540.6,-2.87109375,-0.556640625
540.9,-2.8759765625,-0.546875
541.2,-2.87109375,-0.5517578125
541.5,-2.861328125,-0.5126953125
541.8,-2.8662109375,-0.5322265625
542.1,-2.8662109375,-0.537109375
542.4,-2.861328125,-0.517578125
542.7,-2.880859375,-0.52734375
543.0,-2.8662109375,-0.5126953125
543.3,-2.861328125,-0.4931640625
543.6,-2.87109375,-0.4931640625
543.9,-2.8564453125,-0.478515625
544.2,-2.87109375,-0.4833984375
544.5,-2.87109375,-0.4931640625
544.8,-2.880859375,-0.478515625
545.1,-2.87109375,-0.458984375
545.4,-2.8662109375,-0.46875
545.7,-2.8857421875,-0.4833984375
546.0,-2.890625,-0.48828125
546.3,-2.87109375,-0.5126953125
546.6,-2.8662109375,-0.5029296875
546.9,-2.87109375,-0.5029296875
547.2,-2.87109375,-0.5078125
547.5,-2.880859375,-0.5029296875
547.8,-2.8759765625,-0.4833984375
548.1,-2.8662109375,-0.4736328125
548.4,-2.8857421875,-0.4736328125
548.7,-2.880859375,-0.4931640625
549.0,-2.880859375,-0.4833984375
549.3,-2.880859375,-0.4931640625
549.6,-2.861328125,-0.5126953125
549.9,-2.880859375,-0.48828125
550.2,-2.87109375,-0.5029296875
550.5,-2.880859375,-0.498046875
550.8,-2.8759765625,-0.4931640625
551.1,-2.87109375,-0.4931640625
551.4,-2.8857421875,-0.5078125
551.7,-2.880859375,-0.52734375
552.0,-2.8759765625,-0.556640625
552.3,-2.8662109375,-0.5712890625
552.6,-2.87109375,-0.6005859375
552.9,-2.87109375,-0.5712890625
553.2,-2.880859375,-0.5615234375
553.5,-2.8857421875,-0.5419921875
553.8,-2.880859375,-0.5615234375
554.1,-2.8857421875,-0.556640625
554.4,-2.8662109375,-0.546875
554.7,-2.880859375,-0.517578125
555.0,-2.880859375,-0.517578125
555.3,-2.880859375,-0.48828125
555.6,-2.8759765625,-0.4931640625
555.9,-2.87109375,-0.4833984375
556.2,-2.8857421875,-0.4833984375
556.5,-2.880859375,-0.5029296875
556.8,-2.8857421875,-0.5126953125
557.1,-2.87109375,-0.4833984375
557.4,-2.8857421875,-0.4736328125
557.7,-2.8857421875,-0.4638671875
558.0,-2.8857421875,-0.498046875
558.3,-2.880859375,-0.458984375
558.6,-2.8759765625,-0.46875
558.9,-2.890625,-0.439453125
559.2,-2.890625,-0.4248046875
559.5,-2.8857421875,-0.41015625
559.8,-2.890625,-0.439453125
560.1,-2.8759765625,-0.4248046875
560.4,-2.8857421875,-0.3955078125
560.7,-2.880859375,-0.400390625
561.0,-2.8955078125,-0.361328125
561.3,-2.8857421875,-0.3662109375
561.6,-2.8857421875,-0.3955078125
561.9,-2.8857421875,-0.390625
562.2,-2.890625,-0.3759765625
562.5,-2.8955078125,-0.390625
562.8,-2.8857421875,-0.3759765625
563.1,-2.890625,-0.4052734375
563.4,-2.890625,-0.4296875
563.7,-2.890625,-0.44921875
564.0,-2.8955078125,-0.41015625
564.3,-2.8955078125,-0.41015625
564.6,-2.890625,-0.3857421875
564.9,-2.890625,-0.4052734375
565.2,-2.890625,-0.400390625
565.5,-2.8955078125,-0.4052734375
565.8,-2.8759765625,-0.4248046875
566.1,-2.890625,-0.4296875
566.4,-2.8955078125,-0.3857421875
566.7,-2.8955078125,-0.4150390625
567.0,-2.890625,-0.4345703125
567.3,-2.8955078125,-0.4443359375
567.6,-2.900390625,-0.4296875
567.9,-2.8955078125,-0.4248046875
568.2,-2.8955078125,-0.4248046875
568.5,-2.890625,-0.3857421875
568.8,-2.8955078125,-0.4052734375
569.1,-2.8857421875,-0.419921875
569.4,-2.8955078125,-0.44921875
569.7,-2.8759765625,-0.46875
570.0,-2.900390625,-0.48828125
570.3,-2.900390625,-0.5078125
570.6,-2.8955078125,-0.5029296875
570.9,-2.8759765625,-0.48828125
571.2,-2.919921875,-0.4833984375
571.5,-2.890625,-0.4833984375
571.8,-2.9052734375,-0.46875
572.1,-2.890625,-0.4736328125
572.4,-2.9052734375,-0.5029296875
572.7,-2.880859375,-0.498046875
573.0,-2.91015625,-0.5224609375
573.3,-2.8955078125,-0.5224609375
573.6,-2.890625,-0.537109375
573.9,-2.9052734375,-0.52734375
574.2,-2.900390625,-0.5224609375
574.5,-2.8955078125,-0.5224609375
574.8,-2.890625,-0.5419921875
575.1,-2.890625,-0.537109375
575.4,-2.91015625,-0.546875
575.7,-2.8955078125,-0.546875
576.0,-2.9052734375,-0.5615234375
576.3,-2.900390625,-0.5517578125
576.6,-2.900390625,-0.537109375
576.9,-2.91015625,-0.5517578125
577.2,-2.900390625,-0.546875
577.5,-2.91015625,-0.5419921875
577.8,-2.900390625,-0.537109375
578.1,-2.9052734375,-0.546875
578.4,-2.9052734375,-0.5517578125
578.7,-2.900390625,-0.5712890625
579.0,-2.91015625,-0.5224609375
579.3,-2.8955078125,-0.5126953125
579.6,-2.9052734375,-0.5224609375
579.9,-2.9052734375,-0.498046875
580.2,-2.9150390625,-0.5126953125
580.5,-2.9052734375,-0.5078125
580.8,-2.9150390625,-0.48828125
581.1,-2.900390625,-0.478515625
581.4,-2.9052734375,-0.458984375
581.7,-2.91015625,-0.4736328125
582.0,-2.900390625,-0.4541015625
582.3,-2.9052734375,-0.4541015625
582.6,-2.9052734375,-0.48828125
582.9,-2.91015625,-0.4931640625
583.2,-2.9150390625,-0.5029296875
583.5,-2.9052734375,-0.5078125
583.8,-2.9052734375,-0.498046875
584.1,-2.9150390625,-0.48828125
584.4,-2.900390625,-0.4736328125
584.7,-2.91015625,-0.4638671875
585.0,-2.91015625,-0.4541015625
585.3,-2.919921875,-0.439453125
585.6,-2.9150390625,-0.4296875
585.9,-2.9052734375,-0.4443359375
586.2,-2.9150390625,-0.4443359375
586.5,-2.900390625,-0.4541015625
586.8,-2.91015625,-0.4736328125
587.1,-2.9150390625,-0.4541015625
587.4,-2.9052734375,-0.4296875
587.7,-2.9150390625,-0.439453125
588.0,-2.9150390625,-0.48828125
588.3,-2.9150390625,-0.498046875
588.6,-2.91015625,-0.498046875
588.9,-2.900390625,-0.5322265625
589.2,-2.9150390625,-0.5419921875
589.5,-2.9150390625,-0.5322265625
589.8,-2.91015625,-0.546875
590.1,-2.900390625,-0.5712890625
590.4,-2.919921875,-0.60546875
590.7,-2.919921875,-0.6005859375
591.0,-2.9150390625,-0.5908203125
591.3,-2.9248046875,-0.5810546875
591.6,-2.919921875,-0.6005859375
591.9,-2.9052734375,-0.5859375
592.2,-2.919921875,-0.5859375
592.5,-2.939453125,-0.5859375
592.8,-2.9248046875,-0.595703125
593.1,-2.9150390625,-0.60546875
593.4,-2.9248046875,-0.60546875
593.7,-2.9248046875,-0.6103515625
594.0,-2.919921875,-0.60546875
594.3,-2.919921875,-0.595703125
594.6,-2.9150390625,-0.5908203125
594.9,-2.919921875,-0.6103515625
595.2,-2.9248046875,-0.6005859375
595.5,-2.919921875,-0.5908203125
595.8,-2.919921875,-0.595703125
596.1,-2.9150390625,-0.60546875
596.4,-2.9248046875,-0.60546875
596.7,-2.9248046875,-0.6201171875
597.0,-2.919921875,-0.6103515625
597.3,-2.9296875,-0.6005859375
597.6,-2.9248046875,-0.615234375
597.9,-2.9150390625,-0.5908203125
598.2,-2.9150390625,-0.595703125
598.5,-2.91015625,-0.5908203125
598.8,-2.9248046875,-0.6005859375
599.1,-2.9296875,-0.615234375
599.4,-2.9248046875,-0.634765625
599.7,-2.919921875,-0.6396484375
600.0,-2.9248046875,-0.6494140625
600.3,-2.919921875,-0.654296875
600.6,-2.9248046875,-0.6396484375
600.9,-2.9345703125,-0.6396484375
601.2,-2.9296875,-0.654296875
601.5,-2.939453125,-0.6591796875
601.8,-2.9248046875,-0.6494140625
602.1,-2.919921875,-0.6591796875
602.4,-2.9296875,-0.6787109375
602.7,-2.939453125,-0.6689453125
603.0,-2.9248046875,-0.6591796875
603.3,-2.9296875,-0.6640625
603.6,-2.9345703125,-0.6494140625
603.9,-2.9296875,-0.6396484375
604.2,-2.9345703125,-0.64453125
604.5,-2.9248046875,-0.6396484375
604.8,-2.9248046875,-0.634765625
605.1,-2.939453125,-0.625
605.4,-2.9296875,-0.5859375
605.7,-2.9345703125,-0.6005859375
606.0,-2.9345703125,-0.576171875
606.3,-2.919921875,-0.595703125
606.6,-2.939453125,-0.576171875
606.9,-2.9296875,-0.556640625
607.2,-2.9345703125,-0.5224609375
607.5,-2.9443359375,-0.5126953125
607.8,-2.9345703125,-0.5029296875
608.1,-2.939453125,-0.52734375
608.4,-2.9248046875,-0.5712890625
608.7,-2.9248046875,-0.5615234375
609.0,-2.9296875,-0.546875
609.3,-2.9345703125,-0.52734375
609.6,-2.9296875,-0.5419921875
609.9,-2.939453125,-0.5712890625
610.2,-2.9443359375,-0.576171875
610.5,-2.9345703125,-0.5615234375
610.8,-2.9296875,-0.576171875
611.1,-2.9541015625,-0.5712890625
611.4,-2.9248046875,-0.56640625
611.7,-2.939453125,-0.5615234375
612.0,-2.9443359375,-0.5517578125
612.3,-2.939453125,-0.546875
612.6,-2.939453125,-0.546875
612.9,-2.9296875,-0.52734375
613.2,-2.9443359375,-0.546875
613.5,-2.9345703125,-0.5517578125
613.8,-2.9345703125,-0.5615234375
614.1,-2.9345703125,-0.56640625
614.4,-2.9345703125,-0.537109375
614.7,-2.939453125,-0.4931640625
615.0,-2.94921875,-0.48828125
615.3,-2.9443359375,-0.4638671875
615.6,-2.9443359375,-0.4541015625
615.9,-2.939453125,-0.458984375
616.2,-2.9345703125,-0.46875
616.5,-2.9443359375,-0.478515625
616.8,-2.9443359375,-0.4931640625
617.1,-2.9443359375,-0.478515625
617.4,-2.939453125,-0.458984375
617.7,-2.9248046875,-0.4736328125
618.0,-2.9541015625,-0.498046875
618.3,-2.9443359375,-0.48828125
618.6,-2.94921875,-0.4833984375
618.9,-2.939453125,-0.498046875
619.2,-2.94921875,-0.5078125
619.5,-2.9443359375,-0.5078125
619.8,-2.9541015625,-0.4736328125
620.1,-2.9443359375,-0.44921875
620.4,-2.94921875,-0.439453125
620.7,-2.9345703125,-0.419921875
621.0,-2.9443359375,-0.41015625
621.3,-2.94921875,-0.419921875
621.6,-2.939453125,-0.4345703125
621.9,-2.9443359375,-0.4638671875
622.2,-2.9638671875,-0.4638671875
622.5,-2.9443359375,-0.4736328125
622.8,-2.939453125,-0.478515625
623.1,-2.939453125,-0.48828125
623.4,-2.958984375,-0.478515625
623.7,-2.939453125,-0.4833984375
624.0,-2.9541015625,-0.4443359375
624.3,-2.958984375,-0.439453125
624.6,-2.9443359375,-0.4296875
624.9,-2.9541015625,-0.4296875
625.2,-2.9541015625,-0.419921875
625.5,-2.958984375,-0.4052734375
625.8,-2.9541015625,-0.400390625
626.1,-2.94921875,-0.3857421875
626.4,-2.9638671875,-0.380859375
626.7,-2.9541015625,-0.4052734375
627.0,-2.958984375,-0.4052734375
627.3,-2.9541015625,-0.41015625
627.6,-2.9541015625,-0.3955078125
627.9,-2.958984375,-0.400390625
628.2,-2.9541015625,-0.41015625
628.5,-2.958984375,-0.3955078125
628.8,-2.96875,-0.4052734375
629.1,-2.9541015625,-0.4052734375
629.4,-2.9541015625,-0.4248046875
629.7,-2.9638671875,-0.4248046875
630.0,-2.9541015625,-0.44921875
630.3,-2.94921875,-0.458984375
630.6,-2.94921875,-0.4443359375
630.9,-2.96875,-0.4150390625
631.2,-2.958984375,-0.400390625
631.5,-2.96875,-0.3955078125
631.8,-2.96875,-0.4052734375
632.1,-2.9541015625,-0.439453125
632.4,-2.958984375,-0.4296875
632.7,-2.9638671875,-0.4296875
633.0,-2.9443359375,-0.41015625
633.3,-2.958984375,-0.4052734375
633.6,-2.96875,-0.41015625
633.9,-2.9638671875,-0.4150390625
634.2,-2.958984375,-0.41015625
634.5,-2.958984375,-0.41015625
634.8,-2.958984375,-0.3955078125
635.1,-2.958984375,-0.3857421875
635.4,-2.9541015625,-0.3857421875
635.7,-2.958984375,-0.4248046875
636.0,-2.9736328125,-0.4052734375
636.3,-2.9638671875,-0.3662109375
636.6,-2.9541015625,-0.390625
636.9,-2.9541015625,-0.400390625
637.2,-2.978515625,-0.419921875
637.5,-2.96875,-0.439453125
637.8,-2.958984375,-0.4443359375
638.1,-2.958984375,-0.44921875
638.4,-2.9541015625,-0.46875
638.7,-2.9736328125,-0.4443359375
639.0,-2.96875,-0.4443359375
639.3,-2.9638671875,-0.4443359375
639.6,-2.9736328125,-0.4736328125
639.9,-2.96875,-0.46875
640.2,-2.96875,-0.458984375
640.5,-2.96875,-0.4736328125
640.8,-2.958984375,-0.478515625
641.1,-2.96875,-0.458984375
641.4,-2.9736328125,-0.4638671875
641.7,-2.978515625,-0.4248046875
642.0,-2.9736328125,-0.4345703125
642.3,-2.958984375,-0.41015625
642.6,-2.9638671875,-0.400390625
642.9,-2.96875,-0.390625
643.2,-2.9736328125,-0.3759765625
643.5,-2.96875,-0.3759765625
643.8,-2.9638671875,-0.3955078125
644.1,-2.978515625,-0.3955078125
644.4,-2.9638671875,-0.390625
644.7,-2.96875,-0.3955078125
645.0,-2.978515625,-0.4150390625
645.3,-2.9638671875,-0.419921875
645.6,-2.978515625,-0.4248046875
645.9,-2.9833984375,-0.419921875
646.2,-2.96875,-0.41015625
646.5,-2.96875,-0.3955078125
646.8,-2.978515625,-0.4052734375
647.1,-2.9736328125,-0.37109375
647.4,-2.9736328125,-0.3857421875
647.7,-2.9736328125,-0.380859375
648.0,-2.96875,-0.3759765625
648.3,-2.98828125,-0.380859375
648.6,-2.9833984375,-0.3662109375
648.9,-2.9736328125,-0.3564453125
649.2,-2.978515625,-0.3466796875
649.5,-2.96875,-0.3564453125
649.8,-2.9736328125,-0.3515625
650.1,-2.9736328125,-0.361328125
650.4,-2.9833984375,-0.37109375
650.7,-2.9833984375,-0.3466796875
651.0,-2.9736328125,-0.3515625
651.3,-2.9833984375,-0.322265625
651.6,-2.9833984375,-0.33203125
651.9,-2.96875,-0.3466796875
652.2,-2.96875,-0.3564453125
652.5,-2.978515625,-0.380859375
652.8,-2.9833984375,-0.37109375
653.1,-2.9541015625,-0.3857421875
653.4,-2.96875,-0.3759765625
653.7,-2.9833984375,-0.3759765625
654.0,-2.98828125,-0.41015625
654.3,-2.96875,-0.400390625
654.6,-2.9736328125,-0.3955078125
654.9,-2.96875,-0.4052734375
655.2,-2.998046875,-0.400390625
655.5,-3.0029296875,-0.3857421875
655.8,-2.978515625,-0.3857421875
656.1,-2.96875,-0.41015625
656.4,-2.9833984375,-0.3955078125
656.7,-2.9931640625,-0.400390625
657.0,-2.98828125,-0.390625
657.3,-2.9833984375,-0.400390625
657.6,-2.978515625,-0.4248046875
657.9,-2.9833984375,-0.4248046875
658.2,-2.9833984375,-0.44921875
658.5,-2.9736328125,-0.439453125
658.8,-2.98828125,-0.4638671875
659.1,-2.978515625,-0.478515625
659.4,-2.9931640625,-0.48828125
659.7,-2.9833984375,-0.4931640625
660.0,-2.9833984375,-0.517578125
660.3,-2.998046875,-0.517578125
660.6,-2.9931640625,-0.5078125
660.9,-2.98828125,-0.52734375
661.2,-2.98828125,-0.5029296875
661.5,-2.9931640625,-0.4931640625
661.8,-2.98828125,-0.458984375
662.1,-2.9931640625,-0.439453125
662.4,-2.9931640625,-0.458984375
662.7,-2.9833984375,-0.458984375
663.0,-2.98828125,-0.4541015625
663.3,-2.9931640625,-0.46875
663.6,-2.98828125,-0.478515625
663.9,-2.98828125,-0.4541015625
664.2,-2.9931640625,-0.439453125
664.5,-3.0078125,-0.44921875
664.8,-3.0029296875,-0.4443359375
665.1,-2.998046875,-0.4541015625
665.4,-2.98828125,-0.439453125
665.7,-2.998046875,-0.4296875
666.0,-2.9833984375,-0.458984375
666.3,-3.0029296875,-0.478515625
666.6,-2.998046875,-0.458984375
666.9,-2.9931640625,-0.46875
667.2,-2.998046875,-0.46875
667.5,-3.0029296875,-0.458984375
667.8,-2.9833984375,-0.4345703125
668.1,-2.998046875,-0.400390625
668.4,-2.9931640625,-0.4248046875
668.7,-2.998046875,-0.41015625
669.0,-3.0029296875,-0.41015625
669.3,-3.0029296875,-0.3955078125
669.6,-2.9931640625,-0.41015625
669.9,-3.0126953125,-0.419921875
670.2,-3.0029296875,-0.400390625
670.5,-3.0029296875,-0.380859375
670.8,-2.998046875,-0.4150390625
671.1,-2.998046875,-0.4248046875
671.4,-3.0029296875,-0.4248046875
671.7,-3.0029296875,-0.44921875
672.0,-2.998046875,-0.439453125
672.3,-2.998046875,-0.4638671875
672.6,-3.0126953125,-0.4736328125
672.9,-3.0078125,-0.44921875
673.2,-3.0224609375,-0.4638671875
673.5,-3.0078125,-0.458984375
673.8,-2.9931640625,-0.4638671875
674.1,-3.0029296875,-0.4931640625
674.4,-3.0078125,-0.48828125
674.7,-3.0078125,-0.4736328125
675.0,-3.0029296875,-0.439453125
675.3,-2.9931640625,-0.4248046875
675.6,-3.0126953125,-0.4296875
675.9,-3.0126953125,-0.41015625
676.2,-3.0029296875,-0.41015625
676.5,-2.998046875,-0.41015625
676.8,-3.0078125,-0.4443359375
677.1,-3.0126953125,-0.4541015625
677.4,-3.0029296875,-0.458984375
677.7,-2.998046875,-0.4541015625
678.0,-3.0078125,-0.4248046875
678.3,-2.998046875,-0.4150390625
678.6,-3.0078125,-0.419921875
678.9,-3.0029296875,-0.41015625
679.2,-3.017578125,-0.400390625
679.5,-3.0126953125,-0.3857421875
679.8,-3.0078125,-0.3857421875
680.1,-2.998046875,-0.3857421875
680.4,-3.0126953125,-0.390625
680.7,-3.017578125,-0.390625
681.0,-3.0322265625,-0.390625
681.3,-3.0029296875,-0.3515625
681.6,-3.0078125,-0.3271484375
681.9,-3.0126953125,-0.3173828125
682.2,-3.0224609375,-0.3125
682.5,-3.0126953125,-0.3369140625
682.8,-3.0078125,-0.361328125
683.1,-3.017578125,-0.380859375
683.4,-3.0029296875,-0.380859375
683.7,-3.017578125,-0.390625
684.0,-3.017578125,-0.380859375
684.3,-3.017578125,-0.3662109375
684.6,-3.017578125,-0.3466796875
684.9,-3.0078125,-0.3515625
685.2,-3.0126953125,-0.390625
685.5,-3.0078125,-0.3759765625
685.8,-3.0224609375,-0.3564453125
686.1,-3.0126953125,-0.3515625
686.4,-3.017578125,-0.390625
686.7,-3.0126953125,-0.4052734375
687.0,-3.017578125,-0.390625
687.3,-3.0224609375,-0.3955078125
687.6,-3.017578125,-0.361328125
687.9,-3.017578125,-0.3369140625
688.2,-3.0224609375,-0.3271484375
688.5,-3.0126953125,-0.33203125
688.8,-3.0322265625,-0.322265625
689.1,-3.0322265625,-0.2880859375
689.4,-3.0224609375,-0.2685546875
689.7,-3.017578125,-0.2734375
690.0,-3.017578125,-0.234375
690.3,-3.02734375,-0.2490234375
690.6,-3.0224609375,-0.263671875
690.9,-3.02734375,-0.2490234375
691.2,-3.0078125,-0.244140625
691.5,-3.0078125,-0.263671875
691.8,-3.0224609375,-0.2587890625
692.1,-3.0224609375,-0.25390625
692.4,-3.017578125,-0.2490234375
692.7,-3.017578125,-0.2392578125
693.0,-3.046875,-0.205078125
693.3,-3.0224609375,-0.2001953125
693.6,-3.0126953125,-0.2001953125
693.9,-3.0322265625,-0.185546875
694.2,-3.0224609375,-0.17578125
694.5,-3.0224609375,-0.1611328125
694.8,-3.0419921875,-0.1806640625
695.1,-3.0126953125,-0.1708984375
695.4,-3.02734375,-0.185546875
695.7,-3.0224609375,-0.17578125
696.0,-3.0224609375,-0.17578125
696.3,-3.02734375,-0.166015625
696.6,-3.0224609375,-0.1708984375
696.9,-3.017578125,-0.1904296875
697.2,-3.0078125,-0.21484375
697.5,-3.02734375,-0.205078125
697.8,-3.02734375,-0.2001953125
698.1,-3.0126953125,-0.1953125
698.4,-3.0419921875,-0.1953125
698.7,-3.02734375,-0.1806640625
699.0,-3.0322265625,-0.15625
699.3,-3.037109375,-0.15625
699.6,-3.017578125,-0.15625
699.9,-3.037109375,-0.17578125
700.2,-3.0224609375,-0.1708984375
700.5,-3.037109375,-0.1904296875
700.8,-3.0322265625,-0.2197265625
701.1,-3.0224609375,-0.234375
701.4,-3.017578125,-0.2783203125
701.7,-3.0419921875,-0.2978515625
702.0,-3.037109375,-0.3125
702.3,-3.02734375,-0.3271484375
702.6,-3.0224609375,-0.3515625
702.9,-3.0322265625,-0.361328125
703.2,-3.0419921875,-0.361328125
703.5,-3.037109375,-0.3662109375
703.8,-3.0224609375,-0.380859375
704.1,-3.0224609375,-0.3662109375
704.4,-3.02734375,-0.37109375
704.7,-3.0322265625,-0.361328125
705.0,-3.0419921875,-0.3759765625
705.3,-3.037109375,-0.3759765625
705.6,-3.0224609375,-0.3662109375
705.9,-3.0322265625,-0.3369140625
706.2,-3.0322265625,-0.33203125
706.5,-3.0322265625,-0.341796875
706.8,-3.0419921875,-0.3466796875
707.1,-3.046875,-0.33203125
707.4,-3.02734375,-0.341796875
707.7,-3.037109375,-0.3271484375
708.0,-3.037109375,-0.3466796875
708.3,-3.0419921875,-0.3662109375
708.6,-3.0419921875,-0.3564453125
708.9,-3.0419921875,-0.361328125
709.2,-3.037109375,-0.3662109375
709.5,-3.037109375,-0.3564453125
709.8,-3.046875,-0.341796875
710.1,-3.0322265625,-0.3466796875
710.4,-3.037109375,-0.3662109375
710.7,-3.056640625,-0.3662109375
711.0,-3.0419921875,-0.3857421875
711.3,-3.0322265625,-0.4052734375
711.6,-3.0419921875,-0.37109375
711.9,-3.037109375,-0.361328125
712.2,-3.0419921875,-0.341796875
712.5,-3.037109375,-0.361328125
712.8,-3.046875,-0.3759765625
713.1,-3.046875,-0.41015625
713.4,-3.037109375,-0.4345703125
713.7,-3.0419921875,-0.4248046875
714.0,-3.046875,-0.4443359375
714.3,-3.037109375,-0.44921875
714.6,-3.056640625,-0.4541015625
714.9,-3.037109375,-0.4296875
715.2,-3.0517578125,-0.400390625
715.5,-3.0517578125,-0.361328125
715.8,-3.0517578125,-0.341796875
716.1,-3.0517578125,-0.3369140625
716.4,-3.0419921875,-0.3466796875
716.7,-3.046875,-0.3466796875
717.0,-3.0615234375,-0.3662109375
717.3,-3.046875,-0.390625
717.6,-3.037109375,-0.3759765625
717.9,-3.0419921875,-0.3564453125
718.2,-3.0517578125,-0.3466796875
718.5,-3.0517578125,-0.3369140625
718.8,-3.046875,-0.341796875
719.1,-3.056640625,-0.3466796875
719.4,-3.0615234375,-0.322265625
719.7,-3.046875,-0.3369140625
720.0,-3.046875,-0.3662109375
720.3,-3.0517578125,-0.361328125
720.6,-3.0517578125,-0.37109375
720.9,-3.056640625,-0.37109375
721.2,-3.046875,-0.3857421875
721.5,-3.0615234375,-0.400390625
721.8,-3.0517578125,-0.4345703125
722.1,-3.037109375,-0.4296875
722.4,-3.0517578125,-0.4345703125
722.7,-3.056640625,-0.4296875
723.0,-3.0615234375,-0.4296875
723.3,-3.0517578125,-0.4150390625
723.6,-3.0615234375,-0.419921875
723.9,-3.0712890625,-0.4150390625
724.2,-3.0615234375,-0.4345703125
724.5,-3.046875,-0.4248046875
724.8,-3.0517578125,-0.4345703125
725.1,-3.056640625,-0.458984375
725.4,-3.0517578125,-0.4541015625
725.7,-3.056640625,-0.4443359375
726.0,-3.046875,-0.4248046875
726.3,-3.0615234375,-0.4150390625
726.6,-3.0712890625,-0.390625
726.9,-3.0517578125,-0.3955078125
727.2,-3.0517578125,-0.390625
727.5,-3.056640625,-0.41015625
727.8,-3.0615234375,-0.4296875
728.1,-3.056640625,-0.3759765625
728.4,-3.056640625,-0.400390625
728.7,-3.06640625,-0.3955078125
729.0,-3.06640625,-0.400390625
729.3,-3.06640625,-0.4052734375
729.6,-3.0517578125,-0.400390625
729.9,-3.056640625,-0.41015625
730.2,-3.046875,-0.4345703125
730.5,-3.056640625,-0.439453125
730.8,-3.0517578125,-0.3955078125
731.1,-3.056640625,-0.4150390625
731.4,-3.0908203125,-0.4150390625
731.7,-3.06640625,-0.439453125
732.0,-3.06640625,-0.439453125
732.3,-3.0615234375,-0.44921875
732.6,-3.0712890625,-0.439453125
732.9,-3.0712890625,-0.44921875
733.2,-3.0615234375,-0.4345703125
733.5,-3.056640625,-0.46875
733.8,-3.06640625,-0.458984375
734.1,-3.06640625,-0.46875
734.4,-3.076171875,-0.48828125
734.7,-3.06640625,-0.46875
735.0,-3.0615234375,-0.46875
735.3,-3.06640625,-0.46875
735.6,-3.06640625,-0.46875
735.9,-3.056640625,-0.4541015625
736.2,-3.06640625,-0.44921875
736.5,-3.076171875,-0.4638671875
736.8,-3.0712890625,-0.4736328125
737.1,-3.06640625,-0.46875
737.4,-3.0712890625,-0.478515625
737.7,-3.0712890625,-0.4443359375
738.0,-3.0712890625,-0.4736328125
738.3,-3.0615234375,-0.4345703125
738.6,-3.0712890625,-0.3955078125
738.9,-3.0810546875,-0.361328125
739.2,-3.076171875,-0.3662109375
739.5,-3.0810546875,-0.400390625
739.8,-3.0712890625,-0.380859375
740.1,-3.0615234375,-0.4052734375
740.4,-3.0810546875,-0.3857421875
740.7,-3.0810546875,-0.4150390625
741.0,-3.06640625,-0.4248046875
741.3,-3.076171875,-0.400390625
741.6,-3.0712890625,-0.4296875
741.9,-3.076171875,-0.41015625
742.2,-3.0810546875,-0.419921875
742.5,-3.0810546875,-0.41015625
742.8,-3.0712890625,-0.380859375
743.1,-3.0712890625,-0.37109375
743.4,-3.076171875,-0.390625
743.7,-3.0712890625,-0.390625
744.0,-3.0712890625,-0.37109375
744.3,-3.0712890625,-0.3759765625
744.6,-3.0810546875,-0.3515625
744.9,-3.0810546875,-0.3515625
745.2,-3.0859375,-0.3955078125
745.5,-3.06640625,-0.390625
745.8,-3.0810546875,-0.400390625
746.1,-3.0712890625,-0.4052734375
746.4,-3.0859375,-0.419921875
746.7,-3.076171875,-0.4296875
747.0,-3.0712890625,-0.439453125
747.3,-3.0712890625,-0.44921875
747.6,-3.0810546875,-0.46875
747.9,-3.0859375,-0.4638671875
748.2,-3.095703125,-0.4736328125
748.5,-3.076171875,-0.44921875
748.8,-3.076171875,-0.46875
749.1,-3.0810546875,-0.44921875
749.4,-3.0908203125,-0.439453125
749.7,-3.0810546875,-0.46875
750.0,-3.0810546875,-0.498046875
750.3,-3.0908203125,-0.5078125
750.6,-3.0810546875,-0.48828125
750.9,-3.0810546875,-0.4833984375
751.2,-3.0908203125,-0.48828125
751.5,-3.0908203125,-0.4833984375
751.8,-3.0859375,-0.46875
752.1,-3.0859375,-0.48828125
752.4,-3.0859375,-0.498046875
752.7,-3.0712890625,-0.4833984375
753.0,-3.0712890625,-0.46875
753.3,-3.0859375,-0.46875
753.6,-3.0908203125,-0.4736328125
753.9,-3.0859375,-0.4833984375
754.2,-3.0712890625,-0.478515625
754.5,-3.0859375,-0.4833984375
754.8,-3.0908203125,-0.5029296875
755.1,-3.095703125,-0.5078125
755.4,-3.1005859375,-0.5126953125
755.7,-3.0810546875,-0.48828125
756.0,-3.1005859375,-0.48828125
756.3,-3.095703125,-0.458984375
756.6,-3.0908203125,-0.4541015625
756.9,-3.0859375,-0.439453125
757.2,-3.0810546875,-0.4150390625
757.5,-3.0908203125,-0.419921875
757.8,-3.095703125,-0.4345703125
758.1,-3.0859375,-0.4541015625
758.4,-3.0908203125,-0.439453125
758.7,-3.1005859375,-0.439453125
759.0,-3.095703125,-0.44921875
759.3,-3.0908203125,-0.4443359375
759.6,-3.0859375,-0.458984375
759.9,-3.1005859375,-0.4638671875
760.2,-3.095703125,-0.44921875
760.5,-3.095703125,-0.4541015625
760.8,-3.0810546875,-0.4638671875
761.1,-3.0908203125,-0.46875
761.4,-3.10546875,-0.46875
761.7,-3.10546875,-0.4638671875
762.0,-3.0859375,-0.44921875
762.3,-3.0859375,-0.458984375
762.6,-3.0908203125,-0.4736328125
762.9,-3.1005859375,-0.4931640625
763.2,-3.1005859375,-0.5224609375
763.5,-3.0859375,-0.5078125
763.8,-3.0908203125,-0.5126953125
764.1,-3.10546875,-0.5126953125
764.4,-3.1005859375,-0.5029296875
764.7,-3.0908203125,-0.498046875
765.0,-3.1005859375,-0.48828125
765.3,-3.1103515625,-0.5029296875
765.6,-3.10546875,-0.5029296875
765.9,-3.10546875,-0.48828125
766.2,-3.0908203125,-0.48828125
766.5,-3.10546875,-0.48828125
766.8,-3.1005859375,-0.46875
767.1,-3.10546875,-0.4345703125
767.4,-3.1005859375,-0.4443359375
767.7,-3.10546875,-0.4345703125
768.0,-3.1103515625,-0.4248046875
768.3,-3.1005859375,-0.458984375
768.6,-3.1103515625,-0.478515625
768.9,-3.1103515625,-0.44921875
769.2,-3.10546875,-0.4296875
769.5,-3.095703125,-0.419921875
769.8,-3.1103515625,-0.419921875
770.1,-3.1103515625,-0.41015625
770.4,-3.115234375,-0.419921875
770.7,-3.1005859375,-0.3955078125
771.0,-3.1005859375,-0.3759765625
771.3,-3.1005859375,-0.37109375
771.6,-3.1103515625,-0.3515625
771.9,-3.1103515625,-0.3662109375
772.2,-3.1005859375,-0.3515625
772.5,-3.1103515625,-0.37109375
772.8,-3.1103515625,-0.3662109375
773.1,-3.1201171875,-0.3466796875
773.4,-3.1005859375,-0.341796875
773.7,-3.095703125,-0.3564453125
774.0,-3.1005859375,-0.341796875
774.3,-3.115234375,-0.3515625
774.6,-3.115234375,-0.3466796875
774.9,-3.1005859375,-0.3466796875
775.2,-3.10546875,-0.3173828125
775.5,-3.1103515625,-0.3125
775.8,-3.1103515625,-0.3271484375
776.1,-3.1201171875,-0.3564453125
776.4,-3.10546875,-0.3369140625
776.7,-3.1201171875,-0.3466796875
777.0,-3.115234375,-0.380859375
777.3,-3.1201171875,-0.3759765625
777.6,-3.10546875,-0.361328125
777.9,-3.1103515625,-0.322265625
778.2,-3.1103515625,-0.322265625
778.5,-3.1201171875,-0.322265625
778.8,-3.1201171875,-0.3466796875
779.1,-3.1005859375,-0.341796875
779.4,-3.10546875,-0.341796875
779.7,-3.1103515625,-0.33203125
780.0,-3.1201171875,-0.3271484375
780.3,-3.1103515625,-0.3271484375
780.6,-3.10546875,-0.322265625
780.9,-3.1201171875,-0.29296875
781.2,-3.1201171875,-0.3076171875
781.5,-3.115234375,-0.302734375
781.8,-3.10546875,-0.2978515625
782.1,-3.115234375,-0.2734375
782.4,-3.125,-0.2587890625
782.7,-3.1201171875,-0.2880859375
783.0,-3.1201171875,-0.2783203125
783.3,-3.115234375,-0.2734375
783.6,-3.1103515625,-0.2734375
783.9,-3.1201171875,-0.2978515625
784.2,-3.1103515625,-0.2978515625
784.5,-3.115234375,-0.283203125
784.8,-3.1103515625,-0.283203125
785.1,-3.125,-0.2685546875
785.4,-3.115234375,-0.2734375
785.7,-3.125,-0.2734375
786.0,-3.125,-0.2392578125
786.3,-3.1201171875,-0.244140625
786.6,-3.125,-0.2685546875
786.9,-3.1201171875,-0.2880859375
787.2,-3.1201171875,-0.283203125
787.5,-3.1201171875,-0.29296875
787.8,-3.125,-0.29296875
788.1,-3.125,-0.3125
788.4,-3.1201171875,-0.3271484375
788.7,-3.1103515625,-0.302734375
789.0,-3.125,-0.3173828125
789.3,-3.125,-0.3564453125
789.6,-3.1103515625,-0.380859375
789.9,-3.125,-0.390625
790.2,-3.1298828125,-0.4150390625
790.5,-3.1298828125,-0.419921875
790.8,-3.134765625,-0.3857421875
791.1,-3.125,-0.3515625
791.4,-3.115234375,-0.3369140625
791.7,-3.1298828125,-0.3369140625
792.0,-3.134765625,-0.3515625
792.3,-3.1396484375,-0.380859375
792.6,-3.1298828125,-0.380859375
792.9,-3.1201171875,-0.3857421875
793.2,-3.1298828125,-0.37109375
793.5,-3.1298828125,-0.3955078125
793.8,-3.125,-0.390625
794.1,-3.14453125,-0.3857421875
794.4,-3.125,-0.3857421875
794.7,-3.125,-0.3662109375
795.0,-3.1298828125,-0.41015625
795.3,-3.1298828125,-0.419921875
795.6,-3.134765625,-0.400390625
795.9,-3.1298828125,-0.41015625
796.2,-3.125,-0.4296875
796.5,-3.134765625,-0.4248046875
796.8,-3.1298828125,-0.439453125
797.1,-3.14453125,-0.4345703125
797.4,-3.14453125,-0.4541015625
797.7,-3.14453125,-0.4443359375
798.0,-3.125,-0.439453125
798.3,-3.14453125,-0.439453125
798.6,-3.1396484375,-0.4296875
798.9,-3.134765625,-0.4345703125
799.2,-3.1396484375,-0.439453125
799.5,-3.134765625,-0.4248046875
799.8,-3.134765625,-0.439453125
800.1,-3.134765625,-0.439453125
800.4,-3.14453125,-0.4248046875
800.7,-3.1396484375,-0.4052734375
801.0,-3.1396484375,-0.4052734375
801.3,-3.14453125,-0.4345703125
801.6,-3.14453125,-0.4296875
801.9,-3.1396484375,-0.439453125
802.2,-3.1396484375,-0.439453125
802.5,-3.1494140625,-0.4150390625
802.8,-3.1396484375,-0.4296875
803.1,-3.14453125,-0.4296875
803.4,-3.1396484375,-0.4150390625
803.7,-3.14453125,-0.419921875
804.0,-3.14453125,-0.390625
804.3,-3.1396484375,-0.400390625
804.6,-3.1298828125,-0.419921875
804.9,-3.14453125,-0.400390625
805.2,-3.14453125,-0.4150390625
805.5,-3.125,-0.3955078125
805.8,-3.134765625,-0.390625
806.1,-3.1494140625,-0.400390625
806.4,-3.1494140625,-0.400390625
806.7,-3.154296875,-0.37109375
807.0,-3.1396484375,-0.3759765625
807.3,-3.14453125,-0.3857421875
807.6,-3.134765625,-0.37109375
807.9,-3.1298828125,-0.3564453125
808.2,-3.14453125,-0.3515625
808.5,-3.1396484375,-0.380859375
808.8,-3.1396484375,-0.3662109375
809.1,-3.1396484375,-0.3564453125
809.4,-3.1494140625,-0.37109375
809.7,-3.1396484375,-0.361328125
810.0,-3.1494140625,-0.3466796875
810.3,-3.1494140625,-0.33203125
810.6,-3.1494140625,-0.3076171875
810.9,-3.1494140625,-0.2880859375
811.2,-3.1396484375,-0.2685546875
811.5,-3.14453125,-0.283203125
811.8,-3.1494140625,-0.2880859375
812.1,-3.1494140625,-0.2880859375
812.4,-3.1494140625,-0.2978515625
812.7,-3.1494140625,-0.2978515625
813.0,-3.1494140625,-0.2880859375
813.3,-3.154296875,-0.2978515625
813.6,-3.1494140625,-0.2783203125
813.9,-3.1396484375,-0.29296875
814.2,-3.154296875,-0.302734375
814.5,-3.154296875,-0.2783203125
814.8,-3.154296875,-0.25390625
815.1,-3.1591796875,-0.2490234375
815.4,-3.134765625,-0.2587890625
815.7,-3.1689453125,-0.29296875
816.0,-2.3193359375,-0.3076171875
816.3,-2.314453125,-0.322265625
816.6,-2.3095703125,-0.33203125
816.9,-2.3095703125,-0.3662109375
817.2,-2.32421875,-0.3857421875
817.5,-2.32421875,-0.4248046875
817.8,-2.314453125,-0.4443359375
818.1,-2.2998046875,-0.4443359375
818.4,-2.3193359375,-0.4736328125
818.7,-2.3095703125,-0.498046875
819.0,-2.3193359375,-0.5078125
819.3,-2.3291015625,-0.5126953125
819.6,-2.3046875,-0.4931640625
819.9,-2.3095703125,-0.4833984375
820.2,-2.32421875,-0.4931640625
820.5,-2.314453125,-0.4833984375
820.8,-2.314453125,-0.498046875
821.1,-2.314453125,-0.517578125
821.4,-2.3046875,-0.5224609375
821.7,-2.3193359375,-0.52734375
822.0,-2.3193359375,-0.52734375
822.3,-2.3095703125,-0.537109375
822.6,-2.3095703125,-0.5322265625
822.9,-2.314453125,-0.5322265625
823.2,-2.3193359375,-0.52734375
823.5,-2.3291015625,-0.546875
823.8,-2.333984375,-0.5712890625
824.1,-2.3095703125,-0.5712890625
824.4,-2.314453125,-0.5859375
824.7,-2.3095703125,-0.595703125
825.0,-2.314453125,-0.6103515625
825.3,-2.314453125,-0.595703125
825.6,-2.3046875,-0.615234375
825.9,-2.3046875,-0.60546875
826.2,-2.314453125,-0.6005859375
826.5,-2.3193359375,-0.615234375
826.8,-2.2998046875,-0.6005859375
827.1,-2.3193359375,-0.615234375
827.4,-2.3193359375,-0.60546875
827.7,-2.3193359375,-0.6201171875
828.0,-2.314453125,-0.625
828.3,-2.32421875,-0.60546875
828.6,-2.3046875,-0.634765625
828.9,-2.3193359375,-0.64453125
829.2,-2.32421875,-0.64453125
829.5,-2.3193359375,-0.6103515625
829.8,-2.3046875,-0.625
830.1,-2.3193359375,-0.6103515625
830.4,-2.3095703125,-0.60546875
830.7,-2.314453125,-0.60546875
831.0,-2.314453125,-0.60546875
831.3,-2.32421875,-0.5908203125
831.6,-2.3193359375,-0.595703125
831.9,-2.3046875,-0.6396484375
832.2,-2.32421875,-0.6396484375
832.5,-2.32421875,-0.654296875
832.8,-2.314453125,-0.6298828125
833.1,-2.3095703125,-0.6005859375
833.4,-2.3193359375,-0.5859375
833.7,-2.32421875,-0.5810546875
834.0,-2.3193359375,-0.595703125
834.3,-2.32421875,-0.5859375
834.6,-2.3046875,-0.5810546875
834.9,-2.3046875,-0.595703125
