0.0,-122.021484375,-1.845703125
0.3,-123.681640625,-1.845703125
0.6,-123.681640625,-1.8212890625
0.9,-123.681640625,-1.89453125
1.2,-123.681640625,-1.89453125
1.5,-123.681640625,-1.884765625
1.8,-124.51171875,-1.9140625
2.1,-126.171875,-1.9287109375
2.4,-126.171875,-1.9287109375
2.7,-126.171875,-1.9677734375
3.0,-127.83203125,-1.9482421875
3.3,-126.171875,-1.9921875
3.6,-127.83203125,-2.021484375
3.9,-128.662109375,-1.9970703125
4.2,-127.83203125,-1.9580078125
4.5,-128.662109375,-1.9580078125
4.8,-129.4921875,-1.884765625
5.1,-128.662109375,-1.8115234375
5.4,-129.4921875,-1.787109375
5.7,-130.322265625,-1.6943359375
6.0,-131.15234375,-1.6748046875
6.3,-130.322265625,-1.5869140625
6.6,-131.982421875,-1.435546875
6.9,-131.982421875,-1.337890625
7.2,-132.8125,-1.25
7.5,-131.982421875,-1.1474609375
7.8,-132.8125,-1.0400390625
8.1,-134.47265625,-0.9130859375
8.4,-133.642578125,-0.830078125
8.7,-134.47265625,-0.7568359375
9.0,-135.302734375,-0.6640625
9.3,-135.302734375,-0.546875
9.6,-135.302734375,-0.4248046875
9.9,-135.302734375,-0.33203125
10.2,-136.1328125,-0.283203125
10.5,-136.962890625,-0.1611328125
10.8,-137.79296875,-0.0390625
11.1,-136.962890625,0.0341796875
11.4,-138.623046875,0.0537109375
11.7,-138.623046875,0.09765625
12.0,-138.623046875,0.1318359375
12.3,-139.453125,0.1904296875
12.6,-139.453125,0.29296875
12.9,-139.453125,0.4150390625
13.2,-140.283203125,0.5029296875
13.5,-141.11328125,0.5224609375
13.8,-105.419921875,0.556640625
14.1,-105.419921875,0.439453125
14.4,-105.419921875,0.2099609375
14.7,-105.419921875,0.068359375
15.0,-107.080078125,-0.05859375
15.3,-106.25,-0.2294921875
15.6,-107.080078125,-0.419921875
15.9,-107.080078125,-0.537109375
16.2,-107.91015625,-0.703125
16.5,-108.740234375,-0.8251953125
16.8,-109.5703125,-0.8837890625
17.1,-108.740234375,-0.9130859375
17.4,-109.5703125,-0.9912109375
17.7,-109.5703125,-1.0498046875
18.0,-110.400390625,-1.1376953125
18.3,-110.400390625,-1.259765625
18.6,-111.23046875,-1.376953125
18.9,-111.23046875,-1.4453125
19.2,-112.060546875,-1.484375
19.5,-113.720703125,-1.50390625
19.8,-112.890625,-1.513671875
20.1,-113.720703125,-1.5576171875
20.4,-112.890625,-1.5869140625
20.7,-113.720703125,-1.6357421875
21.0,-113.720703125,-1.650390625
21.3,-115.380859375,-1.73828125
21.6,-114.55078125,-1.748046875
21.9,-114.55078125,-1.77734375
22.2,-117.041015625,-1.806640625
22.5,-117.041015625,-1.8359375
22.8,-116.2109375,-1.845703125
23.1,-117.041015625,-1.845703125
23.4,-117.041015625,-1.8212890625
23.7,-117.87109375,-1.8115234375
24.0,-117.87109375,-1.7822265625
24.3,-119.53125,-1.7431640625
24.6,-118.701171875,-1.7333984375
24.9,-120.361328125,-1.7138671875
25.2,-119.53125,-1.708984375
25.5,-121.19140625,-1.728515625
25.8,-121.19140625,-1.7138671875
26.1,-121.19140625,-1.6845703125
26.4,-122.021484375,-1.7041015625
26.7,-122.021484375,-1.689453125
27.0,-123.681640625,-1.71875
27.3,-123.681640625,-1.728515625
27.6,-123.681640625,-1.7724609375
27.9,-124.51171875,-1.81640625
28.2,-123.681640625,-1.8408203125
28.5,-123.681640625,-1.8359375
28.8,-125.341796875,-1.85546875
29.1,-125.341796875,-1.8212890625
29.4,-126.171875,-1.8115234375
29.7,-126.171875,-1.81640625
30.0,-127.001953125,-1.826171875
30.3,-127.001953125,-1.8212890625
30.6,-127.83203125,-1.8359375
30.9,-127.83203125,-1.7822265625
31.2,-128.662109375,-1.71875
31.5,-128.662109375,-1.669921875
31.8,-129.4921875,-1.6259765625
32.1,-129.4921875,-1.6259765625
32.4,-129.4921875,-1.552734375
32.7,-130.322265625,-1.4892578125
33.0,-131.15234375,-1.4599609375
33.3,-131.15234375,-1.4306640625
33.6,-131.15234375,-1.298828125
33.9,-132.8125,-1.19140625
34.2,-131.982421875,-1.1376953125
34.5,-132.8125,-1.1328125
34.8,-133.642578125,-1.025390625
35.1,-133.642578125,-0.95703125
35.4,-133.642578125,-0.7958984375
35.7,-134.47265625,-0.703125
36.0,-133.642578125,-0.6640625
36.3,-136.962890625,-0.5419921875
36.6,-134.47265625,-0.478515625
36.9,-136.1328125,-0.3662109375
37.2,-136.1328125,-0.3173828125
37.5,-136.962890625,-0.2099609375
37.8,-136.962890625,-0.1513671875
38.1,-137.79296875,-0.0390625
38.4,-138.623046875,0.0341796875
38.7,-138.623046875,0.0732421875
39.0,-138.623046875,0.1123046875
39.3,-139.453125,0.17578125
39.6,-139.453125,0.2880859375
39.9,-140.283203125,0.380859375
40.2,-141.11328125,0.4736328125
40.5,-141.11328125,0.52734375
40.8,-104.58984375,0.576171875
41.1,-104.58984375,0.400390625
41.4,-105.419921875,0.2294921875
41.7,-105.419921875,0.1025390625
42.0,-106.25,-0.05859375
42.3,-106.25,-0.185546875
42.6,-107.080078125,-0.322265625
42.9,-107.91015625,-0.458984375
43.2,-107.91015625,-0.5078125
43.5,-107.91015625,-0.5419921875
43.8,-108.740234375,-0.6494140625
44.1,-108.740234375,-0.7666015625
44.4,-109.5703125,-0.8203125
44.7,-109.5703125,-0.91796875
45.0,-109.5703125,-1.03515625
45.3,-110.400390625,-1.1328125
45.6,-112.060546875,-1.1767578125
45.9,-110.400390625,-1.279296875
46.2,-112.890625,-1.318359375
46.5,-111.23046875,-1.3818359375
46.8,-112.890625,-1.4013671875
47.1,-112.060546875,-1.46484375
47.4,-113.720703125,-1.4892578125
47.7,-113.720703125,-1.533203125
48.0,-114.55078125,-1.5478515625
48.3,-114.55078125,-1.552734375
48.6,-115.380859375,-1.5966796875
48.9,-115.380859375,-1.640625
49.2,-115.380859375,-1.6650390625
49.5,-116.2109375,-1.7138671875
49.8,-116.2109375,-1.728515625
50.1,-116.2109375,-1.7431640625
50.4,-117.041015625,-1.7236328125
50.7,-117.041015625,-1.7431640625
51.0,-117.87109375,-1.7822265625
51.3,-118.701171875,-1.7236328125
51.6,-118.701171875,-1.7138671875
51.9,-118.701171875,-1.71875
52.2,-119.53125,-1.708984375
52.5,-119.53125,-1.6552734375
52.8,-121.19140625,-1.62109375
53.1,-120.361328125,-1.6650390625
53.4,-122.021484375,-1.71875
53.7,-105.419921875,-1.728515625
54.0,-104.58984375,-1.81640625
54.3,-104.58984375,-1.8701171875
54.6,-120.361328125,-1.9287109375
54.9,-128.662109375,-1.884765625
55.2,-128.662109375,-1.8505859375
55.5,-124.51171875,-1.865234375
55.8,-124.51171875,-1.875
56.1,-126.171875,-1.9091796875
56.4,-129.4921875,-1.875
56.7,-128.662109375,-1.85546875
57.0,-125.341796875,-1.8359375
57.3,-125.341796875,-1.85546875
57.6,-122.8515625,-1.8798828125
57.9,-123.681640625,-1.865234375
58.2,-123.681640625,-1.8603515625
58.5,-124.51171875,-1.85546875
58.8,-124.51171875,-1.8994140625
59.1,-124.51171875,-1.904296875
59.4,-146.09375,-2.021484375
59.7,-146.923828125,-1.9482421875
60.0,-156.0546875,-1.85546875
60.3,-172.65625,-1.7431640625
60.6,-168.505859375,-1.650390625
60.9,-164.35546875,-1.5185546875
61.2,-161.865234375,-1.4013671875
61.5,-161.03515625,-1.3232421875
61.8,-161.03515625,-1.3330078125
62.1,-156.884765625,-1.3330078125
62.4,-124.51171875,-1.4013671875
62.7,-123.681640625,-1.4599609375
63.0,-124.51171875,-1.455078125
63.3,-123.681640625,-1.474609375
63.6,-125.341796875,-1.484375
63.9,-123.681640625,-1.5576171875
64.2,-125.341796875,-1.5478515625
64.5,-124.51171875,-1.5380859375
64.8,-126.171875,-1.533203125
65.1,-127.001953125,-1.4990234375
65.4,-127.001953125,-1.50390625
65.7,-127.83203125,-1.4794921875
66.0,-128.662109375,-1.42578125
66.3,-127.83203125,-1.46484375
66.6,-128.662109375,-1.474609375
66.9,-128.662109375,-1.4404296875
67.2,-128.662109375,-1.396484375
67.5,-129.4921875,-1.416015625
67.8,-130.322265625,-1.376953125
68.1,-131.15234375,-1.3037109375
68.4,-131.15234375,-1.2158203125
68.7,-131.982421875,-1.1279296875
69.0,-131.982421875,-1.0791015625
69.3,-131.982421875,-1.025390625
69.6,-132.8125,-0.966796875
69.9,-132.8125,-0.849609375
70.2,-133.642578125,-0.7373046875
70.5,-133.642578125,-0.6689453125
70.8,-134.47265625,-0.5908203125
71.1,-134.47265625,-0.5078125
71.4,-135.302734375,-0.3662109375
71.7,-135.302734375,-0.2490234375
72.0,-135.302734375,-0.166015625
72.3,-136.1328125,-0.087890625
72.6,-136.1328125,-0.0244140625
72.9,-136.962890625,0.0634765625
73.2,-137.79296875,0.107421875
73.5,-138.623046875,0.1904296875
73.8,-138.623046875,0.2783203125
74.1,-138.623046875,0.390625
74.4,-138.623046875,0.4931640625
74.7,-139.453125,0.537109375
75.0,-139.453125,0.6201171875
75.3,-140.283203125,0.693359375
75.6,-140.283203125,0.7373046875
75.9,-141.943359375,0.732421875
76.2,-141.11328125,0.7275390625
76.5,-142.7734375,0.7421875
76.8,-141.943359375,0.751953125
77.1,-142.7734375,0.7958984375
77.4,-142.7734375,0.83984375
77.7,-143.603515625,0.9521484375
78.0,-143.603515625,0.99609375
78.3,-144.43359375,1.0107421875
78.6,-144.43359375,1.0498046875
78.9,-145.263671875,1.1279296875
79.2,-145.263671875,1.1962890625
79.5,-146.09375,1.25
79.8,-146.923828125,1.23046875
80.1,-146.09375,1.1865234375
80.4,-146.923828125,1.2255859375
80.7,-146.923828125,1.2646484375
81.0,-148.583984375,1.2939453125
81.3,-148.583984375,1.3671875
81.6,-149.4140625,1.396484375
81.9,-149.4140625,1.4208984375
82.2,-150.244140625,1.4306640625
82.5,-150.244140625,1.396484375
82.8,-150.244140625,1.3818359375
83.1,-150.244140625,1.318359375
83.4,-151.07421875,1.337890625
83.7,-151.07421875,1.3671875
84.0,-151.904296875,1.328125
84.3,-152.734375,1.26953125
84.6,-152.734375,1.2109375
84.9,-153.564453125,1.181640625
85.2,-153.564453125,1.162109375
85.5,-153.564453125,1.0986328125
85.8,-152.734375,1.0400390625
86.1,-154.39453125,0.986328125
86.4,-154.39453125,0.9130859375
86.7,-124.51171875,0.8642578125
87.0,-124.51171875,0.7958984375
87.3,-125.341796875,0.6787109375
87.6,-125.341796875,0.5810546875
87.9,-126.171875,0.498046875
88.2,-125.341796875,0.3857421875
88.5,-126.171875,0.283203125
88.8,-127.001953125,0.1953125
89.1,-127.001953125,0.09765625
89.4,-127.001953125,0.068359375
89.7,-128.662109375,0.0732421875
90.0,-128.662109375,0.05859375
90.3,-129.4921875,0.0244140625
90.6,-129.4921875,-0.0439453125
90.9,-129.4921875,-0.1220703125
91.2,-123.681640625,-0.15625
91.5,-122.8515625,-0.205078125
91.8,-124.51171875,-0.29296875
92.1,-159.375,-0.380859375
92.4,-160.205078125,-0.37109375
92.7,-161.03515625,-0.4638671875
93.0,-170.166015625,-0.4541015625
93.3,-171.826171875,-0.4052734375
93.6,-173.486328125,-0.3125
93.9,-175.146484375,-0.2685546875
94.2,-176.806640625,-0.205078125
94.5,-123.681640625,-0.1611328125
94.8,-124.51171875,-0.234375
95.1,-123.681640625,-0.3076171875
95.4,-124.51171875,-0.41015625
95.7,-123.681640625,-0.46875
96.0,-123.681640625,-0.5126953125
96.3,-123.681640625,-0.5810546875
96.6,-123.681640625,-0.64453125
96.9,-123.681640625,-0.693359375
97.2,-122.8515625,-0.7275390625
97.5,-123.681640625,-0.771484375
97.8,-123.681640625,-0.78125
98.1,-124.51171875,-0.830078125
98.4,-122.8515625,-0.95703125
98.7,-123.681640625,-1.0205078125
99.0,-124.51171875,-1.07421875
99.3,-126.171875,-1.1181640625
99.6,-127.001953125,-1.1279296875
99.9,-128.662109375,-1.142578125
100.2,-129.4921875,-1.123046875
100.5,-131.982421875,-1.0791015625
100.8,-131.982421875,-1.025390625
101.1,-132.8125,-0.9814453125
101.4,-134.47265625,-0.908203125
101.7,-135.302734375,-0.8349609375
102.0,-136.962890625,-0.7568359375
102.3,-139.453125,-0.6787109375
102.6,-140.283203125,-0.6396484375
102.9,-140.283203125,-0.517578125
103.2,-141.11328125,-0.3759765625
103.5,-124.51171875,-0.2685546875
103.8,-123.681640625,-0.3125
104.1,-123.681640625,-0.3515625
104.4,-123.681640625,-0.4248046875
104.7,-113.720703125,-0.5322265625
105.0,-107.080078125,-0.6689453125
105.3,-106.25,-0.7470703125
105.6,-106.25,-0.8642578125
105.9,-102.9296875,-0.9765625
106.2,-103.759765625,-1.1083984375
106.5,-102.9296875,-1.259765625
106.8,-109.5703125,-1.337890625
107.1,-105.419921875,-1.4501953125
107.4,-107.080078125,-1.5576171875
107.7,-106.25,-1.669921875
108.0,-106.25,-1.7724609375
108.3,-107.91015625,-1.81640625
108.6,-108.740234375,-1.9140625
108.9,-110.400390625,-1.943359375
109.2,-111.23046875,-2.0166015625
109.5,-112.890625,-2.109375
109.8,-112.890625,-2.1240234375
110.1,-114.55078125,-2.1484375
110.4,-116.2109375,-2.1435546875
110.7,-117.87109375,-2.1142578125
111.0,-118.701171875,-2.1484375
111.3,-119.53125,-2.1337890625
111.6,-122.021484375,-2.08984375
111.9,-122.021484375,-2.0361328125
112.2,-123.681640625,-2.0703125
112.5,-125.341796875,-2.05078125
112.8,-126.171875,-2.01171875
113.1,-128.662109375,-1.89453125
113.4,-129.4921875,-1.826171875
113.7,-131.15234375,-1.7236328125
114.0,-131.15234375,-1.6552734375
114.3,-132.8125,-1.5966796875
114.6,-133.642578125,-1.4990234375
114.9,-135.302734375,-1.3671875
115.2,-136.962890625,-1.2353515625
115.5,-138.623046875,-1.1376953125
115.8,-139.453125,-1.0009765625
116.1,-141.11328125,-0.8984375
116.4,-142.7734375,-0.8203125
116.7,-142.7734375,-0.751953125
117.0,-143.603515625,-0.68359375
117.3,-146.09375,-0.595703125
117.6,-146.09375,-0.4736328125
117.9,-147.75390625,-0.33203125
118.2,-148.583984375,-0.263671875
118.5,-150.244140625,-0.205078125
118.8,-152.734375,-0.2001953125
119.1,-153.564453125,-0.146484375
119.4,-155.224609375,-0.13671875
119.7,-156.884765625,-0.0830078125
120.0,-156.884765625,-0.09765625
120.3,-157.71484375,-0.1611328125
120.6,-159.375,-0.2001953125
120.9,-161.03515625,-0.244140625
121.2,-161.865234375,-0.263671875
121.5,-163.525390625,-0.224609375
121.8,-166.015625,-0.244140625
122.1,-166.015625,-0.1953125
122.4,-167.67578125,-0.1708984375
122.7,-168.505859375,-0.107421875
123.0,-170.166015625,-0.0439453125
123.3,-170.99609375,0.0634765625
123.6,-172.65625,0.0537109375
123.9,-107.080078125,-0.009765625
124.2,-109.5703125,-0.0927734375
124.5,-110.400390625,-0.185546875
124.8,-112.060546875,-0.244140625
125.1,-112.060546875,-0.2978515625
125.4,-113.720703125,-0.33203125
125.7,-115.380859375,-0.37109375
126.0,-116.2109375,-0.400390625
126.3,-117.87109375,-0.4296875
126.6,-120.361328125,-0.4150390625
126.9,-120.361328125,-0.4443359375
127.2,-122.021484375,-0.458984375
127.5,-123.681640625,-0.458984375
127.8,-123.681640625,-0.46875
128.1,-126.171875,-0.48828125
128.4,-126.171875,-0.5615234375
128.7,-128.662109375,-0.5908203125
129.0,-129.4921875,-0.5517578125
129.3,-131.15234375,-0.5126953125
129.6,-131.15234375,-0.46875
129.9,-133.642578125,-0.3857421875
130.2,-134.47265625,-0.3173828125
130.5,-136.1328125,-0.244140625
130.8,-136.1328125,-0.205078125
131.1,-137.79296875,-0.1904296875
131.4,-139.453125,-0.15625
131.7,-141.11328125,-0.05859375
132.0,-141.943359375,-0.0341796875
132.3,-143.603515625,0.05859375
132.6,-144.43359375,0.1611328125
132.9,-146.09375,0.15625
133.2,-147.75390625,0.2294921875
133.5,-149.4140625,0.29296875
133.8,-150.244140625,0.37109375
134.1,-151.07421875,0.4248046875
134.4,-152.734375,0.390625
134.7,-153.564453125,0.341796875
135.0,-156.0546875,0.3125
135.3,-156.884765625,0.2783203125
135.6,-158.544921875,0.2001953125
135.9,-158.544921875,0.1171875
136.2,-161.03515625,0.01953125
136.5,-161.03515625,0.009765625
136.8,-163.525390625,-0.0634765625
137.1,-163.525390625,-0.078125
137.4,-165.185546875,-0.0439453125
137.7,-166.015625,-0.0146484375
138.0,-169.3359375,-0.009765625
138.3,-169.3359375,0.0048828125
138.6,-170.99609375,0.0341796875
138.9,-170.166015625,0.087890625
139.2,-170.99609375,0.1220703125
139.5,-171.826171875,0.146484375
139.8,-172.65625,0.2001953125
140.1,-107.080078125,0.1904296875
140.4,-107.91015625,0.048828125
140.7,-107.91015625,-0.0390625
141.0,-108.740234375,-0.1611328125
141.3,-109.5703125,-0.2978515625
141.6,-109.5703125,-0.41015625
141.9,-110.400390625,-0.5126953125
142.2,-110.400390625,-0.546875
142.5,-111.23046875,-0.576171875
142.8,-111.23046875,-0.5810546875
143.1,-112.060546875,-0.6494140625
143.4,-112.890625,-0.771484375
143.7,-113.720703125,-0.8447265625
144.0,-113.720703125,-0.8935546875
144.3,-113.720703125,-0.9619140625
144.6,-114.55078125,-0.986328125
144.9,-114.55078125,-0.9716796875
145.2,-116.2109375,-0.9423828125
145.5,-116.2109375,-0.9326171875
145.8,-116.2109375,-0.9375
146.1,-117.041015625,-1.005859375
146.4,-117.041015625,-1.005859375
146.7,-117.87109375,-0.986328125
147.0,-117.87109375,-0.9765625
147.3,-118.701171875,-1.005859375
147.6,-119.53125,-1.044921875
147.9,-119.53125,-0.9814453125
148.2,-120.361328125,-0.9912109375
148.5,-120.361328125,-0.9814453125
148.8,-121.19140625,-0.9765625
149.1,-121.19140625,-0.947265625
149.4,-122.021484375,-0.9423828125
149.7,-122.021484375,-0.9814453125
150.0,-122.8515625,-0.947265625
150.3,-123.681640625,-0.927734375
150.6,-123.681640625,-0.8984375
150.9,-124.51171875,-0.888671875
151.2,-125.341796875,-0.927734375
151.5,-125.341796875,-0.908203125
151.8,-125.341796875,-0.908203125
152.1,-125.341796875,-0.9228515625
152.4,-126.171875,-0.8642578125
152.7,-127.001953125,-0.8642578125
153.0,-127.83203125,-0.830078125
153.3,-127.83203125,-0.8154296875
153.6,-128.662109375,-0.771484375
153.9,-127.83203125,-0.7177734375
154.2,-128.662109375,-0.7275390625
154.5,-129.4921875,-0.712890625
154.8,-129.4921875,-0.6884765625
155.1,-130.322265625,-0.6591796875
155.4,-130.322265625,-0.6103515625
155.7,-131.15234375,-0.6005859375
156.0,-131.15234375,-0.5859375
156.3,-131.982421875,-0.546875
156.6,-131.982421875,-0.4833984375
156.9,-133.642578125,-0.400390625
157.2,-132.8125,-0.3564453125
157.5,-133.642578125,-0.2783203125
157.8,-133.642578125,-0.1953125
158.1,-135.302734375,-0.146484375
158.4,-135.302734375,-0.0537109375
158.7,-135.302734375,0.048828125
159.0,-136.1328125,0.1025390625
159.3,-136.962890625,0.1416015625
159.6,-136.962890625,0.1416015625
159.9,-136.962890625,0.21484375
160.2,-136.962890625,0.2587890625
160.5,-137.79296875,0.3466796875
160.8,-137.79296875,0.37109375
161.1,-139.453125,0.41015625
161.4,-139.453125,0.4736328125
161.7,-139.453125,0.5224609375
162.0,-141.11328125,0.537109375
162.3,-141.11328125,0.60546875
162.6,-140.283203125,0.6640625
162.9,-141.943359375,0.68359375
163.2,-142.7734375,0.7275390625
163.5,-142.7734375,0.7421875
163.8,-142.7734375,0.76171875
164.1,-142.7734375,0.810546875
164.4,-143.603515625,0.7861328125
164.7,-145.263671875,0.78125
165.0,-144.43359375,0.80078125
165.3,-145.263671875,0.810546875
165.6,-145.263671875,0.83984375
165.9,-146.923828125,0.83984375
166.2,-146.09375,0.87890625
166.5,-146.923828125,0.8935546875
166.8,-146.923828125,0.9375
167.1,-147.75390625,0.9716796875
167.4,-148.583984375,1.025390625
167.7,-148.583984375,1.03515625
168.0,-149.4140625,1.0498046875
168.3,-150.244140625,1.0302734375
168.6,-149.4140625,0.99609375
168.9,-151.07421875,0.9326171875
169.2,-150.244140625,0.9375
169.5,-151.07421875,0.9521484375
169.8,-151.07421875,0.9130859375
170.1,-151.904296875,0.9423828125
170.4,-151.904296875,0.966796875
170.7,-152.734375,0.986328125
171.0,-152.734375,0.9423828125
171.3,-152.734375,0.9716796875
171.6,-152.734375,0.947265625
171.9,-154.39453125,0.9375
172.2,-155.224609375,0.8349609375
172.5,-155.224609375,0.7861328125
172.8,-156.0546875,0.771484375
173.1,-155.224609375,0.7373046875
173.4,-156.0546875,0.7373046875
173.7,-156.0546875,0.6640625
174.0,-156.884765625,0.546875
174.3,-156.884765625,0.4638671875
174.6,-158.544921875,0.419921875
174.9,-158.544921875,0.3466796875
175.2,-159.375,0.302734375
175.5,-158.544921875,0.302734375
175.8,-159.375,0.2392578125
176.1,-160.205078125,0.1904296875
176.4,-160.205078125,0.1123046875
176.7,-160.205078125,0.09765625
177.0,-161.03515625,0.05859375
177.3,-161.865234375,0.0634765625
177.6,-162.6953125,0.0439453125
177.9,-162.6953125,0.078125
178.2,-162.6953125,0.1123046875
178.5,-163.525390625,0.1220703125
178.8,-163.525390625,0.2001953125
179.1,-163.525390625,0.224609375
179.4,-164.35546875,0.25390625
179.7,-164.35546875,0.322265625
180.0,-165.185546875,0.4150390625
180.3,-166.015625,0.5029296875
180.6,-166.845703125,0.556640625
180.9,-166.845703125,0.537109375
181.2,-167.67578125,0.546875
181.5,-167.67578125,0.56640625
181.8,-167.67578125,0.576171875
182.1,-168.505859375,0.595703125
182.4,-167.67578125,0.5908203125
182.7,-168.505859375,0.60546875
183.0,-169.3359375,0.634765625
183.3,-170.166015625,0.72265625
183.6,-170.99609375,0.78125
183.9,-170.99609375,0.7666015625
184.2,-170.99609375,0.771484375
184.5,-172.65625,0.8154296875
184.8,-170.166015625,0.8544921875
185.1,-172.65625,0.87890625
185.4,-106.25,0.908203125
185.7,-107.91015625,0.7666015625
186.0,-107.080078125,0.6494140625
186.3,-107.91015625,0.5078125
186.6,-108.740234375,0.380859375
186.9,-109.5703125,0.2978515625
187.2,-108.740234375,0.1611328125
187.5,-108.740234375,0.01953125
187.8,-109.5703125,-0.068359375
188.1,-110.400390625,-0.1025390625
188.4,-110.400390625,-0.17578125
188.7,-111.23046875,-0.2587890625
189.0,-111.23046875,-0.3466796875
189.3,-112.890625,-0.3759765625
189.6,-112.890625,-0.419921875
189.9,-112.890625,-0.4345703125
190.2,-112.890625,-0.4833984375
190.5,-113.720703125,-0.4931640625
190.8,-114.55078125,-0.556640625
191.1,-115.380859375,-0.5908203125
191.4,-115.380859375,-0.64453125
191.7,-116.2109375,-0.6640625
192.0,-117.041015625,-0.693359375
192.3,-117.041015625,-0.712890625
192.6,-117.041015625,-0.7666015625
192.9,-117.041015625,-0.810546875
193.2,-117.87109375,-0.7861328125
193.5,-117.87109375,-0.8056640625
193.8,-119.53125,-0.8544921875
194.1,-118.701171875,-0.888671875
194.4,-120.361328125,-0.9033203125
194.7,-121.19140625,-0.9033203125
195.0,-121.19140625,-0.9033203125
195.3,-121.19140625,-0.9033203125
195.6,-122.021484375,-0.91796875
195.9,-122.021484375,-0.9375
196.2,-122.8515625,-0.9423828125
196.5,-122.021484375,-0.9033203125
196.8,-123.681640625,-0.8984375
197.1,-122.021484375,-0.9130859375
197.4,-124.51171875,-0.927734375
197.7,-124.51171875,-0.986328125
198.0,-125.341796875,-1.0107421875
198.3,-125.341796875,-1.0498046875
198.6,-126.171875,-1.064453125
198.9,-125.341796875,-1.044921875
199.2,-126.171875,-1.0302734375
199.5,-126.171875,-1.09375
199.8,-127.83203125,-1.1181640625
200.1,-127.83203125,-1.123046875
200.4,-128.662109375,-1.1181640625
200.7,-129.4921875,-1.0888671875
201.0,-129.4921875,-1.0498046875
201.3,-129.4921875,-0.99609375
201.6,-130.322265625,-0.986328125
201.9,-129.4921875,-0.9765625
202.2,-131.15234375,-0.947265625
202.5,-131.982421875,-0.8837890625
202.8,-131.982421875,-0.8154296875
203.1,-132.8125,-0.7470703125
203.4,-132.8125,-0.634765625
203.7,-133.642578125,-0.615234375
204.0,-132.8125,-0.56640625
204.3,-132.8125,-0.5078125
204.6,-134.47265625,-0.44921875
204.9,-135.302734375,-0.4248046875
205.2,-136.1328125,-0.3564453125
205.5,-135.302734375,-0.3271484375
205.8,-136.1328125,-0.2099609375
206.1,-136.1328125,-0.1416015625
206.4,-136.1328125,-0.0732421875
206.7,-137.79296875,-0.029296875
207.0,-137.79296875,0.0537109375
207.3,-138.623046875,0.078125
207.6,-138.623046875,0.107421875
207.9,-139.453125,0.1708984375
208.2,-138.623046875,0.205078125
208.5,-140.283203125,0.2587890625
208.8,-139.453125,0.2783203125
209.1,-141.11328125,0.341796875
209.4,-140.283203125,0.4248046875
209.7,-141.943359375,0.478515625
210.0,-141.943359375,0.576171875
210.3,-141.943359375,0.64453125
210.6,-142.7734375,0.6640625
210.9,-142.7734375,0.68359375
211.2,-142.7734375,0.673828125
211.5,-143.603515625,0.751953125
211.8,-145.263671875,0.78125
212.1,-144.43359375,0.8056640625
212.4,-145.263671875,0.8251953125
212.7,-146.09375,0.830078125
213.0,-146.09375,0.8447265625
213.3,-146.923828125,0.8544921875
213.6,-146.923828125,0.908203125
213.9,-146.923828125,0.9423828125
214.2,-147.75390625,0.927734375
214.5,-147.75390625,0.9326171875
214.8,-148.583984375,0.9130859375
215.1,-148.583984375,0.8984375
215.4,-150.244140625,0.9375
215.7,-149.4140625,0.9375
216.0,-151.07421875,0.9130859375
216.3,-151.07421875,0.9423828125
216.6,-151.904296875,0.9423828125
216.9,-151.07421875,0.8935546875
217.2,-152.734375,0.927734375
217.5,-152.734375,0.908203125
217.8,-152.734375,0.8984375
218.1,-153.564453125,0.8935546875
218.4,-153.564453125,0.9375
218.7,-154.39453125,0.9716796875
219.0,-155.224609375,1.005859375
219.3,-155.224609375,0.927734375
219.6,-155.224609375,0.859375
219.9,-155.224609375,0.810546875
220.2,-156.0546875,0.76171875
220.5,-156.884765625,0.68359375
220.8,-156.884765625,0.60546875
221.1,-157.71484375,0.5517578125
221.4,-157.71484375,0.52734375
221.7,-158.544921875,0.5126953125
222.0,-158.544921875,0.4541015625
222.3,-159.375,0.4296875
222.6,-158.544921875,0.37109375
222.9,-159.375,0.33203125
223.2,-160.205078125,0.283203125
223.5,-161.03515625,0.244140625
223.8,-160.205078125,0.244140625
224.1,-161.865234375,0.244140625
224.4,-161.865234375,0.263671875
224.7,-162.6953125,0.2197265625
225.0,-161.865234375,0.1708984375
225.3,-163.525390625,0.17578125
225.6,-162.6953125,0.2099609375
225.9,-164.35546875,0.234375
226.2,-163.525390625,0.2783203125
226.5,-165.185546875,0.2392578125
226.8,-165.185546875,0.25390625
227.1,-166.015625,0.21484375
227.4,-166.015625,0.2490234375
227.7,-166.015625,0.322265625
228.0,-166.015625,0.3564453125
228.3,-166.845703125,0.400390625
228.6,-167.67578125,0.44921875
228.9,-168.505859375,0.4736328125
229.2,-168.505859375,0.4931640625
229.5,-168.505859375,0.5224609375
229.8,-169.3359375,0.576171875
230.1,-170.166015625,0.5908203125
230.4,-170.99609375,0.595703125
230.7,-170.166015625,0.60546875
231.0,-171.826171875,0.6787109375
231.3,-170.99609375,0.693359375
231.6,-171.826171875,0.7373046875
231.9,-171.826171875,0.7470703125
232.2,-107.080078125,0.771484375
232.5,-107.080078125,0.64453125
232.8,-107.91015625,0.546875
233.1,-107.91015625,0.4443359375
233.4,-108.740234375,0.341796875
233.7,-108.740234375,0.2490234375
234.0,-108.740234375,0.15625
234.3,-108.740234375,0.087890625
234.6,-110.400390625,-0.0048828125
234.9,-110.400390625,-0.107421875
235.2,-111.23046875,-0.1806640625
235.5,-112.060546875,-0.234375
235.8,-112.060546875,-0.3271484375
236.1,-112.060546875,-0.3857421875
236.4,-112.060546875,-0.439453125
236.7,-112.890625,-0.5078125
237.0,-113.720703125,-0.5029296875
237.3,-115.380859375,-0.5322265625
237.6,-114.55078125,-0.56640625
237.9,-115.380859375,-0.5859375
238.2,-115.380859375,-0.6201171875
238.5,-116.2109375,-0.6591796875
238.8,-117.041015625,-0.6640625
239.1,-117.87109375,-0.6884765625
239.4,-117.041015625,-0.751953125
239.7,-117.87109375,-0.78125
240.0,-117.87109375,-0.8056640625
240.3,-118.701171875,-0.849609375
240.6,-118.701171875,-0.927734375
240.9,-119.53125,-0.9423828125
241.2,-120.361328125,-0.9765625
241.5,-120.361328125,-0.9765625
241.8,-121.19140625,-0.986328125
242.1,-120.361328125,-0.99609375
242.4,-122.021484375,-1.005859375
242.7,-122.021484375,-1.015625
243.0,-122.8515625,-1.0400390625
243.3,-122.8515625,-1.1083984375
243.6,-123.681640625,-1.123046875
243.9,-123.681640625,-1.1181640625
244.2,-124.51171875,-1.09375
244.5,-124.51171875,-1.064453125
244.8,-125.341796875,-1.0546875
245.1,-125.341796875,-1.09375
245.4,-125.341796875,-1.1083984375
245.7,-126.171875,-1.15234375
246.0,-127.001953125,-1.1474609375
246.3,-127.001953125,-1.083984375
246.6,-127.83203125,-1.0595703125
246.9,-128.662109375,-1.07421875
247.2,-128.662109375,-1.0595703125
247.5,-128.662109375,-1.0791015625
247.8,-130.322265625,-1.03515625
248.1,-128.662109375,-0.947265625
248.4,-130.322265625,-0.966796875
248.7,-130.322265625,-0.9375
249.0,-131.15234375,-0.9375
249.3,-131.982421875,-0.8837890625
249.6,-131.15234375,-0.8251953125
249.9,-133.642578125,-0.76171875
250.2,-133.642578125,-0.7080078125
250.5,-133.642578125,-0.64453125
250.8,-132.8125,-0.546875
251.1,-133.642578125,-0.44921875
251.4,-134.47265625,-0.3857421875
251.7,-135.302734375,-0.3076171875
252.0,-135.302734375,-0.2783203125
252.3,-136.1328125,-0.21484375
252.6,-136.962890625,-0.15625
252.9,-136.962890625,-0.1220703125
253.2,-137.79296875,-0.068359375
253.5,-137.79296875,-0.048828125
253.8,-138.623046875,0.009765625
254.1,-138.623046875,0.05859375
254.4,-139.453125,0.1220703125
254.7,-139.453125,0.1416015625
255.0,-140.283203125,0.1904296875
255.3,-141.11328125,0.283203125
255.6,-141.11328125,0.322265625
255.9,-141.943359375,0.419921875
256.2,-141.11328125,0.4931640625
256.5,-142.7734375,0.56640625
256.8,-141.943359375,0.6005859375
257.1,-143.603515625,0.6689453125
257.4,-143.603515625,0.703125
257.7,-144.43359375,0.751953125
258.0,-145.263671875,0.7861328125
258.3,-145.263671875,0.7958984375
258.6,-145.263671875,0.8740234375
258.9,-145.263671875,0.9228515625
259.2,-145.263671875,0.9326171875
259.5,-146.923828125,0.9326171875
259.8,-147.75390625,0.99609375
260.1,-147.75390625,1.03515625
260.4,-148.583984375,1.0498046875
260.7,-148.583984375,1.015625
261.0,-149.4140625,0.99609375
261.3,-148.583984375,0.986328125
261.6,-150.244140625,0.99609375
261.9,-149.4140625,0.9716796875
262.2,-151.07421875,0.966796875
262.5,-150.244140625,0.99609375
262.8,-151.904296875,0.99609375
263.1,-151.904296875,0.9423828125
263.4,-152.734375,0.9228515625
263.7,-152.734375,0.9228515625
264.0,-153.564453125,0.9326171875
264.3,-153.564453125,0.8984375
264.6,-153.564453125,0.8740234375
264.9,-153.564453125,0.8740234375
265.2,-155.224609375,0.8544921875
265.5,-154.39453125,0.8056640625
265.8,-156.0546875,0.7568359375
266.1,-156.884765625,0.712890625
266.4,-156.884765625,0.68359375
266.7,-157.71484375,0.576171875
267.0,-156.884765625,0.5419921875
267.3,-157.71484375,0.5322265625
267.6,-156.884765625,0.4833984375
267.9,-158.544921875,0.458984375
268.2,-158.544921875,0.3955078125
268.5,-160.205078125,0.33203125
268.8,-159.375,0.302734375
269.1,-160.205078125,0.3515625
269.4,-160.205078125,0.3369140625
269.7,-161.03515625,0.3125
270.0,-161.03515625,0.2880859375
270.3,-161.865234375,0.2490234375
270.6,-161.865234375,0.2783203125
270.9,-161.865234375,0.322265625
271.2,-162.6953125,0.3125
271.5,-164.35546875,0.3369140625
271.8,-164.35546875,0.3515625
272.1,-164.35546875,0.3662109375
272.4,-165.185546875,0.3955078125
272.7,-165.185546875,0.4443359375
273.0,-166.015625,0.46875
273.3,-165.185546875,0.52734375
273.6,-166.845703125,0.52734375
273.9,-167.67578125,0.5712890625
274.2,-166.845703125,0.64453125
274.5,-167.67578125,0.654296875
274.8,-167.67578125,0.6103515625
275.1,-168.505859375,0.6396484375
275.4,-168.505859375,0.6201171875
275.7,-169.3359375,0.6591796875
276.0,-170.166015625,0.654296875
276.3,-170.99609375,0.6298828125
276.6,-170.166015625,0.5810546875
276.9,-170.166015625,0.615234375
277.2,-170.99609375,0.6591796875
277.5,-171.826171875,0.6298828125
277.8,-171.826171875,0.625
278.1,-172.65625,0.6591796875
278.4,-107.080078125,0.576171875
278.7,-107.080078125,0.4541015625
279.0,-107.080078125,0.3271484375
279.3,-107.91015625,0.224609375
279.6,-109.5703125,0.1025390625
279.9,-108.740234375,-0.0244140625
280.2,-109.5703125,-0.15625
280.5,-109.5703125,-0.2294921875
280.8,-111.23046875,-0.2685546875
281.1,-109.5703125,-0.2978515625
281.4,-111.23046875,-0.37109375
281.7,-111.23046875,-0.4443359375
282.0,-112.060546875,-0.5078125
282.3,-112.060546875,-0.556640625
282.6,-112.890625,-0.60546875
282.9,-112.890625,-0.5859375
283.2,-112.890625,-0.64453125
283.5,-112.890625,-0.7470703125
283.8,-114.55078125,-0.8349609375
284.1,-114.55078125,-0.908203125
284.4,-115.380859375,-0.95703125
284.7,-115.380859375,-0.99609375
285.0,-115.380859375,-1.0400390625
285.3,-117.041015625,-1.044921875
285.6,-116.2109375,-0.9912109375
285.9,-117.041015625,-1.0498046875
286.2,-117.041015625,-1.09375
286.5,-117.87109375,-1.1181640625
286.8,-117.87109375,-1.1572265625
287.1,-118.701171875,-1.220703125
287.4,-119.53125,-1.2353515625
287.7,-120.361328125,-1.25
288.0,-121.19140625,-1.2646484375
288.3,-121.19140625,-1.2841796875
288.6,-121.19140625,-1.34765625
288.9,-121.19140625,-1.357421875
289.2,-121.19140625,-1.3671875
289.5,-122.021484375,-1.4111328125
289.8,-122.8515625,-1.416015625
290.1,-123.681640625,-1.40625
290.4,-123.681640625,-1.357421875
290.7,-123.681640625,-1.396484375
291.0,-124.51171875,-1.4013671875
291.3,-124.51171875,-1.4306640625
291.6,-125.341796875,-1.38671875
291.9,-125.341796875,-1.396484375
292.2,-126.171875,-1.435546875
292.5,-127.001953125,-1.416015625
292.8,-127.001953125,-1.416015625
293.1,-127.001953125,-1.42578125
293.4,-127.001953125,-1.3818359375
293.7,-127.001953125,-1.396484375
294.0,-128.662109375,-1.40625
294.3,-128.662109375,-1.3671875
294.6,-130.322265625,-1.3720703125
294.9,-129.4921875,-1.298828125
295.2,-130.322265625,-1.26953125
295.5,-130.322265625,-1.2158203125
295.8,-131.15234375,-1.201171875
296.1,-131.15234375,-1.162109375
296.4,-131.15234375,-1.1279296875
296.7,-132.8125,-1.005859375
297.0,-132.8125,-0.947265625
297.3,-132.8125,-0.869140625
297.6,-133.642578125,-0.771484375
297.9,-134.47265625,-0.703125
298.2,-133.642578125,-0.654296875
298.5,-135.302734375,-0.556640625
298.8,-135.302734375,-0.498046875
299.1,-135.302734375,-0.4443359375
299.4,-135.302734375,-0.3662109375
299.7,-136.1328125,-0.2734375
300.0,-136.962890625,-0.21484375
300.3,-136.962890625,-0.1220703125
300.6,-137.79296875,-0.0146484375
300.9,-136.962890625,0.1025390625
301.2,-138.623046875,0.1904296875
301.5,-138.623046875,0.185546875
301.8,-139.453125,0.2392578125
302.1,-139.453125,0.3125
302.4,-140.283203125,0.3515625
302.7,-140.283203125,0.4150390625
303.0,-141.11328125,0.4345703125
303.3,-141.11328125,0.46875
303.6,-141.943359375,0.5224609375
303.9,-141.943359375,0.56640625
304.2,-141.943359375,0.5810546875
304.5,-141.943359375,0.576171875
304.8,-142.7734375,0.615234375
305.1,-143.603515625,0.6396484375
305.4,-143.603515625,0.6884765625
305.7,-145.263671875,0.72265625
306.0,-143.603515625,0.6982421875
306.3,-146.09375,0.654296875
306.6,-145.263671875,0.6591796875
306.9,-146.09375,0.703125
307.2,-146.09375,0.6884765625
307.5,-147.75390625,0.72265625
307.8,-146.09375,0.72265625
308.1,-147.75390625,0.751953125
308.4,-148.583984375,0.7763671875
308.7,-148.583984375,0.8251953125
309.0,-149.4140625,0.83984375
309.3,-149.4140625,0.7958984375
309.6,-148.583984375,0.76171875
309.9,-150.244140625,0.7275390625
310.2,-151.07421875,0.7177734375
310.5,-150.244140625,0.7666015625
310.8,-151.904296875,0.7470703125
311.1,-152.734375,0.7275390625
311.4,-153.564453125,0.7421875
311.7,-152.734375,0.7421875
312.0,-153.564453125,0.7177734375
312.3,-153.564453125,0.72265625
312.6,-154.39453125,0.72265625
312.9,-154.39453125,0.703125
313.2,-155.224609375,0.6298828125
313.5,-156.0546875,0.6298828125
313.8,-156.0546875,0.615234375
314.1,-156.0546875,0.56640625
314.4,-156.884765625,0.546875
314.7,-156.884765625,0.537109375
315.0,-157.71484375,0.5224609375
315.3,-157.71484375,0.5029296875
315.6,-156.884765625,0.5224609375
315.9,-158.544921875,0.5224609375
316.2,-158.544921875,0.48828125
316.5,-159.375,0.44921875
316.8,-159.375,0.41015625
317.1,-160.205078125,0.390625
317.4,-161.03515625,0.4296875
317.7,-161.03515625,0.419921875
318.0,-161.865234375,0.4296875
318.3,-162.6953125,0.5029296875
318.6,-161.865234375,0.5419921875
318.9,-161.865234375,0.654296875
319.2,-162.6953125,0.7568359375
319.5,-163.525390625,0.849609375
319.8,-165.185546875,0.966796875
320.1,-164.35546875,1.0791015625
320.4,-165.185546875,1.26953125
320.7,-165.185546875,1.40625
321.0,-166.015625,1.591796875
321.3,-164.35546875,1.7724609375
321.6,-166.845703125,1.923828125
321.9,-166.845703125,2.0361328125
322.2,-167.67578125,2.1533203125
322.5,-167.67578125,2.24609375
322.8,-168.505859375,2.36328125
323.1,-167.67578125,2.4755859375
323.4,-169.3359375,2.59765625
323.7,-169.3359375,2.7294921875
324.0,-169.3359375,2.8125
324.3,-170.166015625,2.8759765625
324.6,-170.99609375,2.8857421875
324.9,-170.99609375,2.9931640625
325.2,-170.99609375,3.0615234375
325.5,-171.826171875,3.10546875
325.8,-171.826171875,3.1396484375
326.1,-172.65625,3.2666015625
326.4,-107.080078125,3.2861328125
326.7,-107.080078125,2.939453125
327.0,-107.080078125,2.4951171875
327.3,-108.740234375,2.060546875
327.6,-108.740234375,1.6748046875
327.9,-109.5703125,1.3720703125
328.2,-108.740234375,1.03515625
328.5,-110.400390625,0.7373046875
328.8,-110.400390625,0.4541015625
329.1,-110.400390625,0.1611328125
329.4,-110.400390625,-0.09765625
329.7,-111.23046875,-0.3173828125
330.0,-111.23046875,-0.48828125
330.3,-111.23046875,-0.7373046875
330.6,-112.060546875,-0.9423828125
330.9,-113.720703125,-1.1279296875
331.2,-112.890625,-1.3427734375
331.5,-112.890625,-1.5283203125
331.8,-113.720703125,-1.7138671875
332.1,-114.55078125,-1.8212890625
332.4,-115.380859375,-1.923828125
332.7,-114.55078125,-2.0458984375
333.0,-116.2109375,-2.2265625
333.3,-115.380859375,-2.28515625
333.6,-117.041015625,-2.3291015625
333.9,-117.041015625,-2.998046875
334.2,-117.87109375,-8.0419921875
334.5,-117.041015625,-9.7509765625
334.8,-117.87109375,-10.0
335.1,-117.87109375,-10.0
335.4,-118.701171875,-10.0
335.7,-119.53125,-10.0
336.0,-120.361328125,-10.0
336.3,-120.361328125,-10.0
336.6,-121.19140625,-10.0
336.9,-121.19140625,-10.0
337.2,-121.19140625,-10.0
337.5,-122.021484375,-10.0
337.8,-122.021484375,-10.0
338.1,-122.021484375,-10.0
338.4,-122.8515625,-10.0
338.7,-123.681640625,-10.0
339.0,-123.681640625,-10.0
339.3,-124.51171875,-10.0
339.6,-125.341796875,-10.0
339.9,-124.51171875,-10.0
340.2,-125.341796875,-10.0
340.5,-125.341796875,-10.0
340.8,-127.001953125,-10.0
341.1,-126.171875,-10.0
341.4,-127.83203125,-10.0
341.7,-127.83203125,-10.0
342.0,-128.662109375,-10.0
342.3,-128.662109375,-10.0
342.6,-128.662109375,-10.0
342.9,-129.4921875,-10.0
343.2,-129.4921875,-10.0
343.5,-129.4921875,-10.0
343.8,-130.322265625,-10.0
344.1,-130.322265625,-10.0
344.4,-131.982421875,-10.0
344.7,-131.982421875,-10.0
345.0,-132.8125,-10.0
345.3,-132.8125,-10.0
345.6,-132.8125,-10.0
345.9,-133.642578125,-10.0
346.2,-133.642578125,-10.0
346.5,-134.47265625,-10.0
346.8,-133.642578125,-10.0
347.1,-136.1328125,-10.0
347.4,-135.302734375,-10.0
347.7,-136.1328125,-10.0
348.0,-136.1328125,-10.0
348.3,-136.962890625,-10.0
348.6,-136.1328125,-9.931640625
348.9,-137.79296875,-9.423828125
349.2,-136.962890625,-8.935546875
349.5,-138.623046875,-8.427734375
349.8,-138.623046875,-7.9833984375
350.1,-140.283203125,-7.5341796875
350.4,-139.453125,-7.119140625
350.7,-141.11328125,-6.7236328125
351.0,-140.283203125,-6.3671875
351.3,-141.11328125,-5.99609375
351.6,-141.11328125,-5.6494140625
351.9,-141.943359375,-5.3173828125
352.2,-142.7734375,-4.9853515625
352.5,-142.7734375,-4.58984375
352.8,-142.7734375,-4.2431640625
353.1,-143.603515625,-3.9599609375
353.4,-144.43359375,-3.6767578125
353.7,-144.43359375,-3.4033203125
354.0,-144.43359375,-3.125
354.3,-144.43359375,-2.841796875
354.6,-145.263671875,-2.626953125
354.9,-145.263671875,-2.40234375
355.2,-146.09375,-2.138671875
355.5,-146.923828125,-1.9189453125
355.8,-147.75390625,-1.7236328125
356.1,-147.75390625,-1.54296875
356.4,-146.923828125,-1.357421875
356.7,-147.75390625,-1.171875
357.0,-147.75390625,-1.064453125
357.3,-150.244140625,-0.8544921875
357.6,-149.4140625,-0.673828125
357.9,-150.244140625,-0.5419921875
358.2,-151.07421875,-0.3515625
358.5,-151.07421875,-0.1904296875
358.8,-151.07421875,-0.05859375
359.1,-151.904296875,0.078125
359.4,-151.904296875,0.185546875
359.7,-151.904296875,0.3271484375
360.0,-152.734375,0.400390625
360.3,-152.734375,0.5029296875
360.6,-153.564453125,0.5810546875
360.9,-154.39453125,0.6787109375
361.2,-155.224609375,0.76171875
361.5,-155.224609375,0.810546875
361.8,-156.884765625,0.8740234375
362.1,-155.224609375,0.9130859375
362.4,-156.884765625,0.9326171875
362.7,-156.0546875,0.9716796875
363.0,-156.884765625,1.005859375
363.3,-156.884765625,1.07421875
363.6,-158.544921875,1.162109375
363.9,-158.544921875,1.1474609375
364.2,-159.375,1.1328125
364.5,-158.544921875,1.15234375
364.8,-159.375,1.1865234375
365.1,-159.375,1.142578125
365.4,-160.205078125,1.123046875
365.7,-160.205078125,1.1279296875
366.0,-161.865234375,1.15234375
366.3,-162.6953125,1.2158203125
366.6,-161.865234375,1.2353515625
366.9,-162.6953125,1.2548828125
367.2,-162.6953125,1.2939453125
367.5,-163.525390625,1.2841796875
367.8,-162.6953125,1.328125
368.1,-163.525390625,1.3720703125
368.4,-165.185546875,1.3720703125
368.7,-163.525390625,1.4404296875
369.0,-164.35546875,1.5625
369.3,-165.185546875,1.6552734375
369.6,-166.015625,1.728515625
369.9,-166.015625,1.8310546875
370.2,-166.845703125,1.8896484375
370.5,-166.845703125,1.9921875
370.8,-166.845703125,2.0703125
371.1,-166.845703125,2.12890625
371.4,-168.505859375,2.24609375
371.7,-168.505859375,2.3828125
372.0,-168.505859375,2.4658203125
372.3,-169.3359375,2.5439453125
372.6,-170.99609375,2.6025390625
372.9,-170.166015625,2.7099609375
373.2,-170.99609375,2.7734375
373.5,-170.99609375,2.8076171875
373.8,-171.826171875,2.8857421875
374.1,-170.99609375,2.9248046875
374.4,-171.826171875,2.94921875
374.7,-172.65625,2.998046875
375.0,-107.91015625,2.96875
375.3,-107.080078125,2.6611328125
375.6,-107.91015625,2.3046875
375.9,-107.91015625,1.9921875
376.2,-107.91015625,1.6162109375
376.5,-108.740234375,1.2744140625
376.8,-108.740234375,0.9619140625
377.1,-109.5703125,0.693359375
377.4,-109.5703125,0.44921875
377.7,-109.5703125,0.2294921875
378.0,-111.23046875,0.009765625
378.3,-110.400390625,-0.2587890625
378.6,-111.23046875,-0.478515625
378.9,-111.23046875,-0.634765625
379.2,-112.060546875,-0.7958984375
379.5,-112.890625,-0.9912109375
379.8,-113.720703125,-1.1962890625
380.1,-112.890625,-1.318359375
380.4,-112.890625,-1.46484375
380.7,-113.720703125,-1.630859375
381.0,-114.55078125,-1.7236328125
381.3,-115.380859375,-1.806640625
381.6,-115.380859375,-1.9140625
381.9,-116.2109375,-2.01171875
382.2,-116.2109375,-2.0947265625
382.5,-116.2109375,-2.1728515625
382.8,-117.041015625,-2.275390625
383.1,-117.041015625,-2.3779296875
383.4,-117.87109375,-2.4072265625
383.7,-117.87109375,-2.451171875
384.0,-119.53125,-2.548828125
384.3,-117.87109375,-2.568359375
384.6,-119.53125,-2.6220703125
384.9,-119.53125,-2.626953125
385.2,-119.53125,-2.666015625
385.5,-121.19140625,-2.705078125
385.8,-120.361328125,-2.7197265625
386.1,-121.19140625,-2.75390625
386.4,-122.021484375,-2.8125
386.7,-122.021484375,-2.8173828125
387.0,-122.8515625,-2.8076171875
387.3,-122.8515625,-2.802734375
387.6,-122.8515625,-2.8662109375
387.9,-124.51171875,-2.880859375
388.2,-123.681640625,-2.9248046875
388.5,-125.341796875,-2.9541015625
388.8,-124.51171875,-2.9736328125
389.1,-125.341796875,-2.9638671875
389.4,-125.341796875,-2.958984375
389.7,-126.171875,-2.919921875
390.0,-126.171875,-2.9248046875
390.3,-127.83203125,-2.9150390625
390.6,-127.83203125,-2.958984375
390.9,-127.83203125,-2.9541015625
391.2,-127.83203125,-2.8515625
391.5,-128.662109375,-2.8125
391.8,-128.662109375,-2.7685546875
392.1,-129.4921875,-2.705078125
392.4,-129.4921875,-2.607421875
392.7,-130.322265625,-2.51953125
393.0,-131.15234375,-2.4267578125
393.3,-131.15234375,-2.3291015625
393.6,-131.982421875,-2.2607421875
393.9,-131.982421875,-2.119140625
394.2,-132.8125,-2.05078125
394.5,-131.982421875,-1.9677734375
394.8,-132.8125,-1.8115234375
395.1,-132.8125,-1.6650390625
395.4,-133.642578125,-1.552734375
395.7,-134.47265625,-1.42578125
396.0,-134.47265625,-1.30859375
396.3,-135.302734375,-1.171875
396.6,-135.302734375,-1.0693359375
396.9,-136.1328125,-0.947265625
397.2,-136.962890625,-0.83984375
397.5,-136.962890625,-0.712890625
397.8,-136.1328125,-0.556640625
398.1,-137.79296875,-0.419921875
398.4,-137.79296875,-0.3369140625
398.7,-138.623046875,-0.2294921875
399.0,-138.623046875,-0.1123046875
399.3,-140.283203125,-0.0244140625
399.6,-138.623046875,0.068359375
399.9,-140.283203125,0.1904296875
400.2,-139.453125,0.3076171875
400.5,-141.11328125,0.4541015625
400.8,-141.943359375,0.5615234375
401.1,-141.943359375,0.64453125
401.4,-142.7734375,0.7177734375
401.7,-143.603515625,0.869140625
402.0,-143.603515625,0.986328125
402.3,-143.603515625,1.07421875
402.6,-143.603515625,1.162109375
402.9,-143.603515625,1.2109375
403.2,-144.43359375,1.3134765625
403.5,-145.263671875,1.416015625
403.8,-146.09375,1.4599609375
404.1,-146.09375,1.50390625
404.4,-146.923828125,1.5283203125
404.7,-146.09375,1.611328125
405.0,-147.75390625,1.71875
405.3,-146.923828125,1.806640625
405.6,-147.75390625,1.8408203125
405.9,-148.583984375,1.8798828125
406.2,-148.583984375,1.8701171875
406.5,-149.4140625,1.9189453125
406.8,-150.244140625,1.9775390625
407.1,-150.244140625,2.0751953125
407.4,-151.07421875,2.1875
407.7,-151.07421875,2.216796875
408.0,-151.07421875,2.2900390625
408.3,-151.07421875,2.3681640625
408.6,-152.734375,2.44140625
408.9,-153.564453125,2.44140625
409.2,-153.564453125,2.421875
409.5,-152.734375,2.4462890625
409.8,-154.39453125,2.412109375
410.1,-154.39453125,2.4365234375
410.4,-155.224609375,2.431640625
410.7,-155.224609375,2.421875
411.0,-155.224609375,2.44140625
411.3,-155.224609375,2.3681640625
411.6,-156.0546875,2.32421875
411.9,-156.0546875,2.314453125
412.2,-156.884765625,2.28515625
412.5,-158.544921875,2.2802734375
412.8,-156.884765625,2.24609375
413.1,-158.544921875,2.24609375
413.4,-158.544921875,2.2412109375
413.7,-159.375,2.197265625
414.0,-159.375,2.1826171875
414.3,-160.205078125,2.1728515625
414.6,-159.375,2.1923828125
414.9,-160.205078125,2.1142578125
415.2,-161.03515625,2.0947265625
415.5,-162.6953125,2.138671875
415.8,-161.865234375,2.1484375
416.1,-162.6953125,2.197265625
416.4,-163.525390625,2.1875
416.7,-162.6953125,2.1630859375
417.0,-162.6953125,2.1923828125
417.3,-163.525390625,2.216796875
417.6,-164.35546875,2.2509765625
417.9,-165.185546875,2.333984375
418.2,-165.185546875,2.333984375
418.5,-166.015625,2.40234375
418.8,-167.67578125,2.4462890625
419.1,-166.015625,2.5341796875
419.4,-166.845703125,2.5830078125
419.7,-166.845703125,2.65625
420.0,-167.67578125,2.7392578125
420.3,-167.67578125,2.7587890625
420.6,-169.3359375,2.8076171875
420.9,-168.505859375,2.8955078125
421.2,-170.166015625,2.900390625
421.5,-170.166015625,2.9931640625
421.8,-170.166015625,3.076171875
422.1,-170.166015625,3.0908203125
422.4,-170.99609375,3.1298828125
422.7,-170.99609375,3.22265625
423.0,-171.826171875,3.2763671875
423.3,-172.65625,3.2763671875
423.6,-172.65625,3.349609375
423.9,-107.080078125,3.14453125
424.2,-107.080078125,2.71484375
424.5,-107.91015625,2.3095703125
424.8,-107.91015625,1.93359375
425.1,-108.740234375,1.5576171875
425.4,-108.740234375,1.181640625
425.7,-109.5703125,0.8740234375
426.0,-109.5703125,0.6005859375
426.3,-111.23046875,0.29296875
426.6,-110.400390625,0.01953125
426.9,-112.060546875,-0.283203125
427.2,-111.23046875,-0.5322265625
427.5,-112.060546875,-0.72265625
427.8,-112.060546875,-0.8837890625
428.1,-112.890625,-1.0498046875
428.4,-112.890625,-1.19140625
428.7,-113.720703125,-1.328125
429.0,-114.55078125,-1.4794921875
429.3,-114.55078125,-1.6455078125
429.6,-115.380859375,-1.728515625
429.9,-115.380859375,-1.9091796875
430.2,-115.380859375,-2.0556640625
430.5,-115.380859375,-2.12890625
430.8,-116.2109375,-2.1875
431.1,-115.380859375,-2.2802734375
431.4,-117.041015625,-2.3291015625
431.7,-117.87109375,-2.3828125
432.0,-118.701171875,-2.3974609375
432.3,-118.701171875,-2.4609375
432.6,-119.53125,-2.51953125
432.9,-118.701171875,-2.607421875
433.2,-120.361328125,-2.7099609375
433.5,-119.53125,-2.783203125
433.8,-121.19140625,-2.83203125
434.1,-120.361328125,-2.7978515625
434.4,-122.021484375,-2.83203125
434.7,-122.021484375,-2.841796875
435.0,-122.8515625,-2.91015625
435.3,-122.8515625,-2.9296875
435.6,-122.8515625,-2.9248046875
435.9,-122.8515625,-2.96875
436.2,-124.51171875,-2.9736328125
436.5,-124.51171875,-2.96875
436.8,-124.51171875,-2.96875
437.1,-125.341796875,-2.978515625
437.4,-126.171875,-2.98828125
437.7,-125.341796875,-2.978515625
438.0,-126.171875,-2.998046875
438.3,-127.001953125,-3.0322265625
438.6,-127.001953125,-3.0322265625
438.9,-127.83203125,-3.0078125
439.2,-127.83203125,-2.9833984375
439.5,-129.4921875,-2.9296875
439.8,-128.662109375,-2.880859375
440.1,-130.322265625,-2.8271484375
440.4,-129.4921875,-2.75390625
440.7,-130.322265625,-2.6806640625
441.0,-130.322265625,-2.55859375
441.3,-131.15234375,-2.4560546875
441.6,-131.15234375,-2.3291015625
441.9,-131.982421875,-2.236328125
442.2,-131.15234375,-2.119140625
442.5,-132.8125,-2.021484375
442.8,-133.642578125,-1.9189453125
443.1,-134.47265625,-1.787109375
443.4,-134.47265625,-1.630859375
443.7,-134.47265625,-1.513671875
444.0,-134.47265625,-1.38671875
444.3,-135.302734375,-1.25
444.6,-135.302734375,-1.044921875
444.9,-136.1328125,-0.869140625
445.2,-136.1328125,-0.7568359375
445.5,-136.962890625,-0.64453125
445.8,-137.79296875,-0.498046875
446.1,-137.79296875,-0.341796875
446.4,-137.79296875,-0.2001953125
446.7,-138.623046875,-0.029296875
447.0,-139.453125,0.107421875
447.3,-138.623046875,0.234375
447.6,-140.283203125,0.3564453125
447.9,-139.453125,0.5078125
448.2,-141.11328125,0.6005859375
448.5,-141.11328125,0.6689453125
448.8,-141.943359375,0.771484375
449.1,-141.11328125,0.8642578125
449.4,-142.7734375,0.9521484375
449.7,-141.943359375,1.0595703125
450.0,-142.7734375,1.1328125
450.3,-142.7734375,1.1865234375
450.6,-143.603515625,1.279296875
450.9,-144.43359375,1.3916015625
451.2,-145.263671875,1.484375
451.5,-145.263671875,1.6015625
451.8,-146.09375,1.7236328125
452.1,-145.263671875,1.7919921875
452.4,-146.09375,1.8603515625
452.7,-146.09375,1.9189453125
453.0,-146.923828125,1.9921875
453.3,-147.75390625,2.0751953125
453.6,-148.583984375,2.1630859375
453.9,-148.583984375,2.2412109375
454.2,-148.583984375,2.265625
454.5,-149.4140625,2.2412109375
454.8,-149.4140625,2.2509765625
455.1,-150.244140625,2.2900390625
455.4,-150.244140625,2.2900390625
455.7,-151.07421875,2.265625
456.0,-151.07421875,2.3779296875
456.3,-151.07421875,2.4609375
456.6,-151.904296875,2.5439453125
456.9,-154.39453125,2.6318359375
457.2,-153.564453125,2.646484375
457.5,-153.564453125,2.734375
457.8,-153.564453125,2.7978515625
458.1,-154.39453125,2.8662109375
458.4,-154.39453125,2.8955078125
458.7,-155.224609375,2.8515625
459.0,-155.224609375,2.841796875
459.3,-156.884765625,2.900390625
459.6,-156.884765625,2.8955078125
459.9,-156.884765625,2.8662109375
460.2,-156.884765625,2.8271484375
460.5,-157.71484375,2.7978515625
460.8,-157.71484375,2.8515625
461.1,-158.544921875,2.822265625
461.4,-157.71484375,2.7685546875
461.7,-159.375,2.7734375
462.0,-159.375,2.783203125
462.3,-160.205078125,2.802734375
462.6,-161.03515625,2.8125
462.9,-161.03515625,2.8369140625
463.2,-161.865234375,2.8857421875
463.5,-161.03515625,2.890625
463.8,-161.03515625,2.8857421875
464.1,-161.865234375,2.919921875
464.4,-162.6953125,2.919921875
464.7,-162.6953125,2.9345703125
465.0,-164.35546875,2.96875
465.3,-163.525390625,3.06640625
465.6,-164.35546875,3.0908203125
465.9,-165.185546875,3.0810546875
466.2,-166.015625,3.1298828125
466.5,-165.185546875,3.1689453125
466.8,-166.015625,3.203125
467.1,-166.015625,3.3154296875
467.4,-166.845703125,3.349609375
467.7,-167.67578125,3.408203125
468.0,-168.505859375,3.49609375
468.3,-167.67578125,3.544921875
468.6,-170.166015625,3.5693359375
468.9,-169.3359375,3.6181640625
469.2,-169.3359375,3.6865234375
469.5,-169.3359375,3.7646484375
469.8,-170.99609375,3.8134765625
470.1,-170.99609375,3.8916015625
470.4,-170.99609375,3.8916015625
470.7,-171.826171875,3.896484375
471.0,-172.65625,3.955078125
471.3,-173.486328125,3.9794921875
471.6,-106.25,3.96484375
471.9,-106.25,3.5888671875
472.2,-107.080078125,3.115234375
472.5,-107.91015625,2.6513671875
472.8,-108.740234375,2.275390625
473.1,-109.5703125,1.9189453125
473.4,-109.5703125,1.5625
473.7,-109.5703125,1.220703125
474.0,-109.5703125,0.888671875
474.3,-110.400390625,0.60546875
474.6,-110.400390625,0.3173828125
474.9,-111.23046875,0.0927734375
475.2,-111.23046875,-0.107421875
475.5,-112.060546875,-0.29296875
475.8,-112.060546875,-0.48828125
476.1,-113.720703125,-0.634765625
476.4,-107.080078125,-0.80078125
476.7,-107.080078125,-1.0595703125
477.0,-106.25,-1.2939453125
477.3,-64.74609375,-1.5380859375
477.6,-176.806640625,-1.5625
477.9,-177.63671875,-1.2744140625
478.2,-176.806640625,-0.9521484375
478.5,-178.466796875,-0.6689453125
478.8,-177.63671875,-0.4345703125
479.1,-178.466796875,-0.166015625
479.4,-188.427734375,0.0732421875
479.7,-203.369140625,0.2587890625
480.0,-210.83984375,0.478515625
480.3,-214.990234375,0.5029296875
480.6,-212.5,0.5126953125
480.9,-106.25,0.380859375
481.2,-106.25,0.09765625
481.5,-107.080078125,-0.224609375
481.8,-106.25,-0.5126953125
482.1,-107.080078125,-0.7861328125
482.4,-106.25,-1.07421875
482.7,-107.080078125,-1.337890625
483.0,-107.080078125,-1.6162109375
483.3,-106.25,-1.81640625
483.6,-106.25,-1.982421875
483.9,-106.25,-2.1630859375
484.2,-107.080078125,-2.3876953125
484.5,-107.080078125,-2.607421875
484.8,-107.91015625,-2.8173828125
485.1,-107.91015625,-3.0029296875
485.4,-109.5703125,-3.1689453125
485.7,-109.5703125,-3.2666015625
486.0,-111.23046875,-3.3984375
486.3,-112.890625,-3.486328125
486.6,-113.720703125,-3.5595703125
486.9,-114.55078125,-3.623046875
487.2,-117.041015625,-3.681640625
487.5,-117.87109375,-3.7158203125
487.8,-117.87109375,-3.7158203125
488.1,-119.53125,-3.6962890625
488.4,-119.53125,-3.7158203125
488.7,-122.8515625,-3.6962890625
489.0,-122.8515625,-3.6328125
489.3,-125.341796875,-3.59375
489.6,-125.341796875,-3.5400390625
489.9,-127.001953125,-3.49609375
490.2,-127.83203125,-3.45703125
490.5,-129.4921875,-3.37890625
490.8,-130.322265625,-3.3056640625
491.1,-131.982421875,-3.212890625
491.4,-131.982421875,-3.0908203125
491.7,-134.47265625,-2.98828125
492.0,-135.302734375,-2.763671875
492.3,-136.1328125,-2.587890625
492.6,-136.962890625,-2.3583984375
492.9,-138.623046875,-1.5673828125
493.2,-139.453125,-0.87890625
493.5,-140.283203125,-0.4248046875
493.8,-141.11328125,0.0732421875
494.1,-143.603515625,0.703125
494.4,-143.603515625,1.0791015625
494.7,-145.263671875,1.357421875
495.0,-146.09375,1.6748046875
495.3,-148.583984375,2.0263671875
495.6,-149.4140625,2.1484375
495.9,-150.244140625,2.275390625
496.2,-151.07421875,2.5048828125
496.5,-151.904296875,2.568359375
496.8,-153.564453125,2.685546875
497.1,-153.564453125,2.744140625
497.4,-156.0546875,2.7001953125
497.7,-156.884765625,2.7294921875
498.0,-158.544921875,2.705078125
498.3,-159.375,2.568359375
498.6,-161.03515625,2.4755859375
498.9,-161.03515625,2.4951171875
499.2,-162.6953125,2.490234375
499.5,-163.525390625,2.5390625
499.8,-165.185546875,2.5927734375
500.1,-166.015625,2.8173828125
500.4,-167.67578125,3.095703125
500.7,-168.505859375,3.251953125
501.0,-170.166015625,3.4130859375
501.3,-170.99609375,3.61328125
501.6,-172.65625,3.76953125
501.9,-172.65625,3.828125
502.2,-174.31640625,3.92578125
502.5,-175.146484375,4.0966796875
502.8,-176.806640625,4.169921875
503.1,-178.466796875,4.453125
503.4,-180.126953125,4.5947265625
503.7,-180.126953125,4.66796875
504.0,-181.787109375,4.892578125
504.3,-182.6171875,4.970703125
504.6,-184.27734375,4.86328125
504.9,-184.27734375,5.029296875
505.2,-185.9375,5.05859375
505.5,-186.767578125,5.029296875
505.8,-188.427734375,4.9560546875
506.1,-190.087890625,5.0244140625
506.4,-190.91796875,4.9560546875
506.7,-191.748046875,5.0244140625
507.0,-193.408203125,4.86328125
507.3,-193.408203125,4.912109375
507.6,-195.068359375,5.1708984375
507.9,-196.728515625,5.2587890625
508.2,-197.55859375,5.4345703125
508.5,-199.21875,5.595703125
508.8,-200.048828125,5.68359375
509.1,-201.708984375,5.6005859375
509.4,-203.369140625,5.44921875
509.7,-204.19921875,5.3955078125
510.0,-204.19921875,5.654296875
510.3,-205.029296875,5.60546875
510.6,-206.689453125,5.5322265625
510.9,-107.080078125,4.7216796875
511.2,-107.91015625,3.2958984375
511.5,-110.400390625,2.1142578125
511.8,-111.23046875,1.142578125
512.1,-112.890625,0.3466796875
512.4,-112.890625,-0.517578125
512.7,-114.55078125,-0.95703125
513.0,-115.380859375,-1.2744140625
513.3,-117.041015625,-1.50390625
513.6,-117.041015625,-1.7626953125
513.9,-119.53125,-2.1923828125
514.2,-120.361328125,-2.548828125
514.5,-122.021484375,-2.5634765625
514.8,-122.8515625,-2.6806640625
515.1,-123.681640625,-2.79296875
515.4,-124.51171875,-2.880859375
515.7,-126.171875,-3.0322265625
516.0,-126.171875,-2.91015625
516.3,-127.83203125,-2.9443359375
516.6,-128.662109375,-2.7294921875
516.9,-131.15234375,-2.529296875
517.2,-132.8125,-2.099609375
517.5,-133.642578125,-1.6650390625
517.8,-135.302734375,-1.259765625
518.1,-135.302734375,-0.7177734375
518.4,-136.1328125,-0.3759765625
518.7,-137.79296875,-0.0634765625
519.0,-138.623046875,0.21484375
519.3,-140.283203125,0.625
519.6,-141.943359375,0.95703125
519.9,-142.7734375,1.3427734375
520.2,-142.7734375,1.6552734375
520.5,-144.43359375,1.9482421875
520.8,-146.09375,2.1484375
521.1,-146.09375,2.3828125
521.4,-148.583984375,2.5146484375
521.7,-149.4140625,2.65625
522.0,-150.244140625,2.8125
522.3,-151.904296875,2.91015625
522.6,-152.734375,2.91015625
522.9,-153.564453125,3.0126953125
523.2,-155.224609375,3.0078125
523.5,-156.0546875,3.017578125
523.8,-157.71484375,2.822265625
524.1,-158.544921875,2.7880859375
524.4,-159.375,2.8125
524.7,-161.03515625,2.6806640625
525.0,-161.865234375,2.6025390625
525.3,-164.35546875,2.5439453125
525.6,-164.35546875,2.6806640625
525.9,-167.67578125,2.6220703125
526.2,-166.015625,2.6123046875
526.5,-168.505859375,2.880859375
526.8,-168.505859375,2.890625
527.1,-170.166015625,3.046875
527.4,-171.826171875,3.1591796875
527.7,-172.65625,3.6328125
528.0,-173.486328125,4.0234375
528.3,-174.31640625,4.2041015625
528.6,-175.9765625,4.27734375
528.9,-176.806640625,4.39453125
529.2,-177.63671875,4.5263671875
529.5,-179.296875,4.5068359375
529.8,-180.126953125,4.6875
530.1,-182.6171875,4.6630859375
530.4,-183.447265625,4.8193359375
530.7,-183.447265625,4.8828125
531.0,-185.9375,4.8388671875
531.3,-186.767578125,4.78515625
531.6,-187.59765625,4.82421875
531.9,-189.2578125,4.775390625
532.2,-188.427734375,4.7021484375
532.5,-190.91796875,4.70703125
532.8,-190.91796875,4.6435546875
533.1,-192.578125,4.6728515625
533.4,-193.408203125,4.6533203125
533.7,-194.23828125,4.892578125
534.0,-195.8984375,5.0439453125
534.3,-196.728515625,5.048828125
534.6,-197.55859375,5.05859375
534.9,-199.21875,5.05859375
535.2,-200.87890625,5.0537109375
535.5,-200.87890625,5.2783203125
535.8,-203.369140625,5.4638671875
536.1,-203.369140625,5.5322265625
536.4,-204.19921875,5.439453125
536.7,-205.859375,5.419921875
537.0,-207.51953125,5.5517578125
537.3,-107.080078125,5.322265625
537.6,-107.080078125,4.0869140625
537.9,-109.5703125,2.7294921875
538.2,-110.400390625,1.6845703125
538.5,-111.23046875,0.8642578125
538.8,-112.890625,0.029296875
539.1,-112.890625,-0.6103515625
539.4,-113.720703125,-1.220703125
539.7,-115.380859375,-1.6552734375
540.0,-116.2109375,-1.85546875
540.3,-117.87109375,-2.060546875
540.6,-118.701171875,-2.216796875
540.9,-119.53125,-2.421875
541.2,-120.361328125,-2.5634765625
541.5,-122.021484375,-2.7294921875
541.8,-122.8515625,-2.802734375
542.1,-124.51171875,-2.8759765625
542.4,-124.51171875,-3.0908203125
542.7,-127.001953125,-3.0078125
543.0,-127.001953125,-2.9052734375
543.3,-127.83203125,-2.734375
543.6,-129.4921875,-2.4072265625
543.9,-131.15234375,-2.1533203125
544.2,-131.15234375,-1.6015625
544.5,-133.642578125,-1.2744140625
544.8,-133.642578125,-0.9130859375
545.1,-135.302734375,-0.4833984375
545.4,-135.302734375,-0.068359375
545.7,-137.79296875,0.3466796875
546.0,-138.623046875,0.625
546.3,-140.283203125,0.8935546875
546.6,-140.283203125,1.1865234375
546.9,-141.943359375,1.4990234375
547.2,-141.943359375,1.669921875
547.5,-144.43359375,1.8505859375
547.8,-144.43359375,1.9970703125
548.1,-146.09375,1.9482421875
548.4,-146.09375,2.0068359375
548.7,-148.583984375,2.1044921875
549.0,-148.583984375,2.20703125
549.3,-150.244140625,2.333984375
549.6,-151.904296875,2.2802734375
549.9,-151.904296875,2.4853515625
550.2,-153.564453125,2.6025390625
550.5,-154.39453125,2.7734375
550.8,-156.884765625,2.8125
551.1,-156.884765625,2.75390625
551.4,-157.71484375,2.783203125
551.7,-158.544921875,2.8125
552.0,-160.205078125,2.8173828125
552.3,-161.03515625,2.939453125
552.6,-161.865234375,2.822265625
552.9,-163.525390625,2.75390625
553.2,-164.35546875,2.7685546875
553.5,-165.185546875,2.8857421875
553.8,-166.845703125,3.1884765625
554.1,-166.845703125,3.4619140625
554.4,-168.505859375,3.6376953125
554.7,-169.3359375,3.76953125
555.0,-170.99609375,3.9794921875
555.3,-171.826171875,3.9599609375
555.6,-172.65625,4.0576171875
555.9,-174.31640625,4.296875
556.2,-175.9765625,4.47265625
556.5,-175.9765625,4.74609375
556.8,-177.63671875,4.82421875
557.1,-178.466796875,4.78515625
557.4,-179.296875,4.7607421875
557.7,-180.126953125,4.7900390625
558.0,-181.787109375,4.6142578125
558.3,-182.6171875,4.560546875
558.6,-183.447265625,4.6923828125
558.9,-184.27734375,4.716796875
559.2,-185.9375,4.7607421875
559.5,-187.59765625,4.658203125
559.8,-187.59765625,4.462890625
560.1,-190.087890625,4.6044921875
560.4,-190.087890625,4.736328125
560.7,-191.748046875,4.7998046875
561.0,-192.578125,4.814453125
561.3,-193.408203125,4.833984375
561.6,-195.068359375,4.9560546875
561.9,-195.068359375,4.98046875
562.2,-195.8984375,4.9462890625
562.5,-197.55859375,4.98046875
562.8,-198.388671875,4.9658203125
563.1,-200.87890625,5.0927734375
563.4,-201.708984375,5.09765625
563.7,-203.369140625,5.0439453125
564.0,-203.369140625,4.98046875
564.3,-205.859375,5.107421875
564.6,-206.689453125,5.1318359375
564.9,-207.51953125,5.244140625
565.2,-106.25,4.404296875
565.5,-109.5703125,3.0908203125
565.8,-110.400390625,2.041015625
566.1,-111.23046875,1.0791015625
566.4,-112.060546875,0.3173828125
566.7,-113.720703125,-0.2685546875
567.0,-115.380859375,-0.869140625
567.3,-116.2109375,-1.2841796875
567.6,-117.041015625,-1.591796875
567.9,-117.87109375,-1.8701171875
568.2,-119.53125,-2.0361328125
568.5,-121.19140625,-2.2802734375
568.8,-122.8515625,-2.294921875
569.1,-122.8515625,-2.3388671875
569.4,-125.341796875,-2.4853515625
569.7,-125.341796875,-2.2802734375
570.0,-127.001953125,-2.34375
570.3,-127.001953125,-2.1337890625
570.6,-128.662109375,-2.0263671875
570.9,-129.4921875,-1.81640625
571.2,-131.15234375,-1.6455078125
571.5,-132.8125,-1.2451171875
571.8,-133.642578125,-0.810546875
572.1,-134.47265625,-0.48828125
572.4,-136.1328125,-0.21484375
572.7,-136.962890625,0.2099609375
573.0,-137.79296875,0.41015625
573.3,-138.623046875,0.6005859375
573.6,-139.453125,0.64453125
573.9,-141.943359375,0.849609375
574.2,-142.7734375,1.1474609375
574.5,-143.603515625,1.279296875
574.8,-144.43359375,1.5869140625
575.1,-146.923828125,1.953125
575.4,-146.923828125,2.1044921875
575.7,-148.583984375,2.36328125
576.0,-148.583984375,2.470703125
576.3,-150.244140625,2.5732421875
576.6,-151.904296875,2.7001953125
576.9,-153.564453125,2.783203125
577.2,-154.39453125,2.7490234375
577.5,-156.0546875,2.5
577.8,-156.884765625,2.3828125
578.1,-158.544921875,2.2802734375
578.4,-159.375,2.2216796875
578.7,-160.205078125,2.16796875
579.0,-161.03515625,2.158203125
579.3,-162.6953125,2.2314453125
579.6,-164.35546875,2.32421875
579.9,-165.185546875,2.412109375
580.2,-166.845703125,2.6806640625
580.5,-166.845703125,2.8369140625
580.8,-169.3359375,2.9638671875
581.1,-170.166015625,3.0322265625
581.4,-170.99609375,3.2958984375
581.7,-171.826171875,3.41796875
582.0,-174.31640625,3.515625
582.3,-173.486328125,3.6474609375
582.6,-175.146484375,3.75
582.9,-176.806640625,3.9404296875
583.2,-177.63671875,4.2041015625
583.5,-179.296875,4.3310546875
583.8,-179.296875,4.521484375
584.1,-180.126953125,4.5068359375
584.4,-181.787109375,4.677734375
584.7,-183.447265625,4.51171875
585.0,-184.27734375,4.51171875
585.3,-185.9375,4.4970703125
585.6,-187.59765625,4.58984375
585.9,-188.427734375,4.7802734375
586.2,-189.2578125,4.8046875
586.5,-190.91796875,4.580078125
586.8,-190.91796875,4.755859375
587.1,-193.408203125,4.609375
587.4,-193.408203125,4.501953125
587.7,-195.8984375,4.5166015625
588.0,-195.8984375,4.4921875
588.3,-198.388671875,4.51171875
588.6,-199.21875,4.765625
588.9,-200.048828125,4.765625
589.2,-200.87890625,4.931640625
589.5,-202.5390625,5.0244140625
589.8,-203.369140625,5.0048828125
590.1,-204.19921875,5.0390625
590.4,-205.859375,5.0048828125
590.7,-206.689453125,4.9609375
591.0,-107.91015625,4.072265625
591.3,-107.91015625,2.705078125
591.6,-110.400390625,1.5283203125
591.9,-110.400390625,0.60546875
592.2,-112.060546875,-0.0634765625
592.5,-112.890625,-0.5517578125
592.8,-114.55078125,-1.171875
593.1,-115.380859375,-1.4599609375
593.4,-117.87109375,-1.630859375
593.7,-117.87109375,-1.845703125
594.0,-119.53125,-2.1044921875
594.3,-119.53125,-2.3046875
594.6,-121.19140625,-2.353515625
594.9,-122.021484375,-2.40234375
595.2,-123.681640625,-2.529296875
595.5,-124.51171875,-2.6220703125
595.8,-126.171875,-2.6025390625
596.1,-127.001953125,-2.51953125
596.4,-128.662109375,-2.4755859375
596.7,-130.322265625,-2.3388671875
597.0,-130.322265625,-2.041015625
597.3,-131.982421875,-1.6259765625
597.6,-132.8125,-1.3623046875
597.9,-134.47265625,-1.181640625
598.2,-135.302734375,-0.8544921875
598.5,-136.1328125,-0.6640625
598.8,-136.962890625,-0.33203125
599.1,-140.283203125,0.0244140625
599.4,-140.283203125,0.3076171875
599.7,-141.943359375,0.7177734375
600.0,-141.943359375,1.0400390625
600.3,-144.43359375,1.30859375
600.6,-144.43359375,1.5625
600.9,-146.09375,1.7919921875
601.2,-146.923828125,2.05078125
601.5,-147.75390625,2.28515625
601.8,-149.4140625,2.4609375
602.1,-151.07421875,2.529296875
602.4,-151.904296875,2.71484375
602.7,-153.564453125,2.8662109375
603.0,-154.39453125,2.91015625
603.3,-155.224609375,2.9541015625
603.6,-156.0546875,2.919921875
603.9,-157.71484375,2.8173828125
604.2,-158.544921875,2.6318359375
604.5,-160.205078125,2.51953125
604.8,-161.865234375,2.587890625
605.1,-162.6953125,2.685546875
605.4,-164.35546875,2.734375
605.7,-164.35546875,2.7783203125
606.0,-166.015625,2.841796875
606.3,-166.845703125,3.0712890625
606.6,-168.505859375,3.1005859375
606.9,-168.505859375,3.212890625
607.2,-170.99609375,3.291015625
607.5,-171.826171875,3.37890625
607.8,-172.65625,3.642578125
608.1,-174.31640625,3.90625
608.4,-175.146484375,3.994140625
608.7,-175.9765625,4.0283203125
609.0,-177.63671875,4.19921875
609.3,-178.466796875,4.3359375
609.6,-180.126953125,4.4287109375
609.9,-180.95703125,4.43359375
610.2,-182.6171875,4.580078125
610.5,-182.6171875,4.6533203125
610.8,-184.27734375,4.9169921875
611.1,-185.107421875,4.9755859375
611.4,-186.767578125,4.94140625
611.7,-188.427734375,4.9365234375
612.0,-189.2578125,4.8388671875
612.3,-190.087890625,4.74609375
612.6,-190.91796875,4.7216796875
612.9,-193.408203125,4.697265625
613.2,-193.408203125,4.7607421875
613.5,-195.068359375,4.6875
613.8,-196.728515625,4.70703125
614.1,-196.728515625,4.873046875
614.4,-199.21875,4.7802734375
614.7,-200.048828125,4.775390625
615.0,-200.87890625,4.8828125
615.3,-201.708984375,4.98046875
615.6,-202.5390625,5.234375
615.9,-204.19921875,5.263671875
616.2,-205.029296875,5.2294921875
616.5,-206.689453125,5.2490234375
616.8,-107.91015625,4.8876953125
617.1,-107.91015625,3.505859375
617.4,-109.5703125,2.1875
617.7,-110.400390625,1.1279296875
618.0,-111.23046875,0.2685546875
618.3,-113.720703125,-0.6396484375
618.6,-113.720703125,-1.015625
618.9,-115.380859375,-1.4990234375
619.2,-116.2109375,-1.7236328125
619.5,-117.87109375,-2.021484375
619.8,-118.701171875,-2.2265625
620.1,-119.53125,-2.353515625
620.4,-121.19140625,-2.4072265625
620.7,-122.8515625,-2.333984375
621.0,-122.8515625,-2.40234375
621.3,-125.341796875,-2.5537109375
621.6,-125.341796875,-2.4853515625
621.9,-127.001953125,-2.5732421875
622.2,-128.662109375,-2.490234375
622.5,-129.4921875,-2.392578125
622.8,-131.15234375,-2.2802734375
623.1,-131.982421875,-2.119140625
623.4,-132.8125,-1.85546875
623.7,-134.47265625,-1.6796875
624.0,-134.47265625,-1.3720703125
624.3,-136.1328125,-0.72265625
624.6,-138.623046875,-0.3515625
624.9,-137.79296875,-0.078125
625.2,-141.11328125,0.1953125
625.5,-140.283203125,0.634765625
625.8,-142.7734375,0.9423828125
626.1,-143.603515625,1.0205078125
626.4,-145.263671875,1.4404296875
626.7,-145.263671875,1.6943359375
627.0,-146.923828125,1.9091796875
627.3,-148.583984375,2.197265625
627.6,-149.4140625,2.3876953125
627.9,-151.07421875,2.490234375
628.2,-151.904296875,2.6513671875
628.5,-152.734375,2.6806640625
628.8,-154.39453125,2.783203125
629.1,-155.224609375,2.8076171875
629.4,-156.0546875,2.6220703125
629.7,-156.884765625,2.6513671875
630.0,-158.544921875,2.7197265625
630.3,-160.205078125,2.59765625
630.6,-161.03515625,2.6318359375
630.9,-161.865234375,2.646484375
631.2,-163.525390625,2.685546875
631.5,-164.35546875,2.8369140625
631.8,-165.185546875,3.06640625
632.1,-166.015625,3.2421875
632.4,-168.505859375,3.3447265625
632.7,-168.505859375,3.4326171875
633.0,-170.99609375,3.7646484375
633.3,-170.99609375,4.0185546875
633.6,-172.65625,4.072265625
633.9,-173.486328125,4.19921875
634.2,-175.146484375,4.248046875
634.5,-175.9765625,4.580078125
634.8,-177.63671875,4.775390625
635.1,-178.466796875,4.8193359375
635.4,-179.296875,4.8486328125
635.7,-180.95703125,5.0
636.0,-181.787109375,5.166015625
636.3,-183.447265625,5.244140625
636.6,-184.27734375,5.1171875
636.9,-185.9375,5.0439453125
637.2,-185.9375,5.17578125
637.5,-187.59765625,5.1611328125
637.8,-188.427734375,4.951171875
638.1,-190.91796875,4.921875
638.4,-190.91796875,4.921875
638.7,-193.408203125,4.931640625
639.0,-194.23828125,4.912109375
639.3,-194.23828125,4.8779296875
639.6,-196.728515625,4.8974609375
639.9,-196.728515625,4.7998046875
640.2,-199.21875,4.912109375
640.5,-199.21875,5.1904296875
640.8,-200.87890625,5.1904296875
641.1,-202.5390625,5.1611328125
641.4,-202.5390625,5.3564453125
641.7,-203.369140625,5.3466796875
642.0,-205.029296875,5.185546875
642.3,-206.689453125,5.068359375
642.6,-107.080078125,4.9365234375
642.9,-107.91015625,3.8134765625
643.2,-108.740234375,2.6318359375
643.5,-110.400390625,1.5869140625
643.8,-111.23046875,0.6103515625
644.1,-112.060546875,-0.126953125
644.4,-112.890625,-0.771484375
644.7,-114.55078125,-1.328125
645.0,-115.380859375,-1.7333984375
645.3,-116.2109375,-2.03125
645.6,-117.87109375,-2.236328125
645.9,-119.53125,-2.333984375
646.2,-121.19140625,-2.28515625
646.5,-122.021484375,-2.32421875
646.8,-122.8515625,-2.3291015625
647.1,-124.51171875,-2.3779296875
647.4,-124.51171875,-2.5048828125
647.7,-127.001953125,-2.6171875
648.0,-127.001953125,-2.734375
648.3,-128.662109375,-2.4853515625
648.6,-129.4921875,-2.2412109375
648.9,-131.15234375,-2.080078125
649.2,-131.982421875,-1.728515625
649.5,-133.642578125,-1.5283203125
649.8,-134.47265625,-1.142578125
650.1,-135.302734375,-0.673828125
650.4,-136.962890625,-0.3125
650.7,-138.623046875,0.0537109375
651.0,-138.623046875,0.2685546875
651.3,-140.283203125,0.6298828125
651.6,-141.11328125,0.888671875
651.9,-142.7734375,1.1328125
652.2,-144.43359375,1.328125
652.5,-145.263671875,1.4990234375
652.8,-146.09375,1.4599609375
653.1,-146.923828125,1.689453125
653.4,-147.75390625,1.9287109375
653.7,-149.4140625,2.1435546875
654.0,-151.07421875,2.2412109375
654.3,-151.904296875,2.412109375
654.6,-154.39453125,2.470703125
654.9,-154.39453125,2.5537109375
655.2,-156.0546875,2.6220703125
655.5,-156.884765625,2.6123046875
655.8,-157.71484375,2.568359375
656.1,-158.544921875,2.4853515625
656.4,-160.205078125,2.314453125
656.7,-161.03515625,2.412109375
657.0,-162.6953125,2.5927734375
657.3,-163.525390625,2.8076171875
657.6,-165.185546875,2.9736328125
657.9,-166.015625,3.212890625
658.2,-167.67578125,3.3203125
658.5,-167.67578125,3.5888671875
658.8,-169.3359375,3.7744140625
659.1,-170.99609375,3.9013671875
659.4,-171.826171875,4.0185546875
659.7,-174.31640625,4.1259765625
660.0,-174.31640625,4.3994140625
660.3,-175.9765625,4.3701171875
660.6,-176.806640625,4.3798828125
660.9,-178.466796875,4.404296875
661.2,-179.296875,4.384765625
661.5,-180.126953125,4.4482421875
661.8,-180.95703125,4.5654296875
662.1,-182.6171875,4.580078125
662.4,-184.27734375,4.3896484375
662.7,-185.107421875,4.2626953125
663.0,-185.9375,4.1064453125
663.3,-187.59765625,3.9501953125
663.6,-188.427734375,4.0283203125
663.9,-189.2578125,4.0185546875
664.2,-190.91796875,3.9599609375
664.5,-191.748046875,3.876953125
664.8,-193.408203125,3.955078125
665.1,-194.23828125,3.9208984375
665.4,-196.728515625,3.9013671875
665.7,-196.728515625,3.876953125
666.0,-198.388671875,3.9111328125
666.3,-198.388671875,3.7939453125
666.6,-200.048828125,3.96484375
666.9,-200.87890625,4.0380859375
667.2,-202.5390625,3.9697265625
667.5,-203.369140625,3.96484375
667.8,-205.029296875,3.896484375
668.1,-205.859375,4.0625
668.4,-207.51953125,4.0087890625
668.7,-107.91015625,3.359375
669.0,-109.5703125,2.255859375
669.3,-109.5703125,1.3671875
669.6,-110.400390625,0.478515625
669.9,-112.060546875,-0.1611328125
670.2,-112.890625,-0.859375
670.5,-114.55078125,-1.25
670.8,-115.380859375,-1.376953125
671.1,-117.041015625,-1.6650390625
671.4,-117.87109375,-1.708984375
671.7,-119.53125,-1.845703125
672.0,-120.361328125,-1.796875
672.3,-122.021484375,-1.7724609375
672.6,-122.021484375,-1.7138671875
672.9,-124.51171875,-1.6650390625
673.2,-125.341796875,-1.7431640625
673.5,-126.171875,-1.77734375
673.8,-127.001953125,-1.7041015625
674.1,-129.4921875,-1.62109375
674.4,-130.322265625,-1.435546875
674.7,-131.15234375,-1.2451171875
675.0,-131.982421875,-1.0546875
675.3,-133.642578125,-0.869140625
675.6,-134.47265625,-0.703125
675.9,-135.302734375,-0.2783203125
676.2,-136.962890625,0.0439453125
676.5,-136.962890625,0.15625
676.8,-138.623046875,0.2783203125
677.1,-140.283203125,0.3857421875
677.4,-141.943359375,0.7568359375
677.7,-142.7734375,0.99609375
678.0,-144.43359375,1.396484375
678.3,-145.263671875,1.7138671875
678.6,-146.09375,1.9921875
678.9,-146.923828125,2.2265625
679.2,-148.583984375,2.40234375
679.5,-149.4140625,2.392578125
679.8,-151.904296875,2.3486328125
680.1,-151.904296875,2.4267578125
680.4,-153.564453125,2.4853515625
680.7,-154.39453125,2.451171875
681.0,-156.0546875,2.4853515625
681.3,-156.884765625,2.451171875
681.6,-158.544921875,2.431640625
681.9,-158.544921875,2.3974609375
682.2,-160.205078125,2.48046875
682.5,-161.865234375,2.4853515625
682.8,-162.6953125,2.685546875
683.1,-107.080078125,2.724609375
683.4,-106.25,1.77734375
683.7,-107.080078125,0.8642578125
684.0,-106.25,0.087890625
684.3,-139.453125,-0.439453125
684.6,-159.375,-0.0390625
684.9,-175.146484375,0.634765625
685.2,-177.63671875,0.9130859375
685.5,-179.296875,1.19140625
685.8,-176.806640625,1.7626953125
686.1,-177.63671875,2.1142578125
686.4,-177.63671875,2.3828125
686.7,-177.63671875,2.6611328125
687.0,-212.5,2.6953125
687.3,-212.5,2.666015625
687.6,-212.5,2.5244140625
687.9,-223.291015625,2.4951171875
688.2,-249.853515625,2.9052734375
688.5,-250.68359375,9.9951171875
688.8,-252.34375,9.9951171875
689.1,-255.6640625,9.9951171875
689.4,-258.154296875,9.9951171875
689.7,-261.474609375,9.9951171875
690.0,-268.115234375,9.9951171875
690.3,-269.775390625,9.9951171875
690.6,-274.755859375,9.9951171875
690.9,-263.134765625,9.9951171875
691.2,-267.28515625,9.9951171875
691.5,-268.115234375,9.9951171875
691.8,-267.28515625,9.9951171875
692.1,-266.455078125,9.9951171875
692.4,-176.806640625,9.9951171875
692.7,-177.63671875,9.9951171875
693.0,-176.806640625,9.9951171875
693.3,-176.806640625,9.9951171875
693.6,-177.63671875,9.9951171875
693.9,-177.63671875,9.9951171875
694.2,-177.63671875,9.9951171875
694.5,-177.63671875,9.9951171875
694.8,-176.806640625,9.9951171875
695.1,-176.806640625,9.9951171875
695.4,-175.9765625,9.9951171875
695.7,-177.63671875,9.296875
696.0,-176.806640625,8.7744140625
696.3,-177.63671875,8.28125
696.6,-177.63671875,7.8564453125
696.9,-177.63671875,7.626953125
697.2,-176.806640625,7.3681640625
697.5,-177.63671875,6.9140625
697.8,-176.806640625,6.7626953125
698.1,-176.806640625,6.5185546875
698.4,-177.63671875,6.455078125
698.7,-176.806640625,6.2744140625
699.0,-177.63671875,5.91796875
699.3,-177.63671875,5.72265625
699.6,-177.63671875,5.5078125
699.9,-176.806640625,5.5419921875
700.2,-178.466796875,5.52734375
700.5,-176.806640625,5.419921875
700.8,-177.63671875,5.205078125
701.1,-175.9765625,5.126953125
701.4,-177.63671875,5.0341796875
701.7,-176.806640625,4.8583984375
702.0,-177.63671875,4.814453125
702.3,-177.63671875,4.5361328125
702.6,-177.63671875,4.5751953125
702.9,-176.806640625,4.453125
703.2,-176.806640625,4.6142578125
703.5,-176.806640625,4.638671875
703.8,-176.806640625,4.6044921875
704.1,-176.806640625,4.8291015625
704.4,-176.806640625,4.8291015625
704.7,-177.63671875,4.7021484375
705.0,-176.806640625,4.619140625
705.3,-177.63671875,4.5849609375
705.6,-177.63671875,4.3896484375
705.9,-177.63671875,4.4140625
706.2,-175.9765625,4.326171875
706.5,-177.63671875,4.3994140625
706.8,-175.9765625,4.384765625
707.1,-177.63671875,4.2626953125
707.4,-177.63671875,4.4775390625
707.7,-177.63671875,4.375
708.0,-178.466796875,4.482421875
708.3,-176.806640625,4.4482421875
708.6,-177.63671875,4.4677734375
708.9,-176.806640625,4.5361328125
709.2,-176.806640625,4.4677734375
709.5,-177.63671875,4.3408203125
709.8,-177.63671875,4.267578125
710.1,-177.63671875,4.1357421875
710.4,-177.63671875,4.033203125
710.7,-177.63671875,4.23828125
711.0,-176.806640625,4.27734375
711.3,-177.63671875,4.3896484375
711.6,-176.806640625,4.2919921875
711.9,-176.806640625,4.1845703125
712.2,-176.806640625,4.248046875
712.5,-177.63671875,4.3115234375
712.8,-177.63671875,4.326171875
713.1,-177.63671875,4.4775390625
713.4,-176.806640625,4.2724609375
713.7,-177.63671875,4.306640625
714.0,-176.806640625,4.2822265625
714.3,-176.806640625,4.3310546875
714.6,-175.9765625,4.3115234375
714.9,-177.63671875,4.53125
715.2,-177.63671875,4.6923828125
715.5,-177.63671875,4.7509765625
715.8,-176.806640625,4.6923828125
716.1,-177.63671875,4.7216796875
716.4,-177.63671875,4.6533203125
716.7,-176.806640625,4.375
717.0,-176.806640625,4.0625
717.3,-176.806640625,3.6376953125
717.6,-177.63671875,3.22265625
717.9,-176.806640625,2.83203125
718.2,-177.63671875,2.5048828125
718.5,-176.806640625,2.2021484375
718.8,-177.63671875,1.953125
719.1,-176.806640625,1.73828125
719.4,-177.63671875,1.552734375
719.7,-176.806640625,1.38671875
720.0,-176.806640625,1.2451171875
720.3,-176.806640625,1.11328125
720.6,-176.806640625,1.005859375
720.9,-176.806640625,0.908203125
721.2,-176.806640625,0.8251953125
721.5,-177.63671875,0.751953125
721.8,-176.806640625,0.6884765625
722.1,-177.63671875,0.6298828125
722.4,-176.806640625,0.5859375
722.7,-177.63671875,0.537109375
723.0,-176.806640625,0.5029296875
723.3,-176.806640625,0.46875
723.6,-177.63671875,0.439453125
723.9,-177.63671875,0.41015625
724.2,-177.63671875,0.390625
724.5,-176.806640625,0.37109375
724.8,-177.63671875,0.3564453125
725.1,-176.806640625,0.33203125
725.4,-177.63671875,0.3173828125
725.7,-175.9765625,0.29296875
726.0,-178.466796875,0.283203125
726.3,-176.806640625,0.2783203125
726.6,-177.63671875,0.2685546875
726.9,-177.63671875,0.2685546875
727.2,-177.63671875,0.263671875
727.5,-175.9765625,0.2587890625
727.8,-177.63671875,0.263671875
728.1,-176.806640625,0.2587890625
728.4,-176.806640625,0.244140625
728.7,-177.63671875,0.244140625
729.0,-175.9765625,0.2490234375
729.3,-177.63671875,0.244140625
729.6,-178.466796875,0.244140625
729.9,-177.63671875,0.2392578125
730.2,-176.806640625,0.244140625
730.5,-177.63671875,0.2392578125
730.8,-176.806640625,0.2392578125
731.1,-177.63671875,0.21484375
731.4,-176.806640625,0.3125
731.7,-177.63671875,0.8251953125
732.0,-176.806640625,3.76953125
732.3,-177.63671875,6.5283203125
732.6,-176.806640625,7.998046875
732.9,-177.63671875,8.26171875
733.2,-176.806640625,7.55859375
733.5,-176.806640625,5.4931640625
733.8,-176.806640625,9.9951171875
734.1,-176.806640625,6.4501953125
734.4,-177.63671875,-10.0
734.7,-177.63671875,-10.0
735.0,-177.63671875,-10.0
735.3,-176.806640625,-10.0
735.6,-177.63671875,-10.0
735.9,-175.9765625,-10.0
736.2,-177.63671875,-10.0
736.5,-176.806640625,-10.0
736.8,-177.63671875,-10.0
737.1,-176.806640625,-10.0
737.4,-177.63671875,-10.0
737.7,-176.806640625,-10.0
738.0,-176.806640625,-10.0
738.3,-176.806640625,-10.0
738.6,-176.806640625,5.95703125
738.9,-176.806640625,-0.478515625
739.2,-176.806640625,-0.56640625
739.5,-177.63671875,-0.6005859375
739.8,-136.962890625,-0.625
740.1,-164.35546875,-0.64453125
740.4,-156.0546875,-0.6640625
740.7,-153.564453125,-0.6884765625
741.0,-154.39453125,-0.712890625
741.3,-153.564453125,-0.732421875
741.6,-155.224609375,-0.7470703125
741.9,-154.39453125,-0.751953125
742.2,-155.224609375,-0.76171875
742.5,-155.224609375,-0.7666015625
742.8,-154.39453125,-0.7666015625
743.1,-155.224609375,-0.7666015625
743.4,-155.224609375,-0.7666015625
743.7,-155.224609375,-0.771484375
744.0,-156.0546875,-0.771484375
744.3,-155.224609375,-0.7763671875
744.6,-155.224609375,-0.771484375
744.9,-155.224609375,-0.771484375
745.2,-155.224609375,-0.771484375
745.5,-156.0546875,-0.771484375
745.8,-155.224609375,-0.771484375
746.1,-156.0546875,-0.771484375
746.4,-155.224609375,-0.771484375
746.7,-156.0546875,-0.771484375
747.0,-155.224609375,-0.7763671875
747.3,-156.0546875,-0.7763671875
747.6,-155.224609375,-0.7763671875
