0.0,-0.87890625,-0.87890625
0.3,-0.87890625,-0.87890625
0.6,-0.8740234375,-0.8740234375
0.9,-0.87890625,-0.87890625
1.2,-0.8740234375,-0.8740234375
1.5,-0.8740234375,-0.8740234375
1.8,-0.87890625,-0.87890625
2.1,-0.8837890625,-0.8837890625
2.4,-0.8740234375,-0.8740234375
2.7,-0.87890625,-0.87890625
3.0,-0.8740234375,-0.8740234375
3.3,-0.8740234375,-0.8740234375
3.6,-0.87890625,-0.87890625
3.9,-0.87890625,-0.87890625
4.2,-0.8740234375,-0.8740234375
4.5,-0.869140625,-0.869140625
4.8,-0.87890625,-0.87890625
5.1,-0.8740234375,-0.8740234375
5.4,-0.869140625,-0.869140625
5.7,-0.8740234375,-0.8740234375
6.0,-0.87890625,-0.87890625
6.3,-0.8740234375,-0.8740234375
6.6,-0.87890625,-0.87890625
6.9,-0.87890625,-0.87890625
7.2,-0.8740234375,-0.8740234375
7.5,-0.87890625,-0.87890625
7.8,-0.888671875,-0.888671875
8.1,-0.8837890625,-0.8837890625
8.4,-0.87890625,-0.87890625
8.7,-0.8740234375,-0.8740234375
9.0,-0.87890625,-0.87890625
9.3,-0.87890625,-0.87890625
9.6,-0.87890625,-0.87890625
9.9,-0.8740234375,-0.8740234375
10.2,-0.8740234375,-0.8740234375
10.5,-0.87890625,-0.87890625
10.8,-0.8740234375,-0.8740234375
11.1,-0.888671875,-0.888671875
11.4,-0.8740234375,-0.8740234375
11.7,-0.87890625,-0.87890625
12.0,-0.8740234375,-0.8740234375
12.3,-0.8642578125,-0.8642578125
12.6,-0.8740234375,-0.8740234375
12.9,-0.8642578125,-0.8642578125
13.2,-0.8837890625,-0.8837890625
13.5,-0.869140625,-0.869140625
13.8,-0.8740234375,-0.8740234375
14.1,-0.87890625,-0.87890625
14.4,-0.8740234375,-0.8740234375
14.7,-0.869140625,-0.869140625
15.0,-0.8837890625,-0.8837890625
15.3,-0.8740234375,-0.8740234375
15.6,-0.87890625,-0.87890625
15.9,-0.87890625,-0.87890625
16.2,-0.87890625,-0.87890625
16.5,-0.888671875,-0.888671875
16.8,-0.8740234375,-0.8740234375
17.1,-0.87890625,-0.87890625
17.4,-0.8740234375,-0.8740234375
17.7,-0.87890625,-0.87890625
18.0,-0.87890625,-0.87890625
18.3,-0.8837890625,-0.8837890625
18.6,-0.87890625,-0.87890625
18.9,-0.8740234375,-0.8740234375
19.2,-0.87890625,-0.87890625
19.5,-0.87890625,-0.87890625
19.8,-0.869140625,-0.869140625
20.1,-0.87890625,-0.87890625
20.4,-0.8740234375,-0.8740234375
20.7,-0.8740234375,-0.8740234375
21.0,-0.8740234375,-0.8740234375
21.3,-0.87890625,-0.87890625
21.6,-0.87890625,-0.87890625
21.9,-0.8740234375,-0.8740234375
22.2,-0.8740234375,-0.8740234375
22.5,-0.87890625,-0.87890625
22.8,-0.8837890625,-0.8837890625
23.1,-0.87890625,-0.87890625
23.4,-0.87890625,-0.87890625
23.7,-0.87890625,-0.87890625
24.0,-0.8740234375,-0.8740234375
24.3,-0.87890625,-0.87890625
24.6,-0.87890625,-0.87890625
24.9,-0.8740234375,-0.8740234375
25.2,-0.87890625,-0.87890625
25.5,-0.87890625,-0.87890625
25.8,-0.8740234375,-0.8740234375
26.1,-0.87890625,-0.87890625
26.4,-0.87890625,-0.87890625
26.7,-0.87890625,-0.87890625
27.0,-0.8837890625,-0.8837890625
27.3,-0.8740234375,-0.8740234375
27.6,-0.8740234375,-0.8740234375
27.9,-0.87890625,-0.87890625
28.2,-0.87890625,-0.87890625
28.5,-0.869140625,-0.869140625
28.8,-0.8740234375,-0.8740234375
29.1,-0.869140625,-0.869140625
29.4,-0.8837890625,-0.8837890625
29.7,-0.8837890625,-0.8837890625
30.0,-0.87890625,-0.87890625
30.3,-0.8740234375,-0.8740234375
30.6,-0.869140625,-0.869140625
30.9,-0.87890625,-0.87890625
31.2,-0.87890625,-0.87890625
31.5,-0.87890625,-0.87890625
31.8,-0.87890625,-0.87890625
32.1,-0.8740234375,-0.8740234375
32.4,-0.869140625,-0.869140625
32.7,-0.8740234375,-0.8740234375
33.0,-0.8740234375,-0.8740234375
33.3,-0.8837890625,-0.8837890625
33.6,-0.87890625,-0.87890625
33.9,-0.8740234375,-0.8740234375
34.2,-0.87890625,-0.87890625
34.5,-0.87890625,-0.87890625
34.8,-0.8740234375,-0.8740234375
35.1,-0.87890625,-0.87890625
35.4,-0.8837890625,-0.8837890625
35.7,-0.8740234375,-0.8740234375
36.0,-0.87890625,-0.87890625
36.3,-0.869140625,-0.869140625
36.6,-0.869140625,-0.869140625
36.9,-0.8837890625,-0.8837890625
37.2,-0.87890625,-0.87890625
37.5,-0.87890625,-0.87890625
37.8,-0.8740234375,-0.8740234375
38.1,-0.8740234375,-0.8740234375
38.4,-0.87890625,-0.87890625
38.7,-0.8740234375,-0.8740234375
39.0,-0.87890625,-0.87890625
39.3,-0.8740234375,-0.8740234375
39.6,-0.87890625,-0.87890625
39.9,-0.87890625,-0.87890625
40.2,-0.87890625,-0.87890625
40.5,-0.8740234375,-0.8740234375
40.8,-0.8740234375,-0.8740234375
41.1,-0.8740234375,-0.8740234375
41.4,-0.87890625,-0.87890625
41.7,-0.8740234375,-0.8740234375
42.0,-0.8837890625,-0.8837890625
42.3,-0.8740234375,-0.8740234375
42.6,-0.87890625,-0.87890625
42.9,-0.8740234375,-0.8740234375
43.2,-0.8740234375,-0.8740234375
43.5,-0.8740234375,-0.8740234375
43.8,-0.87890625,-0.87890625
44.1,-0.869140625,-0.869140625
44.4,-0.8740234375,-0.8740234375
44.7,-0.8740234375,-0.8740234375
45.0,-0.87890625,-0.87890625
45.3,-0.8740234375,-0.8740234375
45.6,-0.87890625,-0.87890625
45.9,-0.87890625,-0.87890625
46.2,-0.87890625,-0.87890625
46.5,-0.8740234375,-0.8740234375
46.8,-0.87890625,-0.87890625
47.1,-0.8740234375,-0.8740234375
47.4,-0.8740234375,-0.8740234375
47.7,-0.8740234375,-0.8740234375
48.0,-0.869140625,-0.869140625
48.3,-0.8740234375,-0.8740234375
48.6,-0.87890625,-0.87890625
48.9,-0.8740234375,-0.8740234375
49.2,-0.8740234375,-0.8740234375
49.5,-0.87890625,-0.87890625
49.8,-0.869140625,-0.869140625
50.1,-0.87890625,-0.87890625
50.4,-0.87890625,-0.87890625
50.7,-0.87890625,-0.87890625
51.0,-0.8740234375,-0.8740234375
51.3,-0.87890625,-0.87890625
51.6,-0.8837890625,-0.8837890625
51.9,-0.87890625,-0.87890625
52.2,-0.8740234375,-0.8740234375
52.5,-0.8740234375,-0.8740234375
52.8,-0.8740234375,-0.8740234375
53.1,-0.87890625,-0.87890625
53.4,-0.87890625,-0.87890625
53.7,-0.87890625,-0.87890625
54.0,-0.87890625,-0.87890625
54.3,-0.8740234375,-0.8740234375
54.6,-0.87890625,-0.87890625
54.9,-0.87890625,-0.87890625
55.2,-0.87890625,-0.87890625
55.5,-0.8837890625,-0.8837890625
55.8,-0.8740234375,-0.8740234375
56.1,-0.869140625,-0.869140625
56.4,-0.8740234375,-0.8740234375
56.7,-0.8740234375,-0.8740234375
57.0,-0.869140625,-0.869140625
57.3,-0.869140625,-0.869140625
57.6,-0.87890625,-0.87890625
57.9,-0.8740234375,-0.8740234375
58.2,-0.87890625,-0.87890625
58.5,-0.87890625,-0.87890625
58.8,-0.8740234375,-0.8740234375
59.1,-0.869140625,-0.869140625
59.4,-0.869140625,-0.869140625
59.7,-0.87890625,-0.87890625
60.0,-0.87890625,-0.87890625
60.3,-0.87890625,-0.87890625
60.6,-0.888671875,-0.888671875
60.9,-0.8740234375,-0.8740234375
61.2,-0.87890625,-0.87890625
61.5,-0.87890625,-0.87890625
61.8,-0.87890625,-0.87890625
62.1,-0.8740234375,-0.8740234375
62.4,-0.8740234375,-0.8740234375
62.7,-0.8740234375,-0.8740234375
63.0,-0.87890625,-0.87890625
63.3,-0.8740234375,-0.8740234375
63.6,-0.869140625,-0.869140625
63.9,-0.8740234375,-0.8740234375
64.2,-0.87890625,-0.87890625
64.5,-0.8837890625,-0.8837890625
64.8,-0.87890625,-0.87890625
65.1,-0.87890625,-0.87890625
65.4,-0.8740234375,-0.8740234375
65.7,-0.869140625,-0.869140625
66.0,-0.8740234375,-0.8740234375
66.3,-0.869140625,-0.869140625
66.6,-0.8837890625,-0.8837890625
66.9,-0.869140625,-0.869140625
67.2,-0.87890625,-0.87890625
67.5,-0.87890625,-0.87890625
67.8,-0.8642578125,-0.8642578125
68.1,-0.869140625,-0.869140625
68.4,-0.869140625,-0.869140625
68.7,-0.87890625,-0.87890625
69.0,-0.87890625,-0.87890625
69.3,-0.869140625,-0.869140625
69.6,-0.87890625,-0.87890625
69.9,-0.8740234375,-0.8740234375
70.2,-0.8740234375,-0.8740234375
70.5,-0.869140625,-0.869140625
70.8,-0.8740234375,-0.8740234375
71.1,-0.87890625,-0.87890625
71.4,-0.8740234375,-0.8740234375
71.7,-0.8740234375,-0.8740234375
72.0,-0.869140625,-0.869140625
72.3,-0.8740234375,-0.8740234375
72.6,-0.87890625,-0.87890625
72.9,-0.8740234375,-0.8740234375
73.2,-0.8837890625,-0.8837890625
73.5,-0.8740234375,-0.8740234375
73.8,-0.869140625,-0.869140625
74.1,-0.8740234375,-0.8740234375
74.4,-0.87890625,-0.87890625
74.7,-0.8837890625,-0.8837890625
75.0,-0.869140625,-0.869140625
75.3,-0.87890625,-0.87890625
75.6,-0.8740234375,-0.8740234375
75.9,-0.87890625,-0.87890625
76.2,-0.8740234375,-0.8740234375
76.5,-0.869140625,-0.869140625
76.8,-0.87890625,-0.87890625
77.1,-0.87890625,-0.87890625
77.4,-0.869140625,-0.869140625
77.7,-0.8740234375,-0.8740234375
78.0,-0.8837890625,-0.8837890625
78.3,-0.8740234375,-0.8740234375
78.6,-0.87890625,-0.87890625
78.9,-0.87890625,-0.87890625
79.2,-0.87890625,-0.87890625
79.5,-0.888671875,-0.888671875
79.8,-0.87890625,-0.87890625
80.1,-0.8740234375,-0.8740234375
80.4,-0.8740234375,-0.8740234375
80.7,-0.87890625,-0.87890625
81.0,-0.87890625,-0.87890625
81.3,-0.87890625,-0.87890625
81.6,-0.8740234375,-0.8740234375
81.9,-0.87890625,-0.87890625
82.2,-0.87890625,-0.87890625
82.5,-0.869140625,-0.869140625
82.8,-0.8740234375,-0.8740234375
83.1,-0.8740234375,-0.8740234375
83.4,-0.8740234375,-0.8740234375
83.7,-0.869140625,-0.869140625
84.0,-0.87890625,-0.87890625
84.3,-0.87890625,-0.87890625
84.6,-0.8837890625,-0.8837890625
84.9,-0.8740234375,-0.8740234375
85.2,-0.87890625,-0.87890625
85.5,-0.8740234375,-0.8740234375
85.8,-0.87890625,-0.87890625
86.1,-0.8740234375,-0.8740234375
86.4,-0.8740234375,-0.8740234375
86.7,-0.87890625,-0.87890625
87.0,-0.8837890625,-0.8837890625
87.3,-0.87890625,-0.87890625
87.6,-0.8837890625,-0.8837890625
87.9,-0.8837890625,-0.8837890625
88.2,-0.869140625,-0.869140625
88.5,-0.8740234375,-0.8740234375
88.8,-0.888671875,-0.888671875
89.1,-0.87890625,-0.87890625
89.4,-0.869140625,-0.869140625
89.7,-0.8740234375,-0.8740234375
90.0,-0.8642578125,-0.8642578125
90.3,-0.8740234375,-0.8740234375
90.6,-0.87890625,-0.87890625
90.9,-0.8740234375,-0.8740234375
91.2,-0.8740234375,-0.8740234375
91.5,-0.8740234375,-0.8740234375
91.8,-0.8740234375,-0.8740234375
92.1,-0.8740234375,-0.8740234375
92.4,-0.8740234375,-0.8740234375
92.7,-0.8740234375,-0.8740234375
93.0,-0.869140625,-0.869140625
93.3,-0.8740234375,-0.8740234375
93.6,-0.8740234375,-0.8740234375
93.9,-0.869140625,-0.869140625
94.2,-0.8740234375,-0.8740234375
94.5,-0.87890625,-0.87890625
94.8,-0.8740234375,-0.8740234375
95.1,-0.87890625,-0.87890625
95.4,-0.87890625,-0.87890625
0.0,-0.869140625,-0.869140625
0.3,-0.87890625,-0.87890625
0.6,-0.87890625,-0.87890625
0.9,-0.87890625,-0.87890625
1.2,-0.87890625,-0.87890625
1.5,-0.87890625,-0.87890625
1.8,-0.888671875,-0.888671875
2.1,-0.87890625,-0.87890625
2.4,-0.8740234375,-0.8740234375
2.7,-0.8837890625,-0.8837890625
3.0,-0.8740234375,-0.8740234375
3.3,-0.87890625,-0.87890625
3.6,-0.8740234375,-0.8740234375
3.9,-0.87890625,-0.87890625
4.2,-0.8740234375,-0.8740234375
4.5,-0.87890625,-0.87890625
4.8,-0.87890625,-0.87890625
5.1,-0.87890625,-0.87890625
5.4,-0.8740234375,-0.8740234375
5.7,-0.8837890625,-0.8837890625
6.0,-0.8837890625,-0.8837890625
6.3,-0.87890625,-0.87890625
6.6,-0.8740234375,-0.8740234375
6.9,-0.8740234375,-0.8740234375
7.2,-0.87890625,-0.87890625
7.5,-0.869140625,-0.869140625
7.8,-0.8837890625,-0.8837890625
8.1,-0.869140625,-0.869140625
8.4,-0.8740234375,-0.8740234375
8.7,-0.8740234375,-0.8740234375
9.0,-0.8740234375,-0.8740234375
9.3,-0.8740234375,-0.8740234375
9.6,-0.87890625,-0.87890625
9.9,-0.87890625,-0.87890625
10.2,-0.87890625,-0.87890625
10.5,-0.8740234375,-0.8740234375
10.8,-0.888671875,-0.888671875
11.1,-0.8740234375,-0.8740234375
11.4,-0.87890625,-0.87890625
11.7,-0.87890625,-0.87890625
12.0,-0.8740234375,-0.8740234375
12.3,-0.87890625,-0.87890625
12.6,-0.87890625,-0.87890625
12.9,-0.87890625,-0.87890625
13.2,-0.869140625,-0.869140625
13.5,-0.8740234375,-0.8740234375
13.8,-0.869140625,-0.869140625
14.1,-0.87890625,-0.87890625
14.4,-0.87890625,-0.87890625
14.7,-0.869140625,-0.869140625
15.0,-0.87890625,-0.87890625
15.3,-0.8740234375,-0.8740234375
15.6,-0.8740234375,-0.8740234375
15.9,-0.87890625,-0.87890625
16.2,-0.8740234375,-0.8740234375
16.5,-0.869140625,-0.869140625
16.8,-0.87890625,-0.87890625
17.1,-0.87890625,-0.87890625
17.4,-0.8740234375,-0.8740234375
17.7,-0.8837890625,-0.8837890625
18.0,-0.87890625,-0.87890625
18.3,-0.869140625,-0.869140625
18.6,-0.87890625,-0.87890625
18.9,-0.8740234375,-0.8740234375
19.2,-0.8837890625,-0.8837890625
19.5,-0.8740234375,-0.8740234375
19.8,-0.8642578125,-0.8642578125
20.1,-0.888671875,-0.888671875
20.4,-0.87890625,-0.87890625
20.7,-0.87890625,-0.87890625
21.0,-0.87890625,-0.87890625
21.3,-0.87890625,-0.87890625
21.6,-0.8740234375,-0.8740234375
21.9,-0.869140625,-0.869140625
22.2,-0.8740234375,-0.8740234375
22.5,-0.87890625,-0.87890625
22.8,-0.8740234375,-0.8740234375
23.1,-0.87890625,-0.87890625
23.4,-0.8740234375,-0.8740234375
23.7,-0.869140625,-0.869140625
24.0,-0.8837890625,-0.8837890625
24.3,-0.87890625,-0.87890625
24.6,-0.8740234375,-0.8740234375
24.9,-0.8740234375,-0.8740234375
25.2,-0.8642578125,-0.8642578125
25.5,-0.8837890625,-0.8837890625
25.8,-0.87890625,-0.87890625
26.1,-0.87890625,-0.87890625
26.4,-0.8837890625,-0.8837890625
26.7,-0.888671875,-0.888671875
27.0,-0.87890625,-0.87890625
27.3,-0.87890625,-0.87890625
27.6,-0.87890625,-0.87890625
27.9,-0.87890625,-0.87890625
28.2,-0.869140625,-0.869140625
28.5,-0.87890625,-0.87890625
28.8,-0.8740234375,-0.8740234375
29.1,-0.87890625,-0.87890625
29.4,-0.87890625,-0.87890625
29.7,-0.8740234375,-0.8740234375
30.0,-0.869140625,-0.869140625
30.3,-0.8740234375,-0.8740234375
30.6,-0.8837890625,-0.8837890625
30.9,-0.8740234375,-0.8740234375
31.2,-0.87890625,-0.87890625
31.5,-0.869140625,-0.869140625
