0.0,-0.888671875,-0.888671875
0.3,-0.8984375,-0.8984375
0.6,-0.8935546875,-0.8935546875
0.9,-0.8837890625,-0.8837890625
1.2,-0.888671875,-0.888671875
1.5,-0.8984375,-0.8984375
1.8,-0.9033203125,-0.9033203125
2.1,-0.87890625,-0.87890625
2.4,-0.8837890625,-0.8837890625
2.7,-0.8935546875,-0.8935546875
3.0,-0.8935546875,-0.8935546875
3.3,-0.888671875,-0.888671875
3.6,-0.888671875,-0.888671875
3.9,-0.888671875,-0.888671875
4.2,-0.8837890625,-0.8837890625
4.5,-0.9033203125,-0.9033203125
4.8,-0.8984375,-0.8984375
5.1,-0.8837890625,-0.8837890625
5.4,-0.8935546875,-0.8935546875
5.7,-0.9130859375,-0.9130859375
6.0,-0.8935546875,-0.8935546875
6.3,-0.9033203125,-0.9033203125
6.6,-0.8984375,-0.8984375
6.9,-0.9033203125,-0.9033203125
7.2,-0.8837890625,-0.8837890625
7.5,-0.8984375,-0.8984375
7.8,-0.908203125,-0.908203125
8.1,-0.8935546875,-0.8935546875
8.4,-0.9033203125,-0.9033203125
8.7,-0.8740234375,-0.8740234375
9.0,-0.8935546875,-0.8935546875
9.3,-0.8984375,-0.8984375
9.6,-0.8935546875,-0.8935546875
9.9,-0.8984375,-0.8984375
10.2,-0.8935546875,-0.8935546875
10.5,-0.8935546875,-0.8935546875
10.8,-0.8935546875,-0.8935546875
11.1,-0.888671875,-0.888671875
11.4,-0.8984375,-0.8984375
11.7,-0.8935546875,-0.8935546875
12.0,-0.8935546875,-0.8935546875
12.3,-0.8984375,-0.8984375
12.6,-0.888671875,-0.888671875
12.9,-0.8935546875,-0.8935546875
13.2,-0.8984375,-0.8984375
13.5,-0.8935546875,-0.8935546875
13.8,-0.8984375,-0.8984375
14.1,-0.9033203125,-0.9033203125
14.4,-0.87890625,-0.87890625
14.7,-0.8935546875,-0.8935546875
15.0,-0.888671875,-0.888671875
15.3,-0.8935546875,-0.8935546875
15.6,-0.8935546875,-0.8935546875
15.9,-0.9033203125,-0.9033203125
16.2,-0.8935546875,-0.8935546875
16.5,-0.8837890625,-0.8837890625
16.8,-0.9033203125,-0.9033203125
17.1,-0.8935546875,-0.8935546875
17.4,-0.8837890625,-0.8837890625
17.7,-0.8935546875,-0.8935546875
18.0,-0.8984375,-0.8984375
18.3,-0.8935546875,-0.8935546875
18.6,-0.888671875,-0.888671875
18.9,-0.8837890625,-0.8837890625
19.2,-0.8935546875,-0.8935546875
19.5,-0.8984375,-0.8984375
19.8,-0.8984375,-0.8984375
20.1,-0.8984375,-0.8984375
20.4,-0.8984375,-0.8984375
20.7,-0.8935546875,-0.8935546875
21.0,-0.8740234375,-0.8740234375
21.3,-0.888671875,-0.888671875
21.6,-0.8935546875,-0.8935546875
21.9,-0.9033203125,-0.9033203125
22.2,-0.888671875,-0.888671875
22.5,-0.8837890625,-0.8837890625
22.8,-0.888671875,-0.888671875
23.1,-0.8935546875,-0.8935546875
23.4,-0.8984375,-0.8984375
23.7,-0.8984375,-0.8984375
24.0,-0.888671875,-0.888671875
24.3,-0.8935546875,-0.8935546875
24.6,-0.8984375,-0.8984375
24.9,-0.8984375,-0.8984375
25.2,-0.8984375,-0.8984375
25.5,-0.8984375,-0.8984375
25.8,-0.8984375,-0.8984375
26.1,-0.8935546875,-0.8935546875
26.4,-0.8984375,-0.8984375
26.7,-0.888671875,-0.888671875
27.0,-0.9033203125,-0.9033203125
27.3,-0.8984375,-0.8984375
27.6,-0.8935546875,-0.8935546875
27.9,-0.8935546875,-0.8935546875
28.2,-0.888671875,-0.888671875
28.5,-0.888671875,-0.888671875
28.8,-0.8935546875,-0.8935546875
29.1,-0.888671875,-0.888671875
29.4,-0.8984375,-0.8984375
29.7,-0.8935546875,-0.8935546875
30.0,-0.8984375,-0.8984375
30.3,-0.888671875,-0.888671875
30.6,-0.8935546875,-0.8935546875
30.9,-0.888671875,-0.888671875
31.2,-0.8984375,-0.8984375
31.5,-0.888671875,-0.888671875
31.8,-0.9033203125,-0.9033203125
32.1,-0.8837890625,-0.8837890625
32.4,-0.8984375,-0.8984375
32.7,-0.8935546875,-0.8935546875
33.0,-0.8837890625,-0.8837890625
33.3,-0.87890625,-0.87890625
33.6,-0.8984375,-0.8984375
33.9,-0.8935546875,-0.8935546875
34.2,-0.8935546875,-0.8935546875
34.5,-0.8935546875,-0.8935546875
34.8,-0.888671875,-0.888671875
35.1,-0.8935546875,-0.8935546875
35.4,-0.8984375,-0.8984375
35.7,-0.8984375,-0.8984375
36.0,-0.8984375,-0.8984375
36.3,-0.8935546875,-0.8935546875
36.6,-0.888671875,-0.888671875
36.9,-0.888671875,-0.888671875
37.2,-0.8935546875,-0.8935546875
37.5,-0.8984375,-0.8984375
37.8,-0.8984375,-0.8984375
38.1,-0.888671875,-0.888671875
38.4,-0.87890625,-0.87890625
38.7,-0.9033203125,-0.9033203125
39.0,-0.9033203125,-0.9033203125
39.3,-0.8984375,-0.8984375
39.6,-0.8935546875,-0.8935546875
39.9,-0.8984375,-0.8984375
40.2,-0.8935546875,-0.8935546875
40.5,-0.8935546875,-0.8935546875
40.8,-0.9033203125,-0.9033203125
41.1,-0.8935546875,-0.8935546875
41.4,-0.8935546875,-0.8935546875
41.7,-0.888671875,-0.888671875
42.0,-0.8935546875,-0.8935546875
42.3,-0.8935546875,-0.8935546875
42.6,-0.8984375,-0.8984375
42.9,-0.8984375,-0.8984375
43.2,-0.8984375,-0.8984375
43.5,-0.8935546875,-0.8935546875
43.8,-0.8935546875,-0.8935546875
44.1,-0.908203125,-0.908203125
44.4,-0.8837890625,-0.8837890625
44.7,-0.8984375,-0.8984375
45.0,-0.888671875,-0.888671875
45.3,-0.9033203125,-0.9033203125
45.6,-0.8837890625,-0.8837890625
45.9,-0.8935546875,-0.8935546875
46.2,-0.8935546875,-0.8935546875
46.5,-0.908203125,-0.908203125
46.8,-0.8984375,-0.8984375
47.1,-0.8935546875,-0.8935546875
47.4,-0.8984375,-0.8984375
47.7,-0.9033203125,-0.9033203125
48.0,-0.8935546875,-0.8935546875
48.3,-0.8984375,-0.8984375
48.6,-0.8935546875,-0.8935546875
48.9,-0.8935546875,-0.8935546875
49.2,-0.8935546875,-0.8935546875
49.5,-0.8837890625,-0.8837890625
49.8,-0.8837890625,-0.8837890625
50.1,-0.888671875,-0.888671875
50.4,-0.8935546875,-0.8935546875
50.7,-0.888671875,-0.888671875
51.0,-0.888671875,-0.888671875
51.3,-0.8984375,-0.8984375
51.6,-0.8984375,-0.8984375
51.9,-0.8935546875,-0.8935546875
52.2,-0.8984375,-0.8984375
52.5,-0.9033203125,-0.9033203125
52.8,-0.8935546875,-0.8935546875
53.1,-0.8935546875,-0.8935546875
53.4,-0.888671875,-0.888671875
53.7,-0.8984375,-0.8984375
54.0,-0.8935546875,-0.8935546875
54.3,-0.8935546875,-0.8935546875
54.6,-0.8935546875,-0.8935546875
54.9,-0.8935546875,-0.8935546875
55.2,-0.8935546875,-0.8935546875
55.5,-0.8935546875,-0.8935546875
55.8,-0.9033203125,-0.9033203125
56.1,-0.8935546875,-0.8935546875
56.4,-0.8935546875,-0.8935546875
56.7,-0.8935546875,-0.8935546875
57.0,-0.8984375,-0.8984375
57.3,-0.8984375,-0.8984375
57.6,-0.888671875,-0.888671875
57.9,-0.8935546875,-0.8935546875
58.2,-0.8935546875,-0.8935546875
58.5,-0.8984375,-0.8984375
58.8,-0.8935546875,-0.8935546875
59.1,-0.888671875,-0.888671875
59.4,-0.8935546875,-0.8935546875
59.7,-0.888671875,-0.888671875
60.0,-0.8984375,-0.8984375
60.3,-0.8837890625,-0.8837890625
60.6,-0.8837890625,-0.8837890625
60.9,-0.8935546875,-0.8935546875
61.2,-0.908203125,-0.908203125
61.5,-0.888671875,-0.888671875
61.8,-0.888671875,-0.888671875
62.1,-0.8984375,-0.8984375
62.4,-0.8935546875,-0.8935546875
62.7,-0.9033203125,-0.9033203125
63.0,-0.8935546875,-0.8935546875
63.3,-0.8984375,-0.8984375
63.6,-0.888671875,-0.888671875
63.9,-0.8935546875,-0.8935546875
64.2,-0.888671875,-0.888671875
64.5,-0.8935546875,-0.8935546875
64.8,-0.908203125,-0.908203125
65.1,-0.8984375,-0.8984375
65.4,-0.9033203125,-0.9033203125
65.7,-0.8935546875,-0.8935546875
66.0,-0.8935546875,-0.8935546875
66.3,-0.9033203125,-0.9033203125
66.6,-0.9033203125,-0.9033203125
66.9,-0.888671875,-0.888671875
67.2,-0.9033203125,-0.9033203125
67.5,-0.8935546875,-0.8935546875
67.8,-0.8984375,-0.8984375
68.1,-0.9033203125,-0.9033203125
68.4,-0.8984375,-0.8984375
68.7,-0.8935546875,-0.8935546875
69.0,-0.8984375,-0.8984375
69.3,-0.8935546875,-0.8935546875
69.6,-0.87890625,-0.87890625
69.9,-0.8935546875,-0.8935546875
70.2,-0.87890625,-0.87890625
70.5,-0.888671875,-0.888671875
70.8,-0.888671875,-0.888671875
71.1,-0.87890625,-0.87890625
71.4,-0.888671875,-0.888671875
71.7,-0.8984375,-0.8984375
72.0,-0.888671875,-0.888671875
72.3,-0.888671875,-0.888671875
72.6,-0.8837890625,-0.8837890625
72.9,-0.8935546875,-0.8935546875
73.2,-0.8984375,-0.8984375
73.5,-0.8984375,-0.8984375
73.8,-0.9033203125,-0.9033203125
74.1,-0.8935546875,-0.8935546875
74.4,-0.888671875,-0.888671875
74.7,-0.8837890625,-0.8837890625
75.0,-0.8935546875,-0.8935546875
75.3,-0.8935546875,-0.8935546875
75.6,-0.8984375,-0.8984375
75.9,-0.9033203125,-0.9033203125
76.2,-0.8984375,-0.8984375
76.5,-0.888671875,-0.888671875
76.8,-0.888671875,-0.888671875
77.1,-0.8935546875,-0.8935546875
77.4,-0.8935546875,-0.8935546875
77.7,-0.888671875,-0.888671875
78.0,-0.8935546875,-0.8935546875
78.3,-0.8935546875,-0.8935546875
78.6,-0.9130859375,-0.9130859375
78.9,-0.8935546875,-0.8935546875
79.2,-0.888671875,-0.888671875
79.5,-0.888671875,-0.888671875
79.8,-0.8984375,-0.8984375
80.1,-0.87890625,-0.87890625
80.4,-0.888671875,-0.888671875
80.7,-0.8935546875,-0.8935546875
81.0,-0.888671875,-0.888671875
81.3,-0.8984375,-0.8984375
81.6,-0.888671875,-0.888671875
81.9,-0.8935546875,-0.8935546875
82.2,-0.888671875,-0.888671875
82.5,-0.8935546875,-0.8935546875
82.8,-0.8984375,-0.8984375
83.1,-0.888671875,-0.888671875
83.4,-0.8935546875,-0.8935546875
83.7,-0.888671875,-0.888671875
84.0,-0.8984375,-0.8984375
84.3,-0.8935546875,-0.8935546875
84.6,-0.8935546875,-0.8935546875
84.9,-0.8984375,-0.8984375
85.2,-0.8984375,-0.8984375
85.5,-0.8984375,-0.8984375
85.8,-0.8984375,-0.8984375
86.1,-0.888671875,-0.888671875
86.4,-0.888671875,-0.888671875
86.7,-0.8935546875,-0.8935546875
87.0,-0.8984375,-0.8984375
87.3,-0.8935546875,-0.8935546875
87.6,-0.9033203125,-0.9033203125
87.9,-0.8984375,-0.8984375
88.2,-0.8935546875,-0.8935546875
88.5,-0.9033203125,-0.9033203125
88.8,-0.8935546875,-0.8935546875
89.1,-0.8837890625,-0.8837890625
89.4,-0.8935546875,-0.8935546875
89.7,-0.888671875,-0.888671875
90.0,-0.888671875,-0.888671875
90.3,-0.8935546875,-0.8935546875
90.6,-0.8984375,-0.8984375
90.9,-0.8935546875,-0.8935546875
91.2,-0.888671875,-0.888671875
91.5,-0.8935546875,-0.8935546875
91.8,-0.8837890625,-0.8837890625
92.1,-0.888671875,-0.888671875
92.4,-0.888671875,-0.888671875
92.7,-0.8935546875,-0.8935546875
93.0,-0.8935546875,-0.8935546875
93.3,-0.8935546875,-0.8935546875
93.6,-0.8984375,-0.8984375
93.9,-0.888671875,-0.888671875
94.2,-0.8935546875,-0.8935546875
94.5,-0.8984375,-0.8984375
94.8,-0.8984375,-0.8984375
95.1,-0.888671875,-0.888671875
95.4,-0.8984375,-0.8984375
95.7,-0.9033203125,-0.9033203125
96.0,-0.8984375,-0.8984375
96.3,-0.8935546875,-0.8935546875
96.6,-0.9033203125,-0.9033203125
96.9,-0.9033203125,-0.9033203125
97.2,-0.8984375,-0.8984375
97.5,-0.8935546875,-0.8935546875
97.8,-0.8984375,-0.8984375
98.1,-0.888671875,-0.888671875
98.4,-0.8935546875,-0.8935546875
98.7,-0.8935546875,-0.8935546875
99.0,-0.8935546875,-0.8935546875
99.3,-0.8935546875,-0.8935546875
99.6,-0.888671875,-0.888671875
99.9,-0.888671875,-0.888671875
100.2,-0.8935546875,-0.8935546875
100.5,-0.8935546875,-0.8935546875
100.8,-0.9033203125,-0.9033203125
101.1,-0.9033203125,-0.9033203125
101.4,-0.8984375,-0.8984375
101.7,-0.908203125,-0.908203125
102.0,-0.8984375,-0.8984375
102.3,-0.8740234375,-0.8740234375
102.6,-0.9033203125,-0.9033203125
102.9,-0.8984375,-0.8984375
103.2,-0.8935546875,-0.8935546875
103.5,-0.8935546875,-0.8935546875
103.8,-0.8935546875,-0.8935546875
104.1,-0.8984375,-0.8984375
104.4,-0.888671875,-0.888671875
104.7,-0.8935546875,-0.8935546875
105.0,-0.8984375,-0.8984375
105.3,-0.8935546875,-0.8935546875
105.6,-0.8935546875,-0.8935546875
105.9,-0.9033203125,-0.9033203125
106.2,-0.8935546875,-0.8935546875
106.5,-0.8935546875,-0.8935546875
106.8,-0.9130859375,-0.9130859375
107.1,-0.888671875,-0.888671875
107.4,-0.8837890625,-0.8837890625
107.7,-0.9033203125,-0.9033203125
108.0,-0.8984375,-0.8984375
108.3,-0.8935546875,-0.8935546875
108.6,-0.8935546875,-0.8935546875
108.9,-0.8935546875,-0.8935546875
109.2,-0.8935546875,-0.8935546875
109.5,-0.888671875,-0.888671875
109.8,-0.8984375,-0.8984375
110.1,-0.8984375,-0.8984375
110.4,-0.8984375,-0.8984375
110.7,-0.888671875,-0.888671875
111.0,-0.8984375,-0.8984375
111.3,-0.888671875,-0.888671875
111.6,-0.8935546875,-0.8935546875
111.9,-0.8984375,-0.8984375
112.2,-0.8935546875,-0.8935546875
112.5,-0.8935546875,-0.8935546875
112.8,-0.9033203125,-0.9033203125
113.1,-0.8837890625,-0.8837890625
113.4,-0.8984375,-0.8984375
113.7,-0.8984375,-0.8984375
114.0,-0.9033203125,-0.9033203125
114.3,-0.8984375,-0.8984375
114.6,-0.9033203125,-0.9033203125
114.9,-0.8935546875,-0.8935546875
115.2,-0.8984375,-0.8984375
115.5,-0.8984375,-0.8984375
115.8,-0.8935546875,-0.8935546875
116.1,-0.888671875,-0.888671875
116.4,-0.8935546875,-0.8935546875
116.7,-0.8935546875,-0.8935546875
117.0,-0.888671875,-0.888671875
117.3,-0.8837890625,-0.8837890625
117.6,-0.8935546875,-0.8935546875
117.9,-0.8935546875,-0.8935546875
118.2,-0.8935546875,-0.8935546875
118.5,-0.87890625,-0.87890625
118.8,-0.8935546875,-0.8935546875
119.1,-0.8935546875,-0.8935546875
119.4,-0.8935546875,-0.8935546875
119.7,-0.888671875,-0.888671875
120.0,-0.8935546875,-0.8935546875
120.3,-0.8935546875,-0.8935546875
120.6,-0.888671875,-0.888671875
120.9,-0.8935546875,-0.8935546875
121.2,-0.8984375,-0.8984375
121.5,-0.888671875,-0.888671875
121.8,-0.9033203125,-0.9033203125
122.1,-0.8837890625,-0.8837890625
122.4,-0.8935546875,-0.8935546875
122.7,-0.8935546875,-0.8935546875
123.0,-0.8935546875,-0.8935546875
123.3,-0.8935546875,-0.8935546875
123.6,-0.8984375,-0.8984375
123.9,-0.8935546875,-0.8935546875
124.2,-0.888671875,-0.888671875
124.5,-0.888671875,-0.888671875
124.8,-0.888671875,-0.888671875
125.1,-0.8984375,-0.8984375
125.4,-0.8984375,-0.8984375
125.7,-0.8984375,-0.8984375
126.0,-0.8837890625,-0.8837890625
126.3,-0.888671875,-0.888671875
126.6,-0.8984375,-0.8984375
126.9,-0.888671875,-0.888671875
127.2,-0.888671875,-0.888671875
127.5,-0.8935546875,-0.8935546875
127.8,-0.8984375,-0.8984375
128.1,-0.8984375,-0.8984375
128.4,-0.8837890625,-0.8837890625
128.7,-0.8935546875,-0.8935546875
129.0,-0.9033203125,-0.9033203125
129.3,-0.8984375,-0.8984375
129.6,-0.888671875,-0.888671875
129.9,-0.888671875,-0.888671875
130.2,-0.888671875,-0.888671875
130.5,-0.8935546875,-0.8935546875
130.8,-0.908203125,-0.908203125
131.1,-0.8935546875,-0.8935546875
131.4,-0.8935546875,-0.8935546875
131.7,-0.8837890625,-0.8837890625
132.0,-0.888671875,-0.888671875
132.3,-0.8935546875,-0.8935546875
132.6,-0.8935546875,-0.8935546875
132.9,-0.888671875,-0.888671875
133.2,-0.8935546875,-0.8935546875
133.5,-0.888671875,-0.888671875
133.8,-0.8935546875,-0.8935546875
134.1,-0.888671875,-0.888671875
134.4,-0.8837890625,-0.8837890625
134.7,-0.888671875,-0.888671875
135.0,-0.9033203125,-0.9033203125
135.3,-0.8984375,-0.8984375
135.6,-0.888671875,-0.888671875
135.9,-0.8837890625,-0.8837890625
136.2,-0.8935546875,-0.8935546875
136.5,-0.888671875,-0.888671875
136.8,-0.8837890625,-0.8837890625
137.1,-0.8837890625,-0.8837890625
137.4,-0.8935546875,-0.8935546875
137.7,-0.8935546875,-0.8935546875
138.0,-0.8935546875,-0.8935546875
138.3,-0.9033203125,-0.9033203125
138.6,-0.888671875,-0.888671875
138.9,-0.888671875,-0.888671875
139.2,-0.8935546875,-0.8935546875
139.5,-0.8984375,-0.8984375
139.8,-0.8935546875,-0.8935546875
140.1,-0.9033203125,-0.9033203125
140.4,-0.87890625,-0.87890625
140.7,-0.908203125,-0.908203125
141.0,-0.8935546875,-0.8935546875
141.3,-0.888671875,-0.888671875
141.6,-0.8984375,-0.8984375
141.9,-0.8935546875,-0.8935546875
142.2,-0.8984375,-0.8984375
142.5,-0.888671875,-0.888671875
142.8,-0.8935546875,-0.8935546875
143.1,-0.9033203125,-0.9033203125
143.4,-0.8984375,-0.8984375
143.7,-0.888671875,-0.888671875
144.0,-0.9033203125,-0.9033203125
144.3,-0.888671875,-0.888671875
144.6,-0.8837890625,-0.8837890625
144.9,-0.8984375,-0.8984375
145.2,-0.8984375,-0.8984375
145.5,-0.8935546875,-0.8935546875
145.8,-0.888671875,-0.888671875
146.1,-0.888671875,-0.888671875
146.4,-0.8984375,-0.8984375
146.7,-0.8837890625,-0.8837890625
147.0,-0.9033203125,-0.9033203125
147.3,-0.8935546875,-0.8935546875
147.6,-0.888671875,-0.888671875
147.9,-0.8935546875,-0.8935546875
148.2,-0.8837890625,-0.8837890625
148.5,-0.9033203125,-0.9033203125
148.8,-0.8984375,-0.8984375
149.1,-0.8984375,-0.8984375
149.4,-0.8935546875,-0.8935546875
149.7,-0.8935546875,-0.8935546875
150.0,-0.9033203125,-0.9033203125
150.3,-0.888671875,-0.888671875
150.6,-0.888671875,-0.888671875
150.9,-0.8935546875,-0.8935546875
151.2,-0.8935546875,-0.8935546875
151.5,-0.8837890625,-0.8837890625
151.8,-0.8935546875,-0.8935546875
152.1,-0.8984375,-0.8984375
152.4,-0.8935546875,-0.8935546875
152.7,-0.8984375,-0.8984375
153.0,-0.9033203125,-0.9033203125
153.3,-0.888671875,-0.888671875
153.6,-0.8984375,-0.8984375
153.9,-0.8984375,-0.8984375
154.2,-0.8984375,-0.8984375
154.5,-0.9033203125,-0.9033203125
154.8,-0.8935546875,-0.8935546875
155.1,-0.888671875,-0.888671875
155.4,-0.8935546875,-0.8935546875
155.7,-0.8984375,-0.8984375
156.0,-0.9033203125,-0.9033203125
156.3,-0.8935546875,-0.8935546875
156.6,-0.9033203125,-0.9033203125
156.9,-0.8984375,-0.8984375
157.2,-0.8935546875,-0.8935546875
157.5,-0.8984375,-0.8984375
157.8,-0.87890625,-0.87890625
158.1,-0.8935546875,-0.8935546875
158.4,-0.9033203125,-0.9033203125
158.7,-0.8935546875,-0.8935546875
159.0,-0.8935546875,-0.8935546875
159.3,-0.888671875,-0.888671875
159.6,-0.8837890625,-0.8837890625
159.9,-0.888671875,-0.888671875
160.2,-0.888671875,-0.888671875
160.5,-0.8935546875,-0.8935546875
160.8,-0.8935546875,-0.8935546875
161.1,-0.9033203125,-0.9033203125
161.4,-0.8935546875,-0.8935546875
161.7,-0.8984375,-0.8984375
162.0,-0.8984375,-0.8984375
162.3,-0.8935546875,-0.8935546875
162.6,-0.8984375,-0.8984375
162.9,-0.8935546875,-0.8935546875
163.2,-0.8935546875,-0.8935546875
163.5,-0.8935546875,-0.8935546875
163.8,-0.8935546875,-0.8935546875
164.1,-0.8984375,-0.8984375
164.4,-0.9033203125,-0.9033203125
164.7,-0.8935546875,-0.8935546875
165.0,-0.8837890625,-0.8837890625
165.3,-0.8935546875,-0.8935546875
165.6,-0.91796875,-0.91796875
165.9,-0.908203125,-0.908203125
166.2,-0.888671875,-0.888671875
166.5,-0.888671875,-0.888671875
166.8,-0.8935546875,-0.8935546875
167.1,-0.8935546875,-0.8935546875
167.4,-0.8935546875,-0.8935546875
167.7,-0.8935546875,-0.8935546875
168.0,-0.8935546875,-0.8935546875
168.3,-0.8935546875,-0.8935546875
168.6,-0.888671875,-0.888671875
168.9,-0.8935546875,-0.8935546875
169.2,-0.87890625,-0.87890625
169.5,-0.8935546875,-0.8935546875
169.8,-0.8935546875,-0.8935546875
170.1,-0.87890625,-0.87890625
170.4,-0.8935546875,-0.8935546875
170.7,-0.87890625,-0.87890625
171.0,-0.8935546875,-0.8935546875
171.3,-0.888671875,-0.888671875
171.6,-0.9033203125,-0.9033203125
171.9,-0.8935546875,-0.8935546875
172.2,-0.8984375,-0.8984375
172.5,-0.8935546875,-0.8935546875
172.8,-0.888671875,-0.888671875
173.1,-0.8837890625,-0.8837890625
173.4,-0.87890625,-0.87890625
173.7,-0.8984375,-0.8984375
174.0,-0.8984375,-0.8984375
174.3,-0.8935546875,-0.8935546875
174.6,-0.8935546875,-0.8935546875
174.9,-0.8935546875,-0.8935546875
175.2,-0.8984375,-0.8984375
175.5,-0.8984375,-0.8984375
175.8,-0.908203125,-0.908203125
176.1,-0.8935546875,-0.8935546875
176.4,-0.8984375,-0.8984375
176.7,-0.8935546875,-0.8935546875
177.0,-0.8935546875,-0.8935546875
177.3,-0.8935546875,-0.8935546875
177.6,-0.9033203125,-0.9033203125
177.9,-0.8935546875,-0.8935546875
178.2,-0.8935546875,-0.8935546875
178.5,-0.8935546875,-0.8935546875
178.8,-0.8984375,-0.8984375
179.1,-0.888671875,-0.888671875
179.4,-0.8935546875,-0.8935546875
179.7,-0.8935546875,-0.8935546875
180.0,-0.888671875,-0.888671875
180.3,-0.908203125,-0.908203125
180.6,-0.8935546875,-0.8935546875
180.9,-0.888671875,-0.888671875
181.2,-0.8935546875,-0.8935546875
181.5,-0.9033203125,-0.9033203125
181.8,-0.8935546875,-0.8935546875
182.1,-0.8935546875,-0.8935546875
182.4,-0.8984375,-0.8984375
182.7,-0.8984375,-0.8984375
183.0,-0.8935546875,-0.8935546875
183.3,-0.8935546875,-0.8935546875
183.6,-0.8984375,-0.8984375
183.9,-0.8984375,-0.8984375
184.2,-0.8837890625,-0.8837890625
184.5,-0.8984375,-0.8984375
184.8,-0.8984375,-0.8984375
185.1,-0.888671875,-0.888671875
185.4,-0.8837890625,-0.8837890625
185.7,-0.888671875,-0.888671875
186.0,-0.888671875,-0.888671875
186.3,-0.8984375,-0.8984375
186.6,-0.9033203125,-0.9033203125
186.9,-0.8837890625,-0.8837890625
187.2,-0.9033203125,-0.9033203125
187.5,-0.8935546875,-0.8935546875
187.8,-0.8935546875,-0.8935546875
188.1,-0.8935546875,-0.8935546875
188.4,-0.8935546875,-0.8935546875
188.7,-0.8935546875,-0.8935546875
189.0,-0.8984375,-0.8984375
189.3,-0.8984375,-0.8984375
189.6,-0.8935546875,-0.8935546875
189.9,-0.888671875,-0.888671875
190.2,-0.8984375,-0.8984375
190.5,-0.888671875,-0.888671875
190.8,-0.888671875,-0.888671875
191.1,-0.888671875,-0.888671875
191.4,-0.8935546875,-0.8935546875
191.7,-0.8984375,-0.8984375
192.0,-0.8935546875,-0.8935546875
192.3,-0.888671875,-0.888671875
192.6,-0.8984375,-0.8984375
192.9,-0.8935546875,-0.8935546875
193.2,-0.8837890625,-0.8837890625
193.5,-0.8935546875,-0.8935546875
193.8,-0.9033203125,-0.9033203125
194.1,-0.9033203125,-0.9033203125
194.4,-0.8984375,-0.8984375
194.7,-0.8837890625,-0.8837890625
195.0,-0.8935546875,-0.8935546875
195.3,-0.8984375,-0.8984375
195.6,-0.8935546875,-0.8935546875
195.9,-0.8984375,-0.8984375
196.2,-0.8984375,-0.8984375
196.5,-0.8935546875,-0.8935546875
196.8,-0.8984375,-0.8984375
197.1,-0.888671875,-0.888671875
197.4,-0.8935546875,-0.8935546875
197.7,-0.8984375,-0.8984375
198.0,-0.8935546875,-0.8935546875
198.3,-0.888671875,-0.888671875
198.6,-0.8984375,-0.8984375
198.9,-0.9033203125,-0.9033203125
199.2,-0.8935546875,-0.8935546875
199.5,-0.8935546875,-0.8935546875
199.8,-0.8984375,-0.8984375
200.1,-0.8935546875,-0.8935546875
200.4,-0.8935546875,-0.8935546875
200.7,-0.8935546875,-0.8935546875
201.0,-0.8935546875,-0.8935546875
201.3,-0.8935546875,-0.8935546875
201.6,-0.8935546875,-0.8935546875
201.9,-0.8935546875,-0.8935546875
202.2,-0.8935546875,-0.8935546875
202.5,-0.888671875,-0.888671875
202.8,-0.888671875,-0.888671875
203.1,-0.8935546875,-0.8935546875
203.4,-0.87890625,-0.87890625
203.7,-0.8984375,-0.8984375
204.0,-0.9033203125,-0.9033203125
204.3,-0.888671875,-0.888671875
204.6,-0.8935546875,-0.8935546875
204.9,-0.8935546875,-0.8935546875
205.2,-0.888671875,-0.888671875
205.5,-0.8984375,-0.8984375
205.8,-0.888671875,-0.888671875
206.1,-0.888671875,-0.888671875
206.4,-0.9033203125,-0.9033203125
206.7,-0.888671875,-0.888671875
207.0,-0.9033203125,-0.9033203125
207.3,-0.8984375,-0.8984375
207.6,-0.888671875,-0.888671875
207.9,-0.8984375,-0.8984375
208.2,-0.888671875,-0.888671875
208.5,-0.8984375,-0.8984375
208.8,-0.8935546875,-0.8935546875
209.1,-0.8935546875,-0.8935546875
209.4,-0.9033203125,-0.9033203125
209.7,-0.9033203125,-0.9033203125
210.0,-0.8837890625,-0.8837890625
210.3,-0.888671875,-0.888671875
210.6,-0.8837890625,-0.8837890625
210.9,-0.8837890625,-0.8837890625
211.2,-0.888671875,-0.888671875
211.5,-0.8984375,-0.8984375
211.8,-0.8935546875,-0.8935546875
212.1,-0.8935546875,-0.8935546875
212.4,-0.888671875,-0.888671875
212.7,-0.9033203125,-0.9033203125
213.0,-0.8837890625,-0.8837890625
213.3,-0.9033203125,-0.9033203125
213.6,-0.9033203125,-0.9033203125
213.9,-0.8984375,-0.8984375
214.2,-0.888671875,-0.888671875
214.5,-0.9033203125,-0.9033203125
214.8,-0.8935546875,-0.8935546875
215.1,-0.8935546875,-0.8935546875
215.4,-0.908203125,-0.908203125
215.7,-0.8984375,-0.8984375
216.0,-0.87890625,-0.87890625
216.3,-0.8837890625,-0.8837890625
216.6,-0.8984375,-0.8984375
216.9,-0.8984375,-0.8984375
217.2,-0.8984375,-0.8984375
217.5,-0.888671875,-0.888671875
217.8,-0.908203125,-0.908203125
218.1,-0.8935546875,-0.8935546875
218.4,-0.8984375,-0.8984375
218.7,-0.8935546875,-0.8935546875
219.0,-0.8984375,-0.8984375
219.3,-0.9033203125,-0.9033203125
219.6,-0.888671875,-0.888671875
219.9,-0.9033203125,-0.9033203125
220.2,-0.8984375,-0.8984375
220.5,-0.8984375,-0.8984375
220.8,-0.9033203125,-0.9033203125
221.1,-0.8984375,-0.8984375
221.4,-0.9033203125,-0.9033203125
221.7,-0.8984375,-0.8984375
222.0,-0.8935546875,-0.8935546875
222.3,-0.9033203125,-0.9033203125
222.6,-0.8984375,-0.8984375
222.9,-0.8984375,-0.8984375
223.2,-0.8935546875,-0.8935546875
223.5,-0.8837890625,-0.8837890625
223.8,-0.8984375,-0.8984375
224.1,-0.888671875,-0.888671875
224.4,-0.8935546875,-0.8935546875
224.7,-0.8984375,-0.8984375
225.0,-0.8984375,-0.8984375
225.3,-0.8935546875,-0.8935546875
225.6,-0.8984375,-0.8984375
225.9,-0.9033203125,-0.9033203125
226.2,-0.8984375,-0.8984375
226.5,-0.8935546875,-0.8935546875
226.8,-0.888671875,-0.888671875
227.1,-0.8935546875,-0.8935546875
227.4,-0.9033203125,-0.9033203125
227.7,-0.8935546875,-0.8935546875
228.0,-0.9033203125,-0.9033203125
228.3,-0.888671875,-0.888671875
228.6,-0.8935546875,-0.8935546875
228.9,-0.8837890625,-0.8837890625
229.2,-0.888671875,-0.888671875
229.5,-0.9033203125,-0.9033203125
229.8,-0.8935546875,-0.8935546875
230.1,-0.87890625,-0.87890625
230.4,-0.8984375,-0.8984375
230.7,-0.888671875,-0.888671875
231.0,-0.8935546875,-0.8935546875
231.3,-0.8935546875,-0.8935546875
231.6,-0.8935546875,-0.8935546875
231.9,-0.8984375,-0.8984375
232.2,-0.8984375,-0.8984375
232.5,-0.8935546875,-0.8935546875
232.8,-0.9033203125,-0.9033203125
233.1,-0.888671875,-0.888671875
233.4,-0.8935546875,-0.8935546875
233.7,-0.8837890625,-0.8837890625
234.0,-0.8935546875,-0.8935546875
234.3,-0.8984375,-0.8984375
234.6,-0.87890625,-0.87890625
234.9,-0.8984375,-0.8984375
235.2,-0.8935546875,-0.8935546875
235.5,-0.8935546875,-0.8935546875
235.8,-0.8935546875,-0.8935546875
236.1,-0.8935546875,-0.8935546875
236.4,-0.8837890625,-0.8837890625
236.7,-0.8935546875,-0.8935546875
237.0,-0.888671875,-0.888671875
237.3,-0.888671875,-0.888671875
237.6,-0.888671875,-0.888671875
237.9,-0.8935546875,-0.8935546875
238.2,-0.8935546875,-0.8935546875
238.5,-0.8935546875,-0.8935546875
238.8,-0.9033203125,-0.9033203125
239.1,-0.8935546875,-0.8935546875
239.4,-0.8935546875,-0.8935546875
239.7,-0.9033203125,-0.9033203125
240.0,-0.8935546875,-0.8935546875
240.3,-0.8935546875,-0.8935546875
240.6,-0.8984375,-0.8984375
240.9,-0.888671875,-0.888671875
241.2,-0.8984375,-0.8984375
241.5,-0.8984375,-0.8984375
241.8,-0.9130859375,-0.9130859375
242.1,-0.888671875,-0.888671875
242.4,-0.888671875,-0.888671875
242.7,-0.888671875,-0.888671875
243.0,-0.888671875,-0.888671875
243.3,-0.8740234375,-0.8740234375
243.6,-0.888671875,-0.888671875
243.9,-0.8935546875,-0.8935546875
244.2,-0.87890625,-0.87890625
244.5,-0.8935546875,-0.8935546875
244.8,-0.9033203125,-0.9033203125
245.1,-0.8935546875,-0.8935546875
245.4,-0.888671875,-0.888671875
245.7,-0.8935546875,-0.8935546875
246.0,-0.8984375,-0.8984375
246.3,-0.8984375,-0.8984375
246.6,-0.8984375,-0.8984375
246.9,-0.8984375,-0.8984375
247.2,-0.888671875,-0.888671875
247.5,-0.8984375,-0.8984375
247.8,-0.888671875,-0.888671875
248.1,-0.888671875,-0.888671875
248.4,-0.8935546875,-0.8935546875
248.7,-0.8935546875,-0.8935546875
249.0,-0.8837890625,-0.8837890625
249.3,-0.888671875,-0.888671875
249.6,-0.8935546875,-0.8935546875
249.9,-0.888671875,-0.888671875
250.2,-0.8935546875,-0.8935546875
250.5,-0.8984375,-0.8984375
250.8,-0.8984375,-0.8984375
251.1,-0.8984375,-0.8984375
251.4,-0.8935546875,-0.8935546875
251.7,-0.8984375,-0.8984375
252.0,-0.8935546875,-0.8935546875
252.3,-0.8935546875,-0.8935546875
252.6,-0.8935546875,-0.8935546875
252.9,-0.9033203125,-0.9033203125
253.2,-0.8984375,-0.8984375
253.5,-0.8984375,-0.8984375
253.8,-0.8837890625,-0.8837890625
254.1,-0.888671875,-0.888671875
254.4,-0.87890625,-0.87890625
254.7,-0.908203125,-0.908203125
255.0,-0.8935546875,-0.8935546875
255.3,-0.8984375,-0.8984375
255.6,-0.87890625,-0.87890625
255.9,-0.87890625,-0.87890625
256.2,-0.8935546875,-0.8935546875
256.5,-0.8935546875,-0.8935546875
256.8,-0.8935546875,-0.8935546875
257.1,-0.8935546875,-0.8935546875
257.4,-0.87890625,-0.87890625
257.7,-0.8984375,-0.8984375
258.0,-0.8935546875,-0.8935546875
258.3,-0.908203125,-0.908203125
258.6,-0.9130859375,-0.9130859375
258.9,-0.8935546875,-0.8935546875
259.2,-0.8837890625,-0.8837890625
259.5,-0.8837890625,-0.8837890625
259.8,-0.8935546875,-0.8935546875
260.1,-0.8935546875,-0.8935546875
260.4,-0.8935546875,-0.8935546875
260.7,-0.8740234375,-0.8740234375
261.0,-0.8837890625,-0.8837890625
261.3,-0.888671875,-0.888671875
261.6,-0.8984375,-0.8984375
261.9,-0.888671875,-0.888671875
262.2,-0.8935546875,-0.8935546875
262.5,-0.8984375,-0.8984375
262.8,-0.888671875,-0.888671875
263.1,-0.888671875,-0.888671875
263.4,-0.8837890625,-0.8837890625
263.7,-0.8984375,-0.8984375
264.0,-0.8984375,-0.8984375
264.3,-0.8984375,-0.8984375
264.6,-0.9033203125,-0.9033203125
264.9,-0.8935546875,-0.8935546875
265.2,-0.9033203125,-0.9033203125
265.5,-0.8935546875,-0.8935546875
265.8,-0.8935546875,-0.8935546875
266.1,-0.8984375,-0.8984375
266.4,-0.8935546875,-0.8935546875
266.7,-0.8837890625,-0.8837890625
267.0,-0.8935546875,-0.8935546875
267.3,-0.9033203125,-0.9033203125
267.6,-0.888671875,-0.888671875
267.9,-0.888671875,-0.888671875
268.2,-0.8935546875,-0.8935546875
268.5,-0.8984375,-0.8984375
268.8,-0.8935546875,-0.8935546875
269.1,-0.8935546875,-0.8935546875
269.4,-0.888671875,-0.888671875
269.7,-0.888671875,-0.888671875
270.0,-0.8984375,-0.8984375
270.3,-0.8740234375,-0.8740234375
270.6,-0.8984375,-0.8984375
270.9,-0.8935546875,-0.8935546875
271.2,-0.8935546875,-0.8935546875
271.5,-0.8984375,-0.8984375
271.8,-0.8935546875,-0.8935546875
272.1,-0.9033203125,-0.9033203125
272.4,-0.888671875,-0.888671875
272.7,-0.8935546875,-0.8935546875
273.0,-0.8935546875,-0.8935546875
273.3,-0.888671875,-0.888671875
273.6,-0.888671875,-0.888671875
273.9,-0.8935546875,-0.8935546875
274.2,-0.9033203125,-0.9033203125
274.5,-0.8837890625,-0.8837890625
274.8,-0.8935546875,-0.8935546875
275.1,-0.908203125,-0.908203125
275.4,-0.9033203125,-0.9033203125
275.7,-0.8935546875,-0.8935546875
276.0,-0.888671875,-0.888671875
276.3,-0.8837890625,-0.8837890625
276.6,-0.8935546875,-0.8935546875
276.9,-0.8837890625,-0.8837890625
277.2,-0.888671875,-0.888671875
277.5,-0.888671875,-0.888671875
277.8,-0.8935546875,-0.8935546875
278.1,-0.888671875,-0.888671875
278.4,-0.8935546875,-0.8935546875
278.7,-0.8984375,-0.8984375
279.0,-0.9033203125,-0.9033203125
279.3,-0.9033203125,-0.9033203125
279.6,-0.8935546875,-0.8935546875
279.9,-0.8935546875,-0.8935546875
280.2,-0.9033203125,-0.9033203125
280.5,-0.8984375,-0.8984375
280.8,-0.8935546875,-0.8935546875
281.1,-0.888671875,-0.888671875
281.4,-0.9033203125,-0.9033203125
281.7,-0.9033203125,-0.9033203125
282.0,-0.8984375,-0.8984375
282.3,-0.8984375,-0.8984375
282.6,-0.888671875,-0.888671875
282.9,-0.888671875,-0.888671875
283.2,-0.8935546875,-0.8935546875
283.5,-0.8935546875,-0.8935546875
283.8,-0.8837890625,-0.8837890625
284.1,-0.8984375,-0.8984375
284.4,-0.8935546875,-0.8935546875
284.7,-0.8935546875,-0.8935546875
285.0,-0.8984375,-0.8984375
285.3,-0.8984375,-0.8984375
285.6,-0.8984375,-0.8984375
285.9,-0.8984375,-0.8984375
286.2,-0.8984375,-0.8984375
286.5,-0.8935546875,-0.8935546875
286.8,-0.888671875,-0.888671875
287.1,-0.888671875,-0.888671875
287.4,-0.888671875,-0.888671875
287.7,-0.888671875,-0.888671875
288.0,-0.9033203125,-0.9033203125
288.3,-0.8935546875,-0.8935546875
288.6,-0.8935546875,-0.8935546875
288.9,-0.8935546875,-0.8935546875
289.2,-0.8837890625,-0.8837890625
289.5,-0.8984375,-0.8984375
289.8,-0.888671875,-0.888671875
290.1,-0.8984375,-0.8984375
290.4,-0.87890625,-0.87890625
290.7,-0.888671875,-0.888671875
291.0,-0.888671875,-0.888671875
291.3,-0.8837890625,-0.8837890625
291.6,-0.888671875,-0.888671875
291.9,-0.9033203125,-0.9033203125
292.2,-0.888671875,-0.888671875
292.5,-0.8935546875,-0.8935546875
292.8,-0.8935546875,-0.8935546875
293.1,-0.888671875,-0.888671875
293.4,-0.888671875,-0.888671875
293.7,-0.8935546875,-0.8935546875
294.0,-0.8837890625,-0.8837890625
294.3,-0.9033203125,-0.9033203125
294.6,-0.888671875,-0.888671875
294.9,-0.8935546875,-0.8935546875
295.2,-0.8935546875,-0.8935546875
295.5,-0.888671875,-0.888671875
295.8,-0.8935546875,-0.8935546875
296.1,-0.8837890625,-0.8837890625
296.4,-0.8837890625,-0.8837890625
296.7,-0.8935546875,-0.8935546875
297.0,-0.87890625,-0.87890625
297.3,-0.8935546875,-0.8935546875
297.6,-0.8984375,-0.8984375
297.9,-0.888671875,-0.888671875
298.2,-0.8984375,-0.8984375
298.5,-0.87890625,-0.87890625
298.8,-0.8984375,-0.8984375
299.1,-0.888671875,-0.888671875
299.4,-0.8837890625,-0.8837890625
299.7,-0.8935546875,-0.8935546875
300.0,-0.8984375,-0.8984375
300.3,-0.8935546875,-0.8935546875
300.6,-0.87890625,-0.87890625
300.9,-0.8984375,-0.8984375
301.2,-0.8935546875,-0.8935546875
301.5,-0.8837890625,-0.8837890625
301.8,-0.8837890625,-0.8837890625
302.1,-0.9033203125,-0.9033203125
302.4,-0.8935546875,-0.8935546875
302.7,-0.8984375,-0.8984375
303.0,-0.8935546875,-0.8935546875
303.3,-0.888671875,-0.888671875
303.6,-0.888671875,-0.888671875
303.9,-0.9033203125,-0.9033203125
304.2,-0.8984375,-0.8984375
304.5,-0.8935546875,-0.8935546875
304.8,-0.8935546875,-0.8935546875
305.1,-0.8935546875,-0.8935546875
305.4,-0.888671875,-0.888671875
305.7,-0.888671875,-0.888671875
306.0,-0.8935546875,-0.8935546875
306.3,-0.8935546875,-0.8935546875
306.6,-0.8837890625,-0.8837890625
306.9,-0.8984375,-0.8984375
307.2,-0.8984375,-0.8984375
307.5,-0.8984375,-0.8984375
307.8,-0.888671875,-0.888671875
308.1,-0.8984375,-0.8984375
308.4,-0.8935546875,-0.8935546875
308.7,-0.888671875,-0.888671875
309.0,-0.888671875,-0.888671875
309.3,-0.9033203125,-0.9033203125
309.6,-0.888671875,-0.888671875
309.9,-0.8984375,-0.8984375
310.2,-0.8837890625,-0.8837890625
310.5,-0.888671875,-0.888671875
310.8,-0.8935546875,-0.8935546875
311.1,-0.8984375,-0.8984375
311.4,-0.8935546875,-0.8935546875
311.7,-0.8935546875,-0.8935546875
312.0,-0.8984375,-0.8984375
312.3,-0.8984375,-0.8984375
312.6,-0.8935546875,-0.8935546875
312.9,-0.8837890625,-0.8837890625
313.2,-0.8935546875,-0.8935546875
313.5,-0.888671875,-0.888671875
313.8,-0.888671875,-0.888671875
314.1,-0.888671875,-0.888671875
314.4,-0.9033203125,-0.9033203125
314.7,-0.888671875,-0.888671875
315.0,-0.8837890625,-0.8837890625
315.3,-0.8984375,-0.8984375
315.6,-0.908203125,-0.908203125
315.9,-0.9033203125,-0.9033203125
316.2,-0.8984375,-0.8984375
316.5,-0.8935546875,-0.8935546875
316.8,-0.888671875,-0.888671875
317.1,-0.9033203125,-0.9033203125
317.4,-0.888671875,-0.888671875
317.7,-0.8935546875,-0.8935546875
318.0,-0.8935546875,-0.8935546875
318.3,-0.888671875,-0.888671875
318.6,-0.888671875,-0.888671875
318.9,-0.8837890625,-0.8837890625
319.2,-0.8984375,-0.8984375
319.5,-0.8935546875,-0.8935546875
319.8,-0.9033203125,-0.9033203125
320.1,-0.8837890625,-0.8837890625
320.4,-0.888671875,-0.888671875
320.7,-0.888671875,-0.888671875
321.0,-0.8935546875,-0.8935546875
321.3,-0.888671875,-0.888671875
321.6,-0.8984375,-0.8984375
321.9,-0.8935546875,-0.8935546875
322.2,-0.8837890625,-0.8837890625
322.5,-0.8935546875,-0.8935546875
322.8,-0.8935546875,-0.8935546875
323.1,-0.888671875,-0.888671875
323.4,-0.8935546875,-0.8935546875
323.7,-0.8935546875,-0.8935546875
324.0,-0.8984375,-0.8984375
324.3,-0.8935546875,-0.8935546875
324.6,-0.87890625,-0.87890625
324.9,-0.888671875,-0.888671875
325.2,-0.8935546875,-0.8935546875
325.5,-0.8935546875,-0.8935546875
325.8,-0.8935546875,-0.8935546875
326.1,-0.8837890625,-0.8837890625
326.4,-0.8984375,-0.8984375
326.7,-0.8935546875,-0.8935546875
327.0,-0.888671875,-0.888671875
327.3,-0.888671875,-0.888671875
327.6,-0.888671875,-0.888671875
327.9,-0.87890625,-0.87890625
328.2,-0.888671875,-0.888671875
328.5,-0.8935546875,-0.8935546875
328.8,-0.8935546875,-0.8935546875
329.1,-0.8935546875,-0.8935546875
329.4,-0.87890625,-0.87890625
329.7,-0.87890625,-0.87890625
330.0,-0.8935546875,-0.8935546875
330.3,-0.8935546875,-0.8935546875
330.6,-0.8837890625,-0.8837890625
330.9,-0.888671875,-0.888671875
331.2,-0.888671875,-0.888671875
331.5,-0.888671875,-0.888671875
331.8,-0.8935546875,-0.8935546875
332.1,-0.888671875,-0.888671875
332.4,-0.8984375,-0.8984375
332.7,-0.8935546875,-0.8935546875
333.0,-0.8935546875,-0.8935546875
333.3,-0.888671875,-0.888671875
333.6,-0.8984375,-0.8984375
333.9,-0.8984375,-0.8984375
334.2,-0.888671875,-0.888671875
334.5,-0.8935546875,-0.8935546875
334.8,-0.888671875,-0.888671875
335.1,-0.888671875,-0.888671875
335.4,-0.8935546875,-0.8935546875
335.7,-0.8837890625,-0.8837890625
336.0,-0.8837890625,-0.8837890625
336.3,-0.888671875,-0.888671875
336.6,-0.8984375,-0.8984375
336.9,-0.888671875,-0.888671875
337.2,-0.87890625,-0.87890625
337.5,-0.8935546875,-0.8935546875
337.8,-0.8837890625,-0.8837890625
338.1,-0.888671875,-0.888671875
338.4,-0.888671875,-0.888671875
338.7,-0.888671875,-0.888671875
339.0,-0.888671875,-0.888671875
339.3,-0.8935546875,-0.8935546875
339.6,-0.8984375,-0.8984375
339.9,-0.888671875,-0.888671875
340.2,-0.8984375,-0.8984375
340.5,-0.8935546875,-0.8935546875
340.8,-0.8984375,-0.8984375
341.1,-0.8935546875,-0.8935546875
341.4,-0.888671875,-0.888671875
341.7,-0.888671875,-0.888671875
342.0,-0.9033203125,-0.9033203125
342.3,-0.888671875,-0.888671875
342.6,-0.888671875,-0.888671875
342.9,-0.8935546875,-0.8935546875
343.2,-0.8984375,-0.8984375
343.5,-0.8984375,-0.8984375
343.8,-0.8984375,-0.8984375
344.1,-0.8935546875,-0.8935546875
344.4,-0.8984375,-0.8984375
344.7,-0.8984375,-0.8984375
345.0,-0.9033203125,-0.9033203125
345.3,-0.8935546875,-0.8935546875
345.6,-0.8984375,-0.8984375
345.9,-0.8935546875,-0.8935546875
346.2,-0.8837890625,-0.8837890625
346.5,-0.9033203125,-0.9033203125
346.8,-0.908203125,-0.908203125
347.1,-0.8935546875,-0.8935546875
347.4,-0.8935546875,-0.8935546875
347.7,-0.8935546875,-0.8935546875
348.0,-0.87890625,-0.87890625
348.3,-0.8837890625,-0.8837890625
348.6,-0.8935546875,-0.8935546875
348.9,-0.8837890625,-0.8837890625
349.2,-0.888671875,-0.888671875
349.5,-0.888671875,-0.888671875
349.8,-0.8935546875,-0.8935546875
350.1,-0.8837890625,-0.8837890625
350.4,-0.888671875,-0.888671875
350.7,-0.888671875,-0.888671875
351.0,-0.8837890625,-0.8837890625
351.3,-0.888671875,-0.888671875
351.6,-0.8935546875,-0.8935546875
351.9,-0.888671875,-0.888671875
352.2,-0.8935546875,-0.8935546875
352.5,-0.869140625,-0.869140625
352.8,-0.8935546875,-0.8935546875
353.1,-0.8935546875,-0.8935546875
353.4,-0.888671875,-0.888671875
353.7,-0.8935546875,-0.8935546875
354.0,-0.908203125,-0.908203125
354.3,-0.9033203125,-0.9033203125
354.6,-0.9033203125,-0.9033203125
354.9,-0.888671875,-0.888671875
355.2,-0.888671875,-0.888671875
355.5,-0.888671875,-0.888671875
355.8,-0.8935546875,-0.8935546875
356.1,-0.8837890625,-0.8837890625
356.4,-0.9033203125,-0.9033203125
356.7,-0.8984375,-0.8984375
357.0,-0.8935546875,-0.8935546875
357.3,-0.888671875,-0.888671875
357.6,-0.908203125,-0.908203125
357.9,-0.8935546875,-0.8935546875
358.2,-0.87890625,-0.87890625
358.5,-0.8984375,-0.8984375
358.8,-0.8837890625,-0.8837890625
359.1,-0.8837890625,-0.8837890625
359.4,-0.8984375,-0.8984375
359.7,-0.888671875,-0.888671875
360.0,-0.888671875,-0.888671875
360.3,-0.8837890625,-0.8837890625
360.6,-0.8935546875,-0.8935546875
360.9,-0.87890625,-0.87890625
361.2,-0.8837890625,-0.8837890625
361.5,-0.8935546875,-0.8935546875
361.8,-0.8935546875,-0.8935546875
362.1,-0.888671875,-0.888671875
362.4,-0.888671875,-0.888671875
362.7,-0.8935546875,-0.8935546875
363.0,-0.8935546875,-0.8935546875
363.3,-0.8935546875,-0.8935546875
363.6,-0.888671875,-0.888671875
363.9,-0.8935546875,-0.8935546875
364.2,-0.8984375,-0.8984375
364.5,-0.8984375,-0.8984375
364.8,-0.8935546875,-0.8935546875
365.1,-0.8837890625,-0.8837890625
365.4,-0.8935546875,-0.8935546875
365.7,-0.888671875,-0.888671875
366.0,-0.8984375,-0.8984375
366.3,-0.8837890625,-0.8837890625
366.6,-0.8935546875,-0.8935546875
366.9,-0.888671875,-0.888671875
367.2,-0.8935546875,-0.8935546875
367.5,-0.8837890625,-0.8837890625
367.8,-0.8935546875,-0.8935546875
368.1,-0.888671875,-0.888671875
368.4,-0.9033203125,-0.9033203125
368.7,-0.8837890625,-0.8837890625
369.0,-0.8837890625,-0.8837890625
369.3,-0.8984375,-0.8984375
369.6,-0.8984375,-0.8984375
369.9,-0.8935546875,-0.8935546875
370.2,-0.87890625,-0.87890625
370.5,-0.8984375,-0.8984375
370.8,-0.888671875,-0.888671875
371.1,-0.888671875,-0.888671875
371.4,-0.8984375,-0.8984375
371.7,-0.888671875,-0.888671875
372.0,-0.8935546875,-0.8935546875
372.3,-0.8837890625,-0.8837890625
372.6,-0.8935546875,-0.8935546875
372.9,-0.8935546875,-0.8935546875
373.2,-0.9033203125,-0.9033203125
373.5,-0.9033203125,-0.9033203125
373.8,-0.888671875,-0.888671875
374.1,-0.8935546875,-0.8935546875
374.4,-0.8984375,-0.8984375
374.7,-0.8984375,-0.8984375
375.0,-0.8935546875,-0.8935546875
375.3,-0.9033203125,-0.9033203125
375.6,-0.8984375,-0.8984375
375.9,-0.8837890625,-0.8837890625
376.2,-0.8935546875,-0.8935546875
376.5,-0.8935546875,-0.8935546875
376.8,-0.87890625,-0.87890625
377.1,-0.888671875,-0.888671875
377.4,-0.87890625,-0.87890625
377.7,-0.8837890625,-0.8837890625
378.0,-0.888671875,-0.888671875
378.3,-0.8935546875,-0.8935546875
378.6,-0.8984375,-0.8984375
378.9,-0.888671875,-0.888671875
379.2,-0.9033203125,-0.9033203125
379.5,-0.888671875,-0.888671875
379.8,-0.8935546875,-0.8935546875
380.1,-0.8984375,-0.8984375
380.4,-0.908203125,-0.908203125
380.7,-0.9033203125,-0.9033203125
381.0,-0.8935546875,-0.8935546875
381.3,-0.8984375,-0.8984375
381.6,-0.8984375,-0.8984375
381.9,-0.8935546875,-0.8935546875
382.2,-0.9033203125,-0.9033203125
382.5,-0.8935546875,-0.8935546875
382.8,-0.8984375,-0.8984375
383.1,-0.9033203125,-0.9033203125
383.4,-0.8984375,-0.8984375
383.7,-0.9033203125,-0.9033203125
384.0,-0.8984375,-0.8984375
384.3,-0.8984375,-0.8984375
384.6,-0.9033203125,-0.9033203125
384.9,-0.8984375,-0.8984375
385.2,-0.8984375,-0.8984375
385.5,-0.888671875,-0.888671875
385.8,-0.8984375,-0.8984375
386.1,-0.9033203125,-0.9033203125
386.4,-0.9033203125,-0.9033203125
386.7,-0.8935546875,-0.8935546875
387.0,-0.8935546875,-0.8935546875
387.3,-0.9033203125,-0.9033203125
387.6,-0.9033203125,-0.9033203125
387.9,-0.8935546875,-0.8935546875
388.2,-0.8984375,-0.8984375
388.5,-0.8935546875,-0.8935546875
388.8,-0.9033203125,-0.9033203125
389.1,-0.888671875,-0.888671875
389.4,-0.8984375,-0.8984375
389.7,-0.8984375,-0.8984375
390.0,-0.9033203125,-0.9033203125
390.3,-0.888671875,-0.888671875
390.6,-0.8984375,-0.8984375
390.9,-0.9033203125,-0.9033203125
391.2,-0.8984375,-0.8984375
391.5,-0.8984375,-0.8984375
391.8,-0.8935546875,-0.8935546875
392.1,-0.888671875,-0.888671875
392.4,-0.8984375,-0.8984375
392.7,-0.888671875,-0.888671875
393.0,-0.8935546875,-0.8935546875
393.3,-0.9033203125,-0.9033203125
393.6,-0.8984375,-0.8984375
393.9,-0.8984375,-0.8984375
394.2,-0.8984375,-0.8984375
394.5,-0.8984375,-0.8984375
394.8,-0.888671875,-0.888671875
395.1,-0.8984375,-0.8984375
395.4,-0.8984375,-0.8984375
395.7,-0.888671875,-0.888671875
396.0,-0.9033203125,-0.9033203125
396.3,-0.8935546875,-0.8935546875
396.6,-0.8984375,-0.8984375
396.9,-0.9033203125,-0.9033203125
397.2,-0.8935546875,-0.8935546875
397.5,-0.8935546875,-0.8935546875
397.8,-0.9033203125,-0.9033203125
398.1,-0.9033203125,-0.9033203125
398.4,-0.87890625,-0.87890625
398.7,-0.9130859375,-0.9130859375
399.0,-0.888671875,-0.888671875
399.3,-0.8984375,-0.8984375
399.6,-0.91796875,-0.91796875
399.9,-0.8984375,-0.8984375
400.2,-0.8984375,-0.8984375
400.5,-0.9033203125,-0.9033203125
400.8,-0.9033203125,-0.9033203125
401.1,-0.9033203125,-0.9033203125
401.4,-0.9033203125,-0.9033203125
401.7,-0.8984375,-0.8984375
402.0,-0.9033203125,-0.9033203125
402.3,-0.9033203125,-0.9033203125
402.6,-0.9033203125,-0.9033203125
402.9,-0.9033203125,-0.9033203125
403.2,-0.8984375,-0.8984375
403.5,-0.908203125,-0.908203125
403.8,-0.8984375,-0.8984375
404.1,-0.8984375,-0.8984375
404.4,-0.8984375,-0.8984375
404.7,-0.8935546875,-0.8935546875
405.0,-0.8935546875,-0.8935546875
405.3,-0.8935546875,-0.8935546875
405.6,-0.9033203125,-0.9033203125
405.9,-0.9033203125,-0.9033203125
406.2,-0.888671875,-0.888671875
406.5,-0.9033203125,-0.9033203125
406.8,-0.888671875,-0.888671875
407.1,-0.8984375,-0.8984375
407.4,-0.9033203125,-0.9033203125
407.7,-0.8984375,-0.8984375
408.0,-0.8935546875,-0.8935546875
408.3,-0.8984375,-0.8984375
408.6,-0.888671875,-0.888671875
408.9,-0.8984375,-0.8984375
409.2,-0.8984375,-0.8984375
409.5,-0.9130859375,-0.9130859375
409.8,-0.8935546875,-0.8935546875
410.1,-0.9033203125,-0.9033203125
410.4,-0.8837890625,-0.8837890625
410.7,-0.8984375,-0.8984375
411.0,-0.9033203125,-0.9033203125
411.3,-0.8984375,-0.8984375
411.6,-0.8935546875,-0.8935546875
411.9,-0.8740234375,-0.8740234375
412.2,-0.8935546875,-0.8935546875
412.5,-0.888671875,-0.888671875
412.8,-0.8837890625,-0.8837890625
413.1,-0.8935546875,-0.8935546875
413.4,-0.8984375,-0.8984375
413.7,-0.8984375,-0.8984375
414.0,-0.8984375,-0.8984375
414.3,-0.9130859375,-0.9130859375
414.6,-0.9033203125,-0.9033203125
414.9,-0.9130859375,-0.9130859375
415.2,-0.8984375,-0.8984375
415.5,-0.8935546875,-0.8935546875
415.8,-0.9033203125,-0.9033203125
416.1,-0.8984375,-0.8984375
416.4,-0.8984375,-0.8984375
416.7,-0.9130859375,-0.9130859375
417.0,-0.8935546875,-0.8935546875
417.3,-0.8984375,-0.8984375
417.6,-0.8935546875,-0.8935546875
417.9,-0.8984375,-0.8984375
418.2,-0.9033203125,-0.9033203125
418.5,-0.8984375,-0.8984375
418.8,-0.908203125,-0.908203125
419.1,-0.9033203125,-0.9033203125
419.4,-0.9033203125,-0.9033203125
419.7,-0.8984375,-0.8984375
420.0,-0.8935546875,-0.8935546875
420.3,-0.8935546875,-0.8935546875
420.6,-0.8935546875,-0.8935546875
420.9,-0.8984375,-0.8984375
421.2,-0.8984375,-0.8984375
421.5,-0.888671875,-0.888671875
421.8,-0.8984375,-0.8984375
422.1,-0.8984375,-0.8984375
422.4,-0.8935546875,-0.8935546875
422.7,-0.8984375,-0.8984375
423.0,-0.888671875,-0.888671875
423.3,-0.9033203125,-0.9033203125
423.6,-0.8984375,-0.8984375
423.9,-0.8984375,-0.8984375
424.2,-0.8984375,-0.8984375
424.5,-0.8984375,-0.8984375
424.8,-0.9033203125,-0.9033203125
425.1,-0.8935546875,-0.8935546875
425.4,-0.9033203125,-0.9033203125
425.7,-0.8935546875,-0.8935546875
426.0,-0.9033203125,-0.9033203125
426.3,-0.8935546875,-0.8935546875
426.6,-0.888671875,-0.888671875
426.9,-0.888671875,-0.888671875
427.2,-0.8984375,-0.8984375
427.5,-0.908203125,-0.908203125
427.8,-0.9033203125,-0.9033203125
428.1,-0.908203125,-0.908203125
428.4,-0.9033203125,-0.9033203125
428.7,-0.8984375,-0.8984375
429.0,-0.8935546875,-0.8935546875
429.3,-0.8984375,-0.8984375
429.6,-0.8935546875,-0.8935546875
429.9,-0.888671875,-0.888671875
430.2,-0.8984375,-0.8984375
430.5,-0.9033203125,-0.9033203125
430.8,-0.9033203125,-0.9033203125
431.1,-0.8935546875,-0.8935546875
431.4,-0.888671875,-0.888671875
431.7,-0.9033203125,-0.9033203125
432.0,-0.8984375,-0.8984375
432.3,-0.9033203125,-0.9033203125
432.6,-0.888671875,-0.888671875
432.9,-0.9033203125,-0.9033203125
433.2,-0.8984375,-0.8984375
433.5,-0.8935546875,-0.8935546875
433.8,-0.9033203125,-0.9033203125
434.1,-0.8984375,-0.8984375
434.4,-0.8984375,-0.8984375
434.7,-0.8984375,-0.8984375
435.0,-0.9033203125,-0.9033203125
435.3,-0.908203125,-0.908203125
435.6,-0.87890625,-0.87890625
435.9,-0.888671875,-0.888671875
436.2,-0.908203125,-0.908203125
436.5,-0.8984375,-0.8984375
436.8,-0.8984375,-0.8984375
437.1,-0.908203125,-0.908203125
437.4,-0.8984375,-0.8984375
437.7,-0.9033203125,-0.9033203125
438.0,-0.888671875,-0.888671875
438.3,-0.8935546875,-0.8935546875
438.6,-0.8935546875,-0.8935546875
438.9,-0.9033203125,-0.9033203125
439.2,-0.8935546875,-0.8935546875
439.5,-0.9033203125,-0.9033203125
439.8,-0.8837890625,-0.8837890625
440.1,-0.9033203125,-0.9033203125
440.4,-0.8837890625,-0.8837890625
440.7,-0.8984375,-0.8984375
441.0,-0.8984375,-0.8984375
441.3,-0.8935546875,-0.8935546875
441.6,-0.9130859375,-0.9130859375
441.9,-0.8984375,-0.8984375
442.2,-0.9033203125,-0.9033203125
442.5,-0.888671875,-0.888671875
442.8,-0.8984375,-0.8984375
443.1,-0.908203125,-0.908203125
443.4,-0.888671875,-0.888671875
443.7,-0.888671875,-0.888671875
444.0,-0.9033203125,-0.9033203125
444.3,-0.888671875,-0.888671875
444.6,-0.8984375,-0.8984375
444.9,-0.9033203125,-0.9033203125
445.2,-0.8935546875,-0.8935546875
445.5,-0.9033203125,-0.9033203125
445.8,-0.8935546875,-0.8935546875
446.1,-0.8984375,-0.8984375
446.4,-0.9033203125,-0.9033203125
446.7,-0.8984375,-0.8984375
447.0,-0.9033203125,-0.9033203125
447.3,-0.888671875,-0.888671875
447.6,-0.8984375,-0.8984375
447.9,-0.8984375,-0.8984375
448.2,-0.9033203125,-0.9033203125
448.5,-0.888671875,-0.888671875
448.8,-0.8984375,-0.8984375
449.1,-0.888671875,-0.888671875
449.4,-0.888671875,-0.888671875
449.7,-0.8984375,-0.8984375
450.0,-0.8935546875,-0.8935546875
450.3,-0.8984375,-0.8984375
450.6,-0.908203125,-0.908203125
450.9,-0.87890625,-0.87890625
451.2,-0.8984375,-0.8984375
451.5,-0.8935546875,-0.8935546875
451.8,-0.9033203125,-0.9033203125
452.1,-0.8935546875,-0.8935546875
452.4,-0.9033203125,-0.9033203125
452.7,-0.9033203125,-0.9033203125
453.0,-0.9033203125,-0.9033203125
453.3,-0.8935546875,-0.8935546875
453.6,-0.9033203125,-0.9033203125
453.9,-0.8984375,-0.8984375
454.2,-0.9033203125,-0.9033203125
454.5,-0.9033203125,-0.9033203125
454.8,-0.8984375,-0.8984375
455.1,-0.8935546875,-0.8935546875
455.4,-0.888671875,-0.888671875
455.7,-0.8984375,-0.8984375
456.0,-0.888671875,-0.888671875
456.3,-0.8984375,-0.8984375
456.6,-0.908203125,-0.908203125
456.9,-0.9033203125,-0.9033203125
457.2,-0.888671875,-0.888671875
457.5,-0.8935546875,-0.8935546875
457.8,-0.8935546875,-0.8935546875
458.1,-0.888671875,-0.888671875
458.4,-0.908203125,-0.908203125
458.7,-0.8935546875,-0.8935546875
459.0,-0.8984375,-0.8984375
459.3,-0.888671875,-0.888671875
459.6,-0.908203125,-0.908203125
459.9,-0.8984375,-0.8984375
460.2,-0.8984375,-0.8984375
460.5,-0.9033203125,-0.9033203125
460.8,-0.888671875,-0.888671875
461.1,-0.8984375,-0.8984375
461.4,-0.8984375,-0.8984375
461.7,-0.8935546875,-0.8935546875
462.0,-0.8984375,-0.8984375
462.3,-0.8984375,-0.8984375
462.6,-0.8935546875,-0.8935546875
462.9,-0.8984375,-0.8984375
463.2,-0.908203125,-0.908203125
463.5,-0.8984375,-0.8984375
463.8,-0.9033203125,-0.9033203125
464.1,-0.888671875,-0.888671875
464.4,-0.8935546875,-0.8935546875
464.7,-0.8935546875,-0.8935546875
465.0,-0.9130859375,-0.9130859375
465.3,-0.9033203125,-0.9033203125
465.6,-0.888671875,-0.888671875
465.9,-0.8935546875,-0.8935546875
466.2,-0.8984375,-0.8984375
466.5,-0.8935546875,-0.8935546875
466.8,-0.888671875,-0.888671875
467.1,-0.9033203125,-0.9033203125
467.4,-0.8984375,-0.8984375
467.7,-0.8935546875,-0.8935546875
468.0,-0.9033203125,-0.9033203125
468.3,-0.9033203125,-0.9033203125
468.6,-0.9033203125,-0.9033203125
468.9,-0.9033203125,-0.9033203125
469.2,-0.8984375,-0.8984375
469.5,-0.9033203125,-0.9033203125
469.8,-0.9130859375,-0.9130859375
470.1,-0.888671875,-0.888671875
470.4,-0.9033203125,-0.9033203125
470.7,-0.8984375,-0.8984375
471.0,-0.9033203125,-0.9033203125
471.3,-0.8935546875,-0.8935546875
471.6,-0.8935546875,-0.8935546875
471.9,-0.8984375,-0.8984375
472.2,-0.8984375,-0.8984375
472.5,-0.9033203125,-0.9033203125
472.8,-0.9130859375,-0.9130859375
473.1,-0.9033203125,-0.9033203125
473.4,-0.8984375,-0.8984375
473.7,-0.8984375,-0.8984375
474.0,-0.8984375,-0.8984375
474.3,-0.8984375,-0.8984375
474.6,-0.8984375,-0.8984375
474.9,-0.8935546875,-0.8935546875
475.2,-0.8984375,-0.8984375
475.5,-0.9033203125,-0.9033203125
475.8,-0.8837890625,-0.8837890625
476.1,-0.91796875,-0.91796875
476.4,-0.8984375,-0.8984375
476.7,-0.8984375,-0.8984375
477.0,-0.8935546875,-0.8935546875
477.3,-0.8935546875,-0.8935546875
477.6,-0.8984375,-0.8984375
477.9,-0.8984375,-0.8984375
478.2,-0.8935546875,-0.8935546875
478.5,-0.908203125,-0.908203125
478.8,-0.8935546875,-0.8935546875
479.1,-0.9033203125,-0.9033203125
479.4,-0.8984375,-0.8984375
479.7,-0.8984375,-0.8984375
480.0,-0.908203125,-0.908203125
480.3,-0.888671875,-0.888671875
480.6,-0.9033203125,-0.9033203125
480.9,-0.888671875,-0.888671875
481.2,-0.9033203125,-0.9033203125
481.5,-0.8984375,-0.8984375
481.8,-0.8935546875,-0.8935546875
482.1,-0.8935546875,-0.8935546875
482.4,-0.8984375,-0.8984375
482.7,-0.8984375,-0.8984375
483.0,-0.908203125,-0.908203125
483.3,-0.8984375,-0.8984375
483.6,-0.9033203125,-0.9033203125
483.9,-0.9033203125,-0.9033203125
484.2,-0.8984375,-0.8984375
484.5,-0.9033203125,-0.9033203125
484.8,-0.888671875,-0.888671875
485.1,-0.9033203125,-0.9033203125
485.4,-0.8984375,-0.8984375
485.7,-0.9033203125,-0.9033203125
486.0,-0.8935546875,-0.8935546875
486.3,-0.908203125,-0.908203125
486.6,-0.9033203125,-0.9033203125
486.9,-0.8984375,-0.8984375
487.2,-0.8935546875,-0.8935546875
487.5,-0.9033203125,-0.9033203125
487.8,-0.8935546875,-0.8935546875
488.1,-0.8935546875,-0.8935546875
488.4,-0.8984375,-0.8984375
488.7,-0.8837890625,-0.8837890625
489.0,-0.888671875,-0.888671875
489.3,-0.888671875,-0.888671875
489.6,-0.8984375,-0.8984375
489.9,-0.9033203125,-0.9033203125
490.2,-0.9033203125,-0.9033203125
490.5,-0.9033203125,-0.9033203125
490.8,-0.8984375,-0.8984375
491.1,-0.8984375,-0.8984375
491.4,-0.9033203125,-0.9033203125
491.7,-0.8935546875,-0.8935546875
492.0,-0.8935546875,-0.8935546875
492.3,-0.8984375,-0.8984375
492.6,-0.9130859375,-0.9130859375
492.9,-0.8984375,-0.8984375
493.2,-0.8984375,-0.8984375
493.5,-0.8984375,-0.8984375
493.8,-0.8984375,-0.8984375
494.1,-0.8935546875,-0.8935546875
494.4,-0.8984375,-0.8984375
494.7,-0.8984375,-0.8984375
495.0,-0.8984375,-0.8984375
495.3,-0.8984375,-0.8984375
495.6,-0.9033203125,-0.9033203125
495.9,-0.9033203125,-0.9033203125
496.2,-0.8984375,-0.8984375
496.5,-0.9033203125,-0.9033203125
496.8,-0.8984375,-0.8984375
497.1,-0.888671875,-0.888671875
497.4,-0.9033203125,-0.9033203125
497.7,-0.8935546875,-0.8935546875
498.0,-0.8984375,-0.8984375
498.3,-0.8935546875,-0.8935546875
498.6,-0.9130859375,-0.9130859375
498.9,-0.8935546875,-0.8935546875
499.2,-0.9033203125,-0.9033203125
499.5,-0.888671875,-0.888671875
499.8,-0.8935546875,-0.8935546875
500.1,-0.908203125,-0.908203125
500.4,-0.9033203125,-0.9033203125
500.7,-0.8984375,-0.8984375
501.0,-0.8984375,-0.8984375
501.3,-0.8935546875,-0.8935546875
501.6,-0.8935546875,-0.8935546875
501.9,-0.8984375,-0.8984375
502.2,-0.9033203125,-0.9033203125
502.5,-0.8984375,-0.8984375
502.8,-0.8935546875,-0.8935546875
503.1,-0.8935546875,-0.8935546875
503.4,-0.8935546875,-0.8935546875
503.7,-0.8984375,-0.8984375
504.0,-0.9033203125,-0.9033203125
504.3,-0.8935546875,-0.8935546875
504.6,-0.8984375,-0.8984375
504.9,-0.8935546875,-0.8935546875
505.2,-0.8984375,-0.8984375
505.5,-0.8984375,-0.8984375
505.8,-0.908203125,-0.908203125
506.1,-0.8984375,-0.8984375
506.4,-0.8984375,-0.8984375
506.7,-0.8984375,-0.8984375
507.0,-0.8935546875,-0.8935546875
507.3,-0.8984375,-0.8984375
507.6,-0.888671875,-0.888671875
507.9,-0.8935546875,-0.8935546875
508.2,-0.8984375,-0.8984375
508.5,-0.8984375,-0.8984375
508.8,-0.8984375,-0.8984375
509.1,-0.8935546875,-0.8935546875
509.4,-0.908203125,-0.908203125
509.7,-0.8935546875,-0.8935546875
510.0,-0.8984375,-0.8984375
510.3,-0.8984375,-0.8984375
510.6,-0.8935546875,-0.8935546875
510.9,-0.8935546875,-0.8935546875
511.2,-0.8984375,-0.8984375
511.5,-0.9033203125,-0.9033203125
511.8,-0.908203125,-0.908203125
512.1,-0.8984375,-0.8984375
512.4,-0.8935546875,-0.8935546875
512.7,-0.8935546875,-0.8935546875
513.0,-0.8984375,-0.8984375
513.3,-0.8935546875,-0.8935546875
513.6,-0.8984375,-0.8984375
513.9,-0.8984375,-0.8984375
514.2,-0.8984375,-0.8984375
514.5,-0.908203125,-0.908203125
514.8,-0.9033203125,-0.9033203125
515.1,-0.8984375,-0.8984375
515.4,-0.888671875,-0.888671875
515.7,-0.8935546875,-0.8935546875
516.0,-0.888671875,-0.888671875
516.3,-0.8935546875,-0.8935546875
516.6,-0.8984375,-0.8984375
516.9,-0.888671875,-0.888671875
517.2,-0.8935546875,-0.8935546875
517.5,-0.8935546875,-0.8935546875
517.8,-0.8984375,-0.8984375
518.1,-0.8984375,-0.8984375
518.4,-0.8935546875,-0.8935546875
518.7,-0.8984375,-0.8984375
519.0,-0.908203125,-0.908203125
519.3,-0.8984375,-0.8984375
519.6,-0.9033203125,-0.9033203125
519.9,-0.8984375,-0.8984375
520.2,-0.91796875,-0.91796875
520.5,-0.8984375,-0.8984375
520.8,-0.888671875,-0.888671875
521.1,-0.8984375,-0.8984375
521.4,-0.8984375,-0.8984375
521.7,-0.8935546875,-0.8935546875
522.0,-0.9033203125,-0.9033203125
522.3,-0.9033203125,-0.9033203125
522.6,-0.8984375,-0.8984375
522.9,-0.888671875,-0.888671875
523.2,-0.888671875,-0.888671875
523.5,-0.8837890625,-0.8837890625
