0.0,-116.2109375,-1.240234375
0.3,-121.19140625,-0.5810546875
0.6,-125.341796875,-0.0537109375
0.9,-128.662109375,0.4736328125
1.2,-132.8125,0.9716796875
1.5,-136.962890625,1.2548828125
1.8,-139.453125,1.50390625
2.1,-143.603515625,1.6650390625
2.4,-146.923828125,1.9580078125
2.7,-152.734375,2.05078125
3.0,-156.0546875,1.953125
3.3,-160.205078125,1.73828125
3.6,-164.35546875,1.5478515625
3.9,-167.67578125,1.201171875
4.2,-171.826171875,0.927734375
4.5,-175.146484375,0.5078125
4.8,-178.466796875,-0.0390625
5.1,-183.447265625,-0.52734375
5.4,-187.59765625,-1.142578125
5.7,-190.91796875,-1.923828125
6.0,-195.8984375,-2.6220703125
6.3,-198.388671875,-3.28125
6.6,-203.369140625,-4.2626953125
6.9,-206.689453125,-5.4052734375
7.2,-210.009765625,-5.8251953125
7.5,-213.330078125,-4.443359375
7.8,-218.310546875,-0.1318359375
8.1,-222.4609375,7.8173828125
8.4,-227.44140625,9.9951171875
8.7,-230.76171875,9.9951171875
9.0,-234.912109375,9.9951171875
9.3,-238.232421875,9.9951171875
9.6,-242.3828125,9.9951171875
9.9,-244.873046875,9.9951171875
10.2,-249.0234375,9.9951171875
10.5,-252.34375,9.9951171875
10.8,-257.32421875,9.9951171875
11.1,-261.474609375,9.9951171875
11.4,-265.625,8.41796875
11.7,-269.775390625,0.263671875
12.0,-273.92578125,-8.134765625
12.3,-276.416015625,-10.0
12.6,-280.56640625,-10.0
12.9,-283.88671875,-10.0
13.2,-287.20703125,-10.0
13.5,-293.017578125,-10.0
13.8,-295.5078125,-10.0
14.1,-301.318359375,-10.0
14.4,-304.638671875,-10.0
14.7,-309.619140625,-10.0
15.0,-312.109375,-10.0
15.3,-315.4296875,-10.0
15.6,-318.75,-10.0
15.9,-323.73046875,-10.0
16.2,-327.05078125,-10.0
16.5,-331.201171875,-10.0
16.8,-335.3515625,-10.0
17.1,-339.501953125,-10.0
17.4,-343.65234375,-10.0
17.7,-346.97265625,-10.0
18.0,-351.123046875,-10.0
18.3,-353.61328125,-9.5556640625
18.6,-358.59375,-9.0380859375
18.9,-362.744140625,-8.662109375
19.2,-366.89453125,-8.330078125
19.5,-370.21484375,-7.91015625
19.8,-373.53515625,-7.4755859375
20.1,-376.85546875,-7.3681640625
20.4,-381.8359375,-7.0703125
20.7,-385.15625,-6.6845703125
21.0,-390.13671875,-6.34765625
21.3,-393.45703125,-6.1962890625
21.6,-398.4375,-6.1376953125
21.9,-402.587890625,-6.0546875
22.2,-405.908203125,-5.9619140625
22.5,-409.228515625,-5.8349609375
22.8,-413.37890625,-5.7177734375
23.1,-415.869140625,-5.693359375
23.4,-420.849609375,-5.6494140625
23.7,-424.169921875,-5.5810546875
24.0,-429.150390625,-5.5908203125
24.3,-433.30078125,-5.537109375
24.6,-438.28125,-5.517578125
24.9,-440.771484375,-5.3759765625
25.2,-444.091796875,-5.3857421875
25.5,-447.412109375,-5.2783203125
25.8,-450.732421875,-5.1513671875
26.1,-455.712890625,-4.951171875
26.4,-459.033203125,-4.7412109375
26.7,-464.84375,-4.599609375
27.0,-468.1640625,-4.560546875
27.3,-473.14453125,-4.638671875
27.6,-475.634765625,-4.716796875
27.9,-479.78515625,-4.794921875
28.2,-482.275390625,-4.794921875
28.5,-487.255859375,-4.8193359375
28.8,-490.576171875,-4.8291015625
29.1,-494.7265625,-4.8193359375
29.4,-498.876953125,-4.8876953125
29.7,-503.857421875,-5.068359375
30.0,-507.177734375,-5.0244140625
30.3,-511.328125,-4.9658203125
30.6,-515.478515625,-5.05859375
30.9,-518.798828125,-5.0732421875
31.2,-522.119140625,-5.01953125
31.5,-526.26953125,-4.78515625
31.8,-529.58984375,-4.697265625
32.1,-532.91015625,-4.5849609375
32.4,-539.55078125,-4.619140625
32.7,-542.041015625,-4.51171875
33.0,-547.021484375,-4.62890625
33.3,-550.341796875,-4.541015625
33.6,-554.4921875,-4.6484375
33.9,-558.642578125,-4.6484375
34.2,-561.1328125,-4.5751953125
34.5,-564.453125,-4.5068359375
34.8,-568.603515625,-4.3994140625
35.1,-573.583984375,-4.4580078125
35.4,-577.734375,-4.47265625
35.7,-581.884765625,-4.3798828125
36.0,-586.03515625,-4.306640625
36.3,-589.35546875,-4.1748046875
36.6,-593.505859375,-4.2529296875
36.9,-596.826171875,-4.189453125
37.2,-600.146484375,-4.16015625
37.5,-604.296875,-4.3603515625
37.8,-609.27734375,-4.4287109375
38.1,-612.59765625,-4.3798828125
38.4,-616.748046875,-4.3505859375
38.7,-620.8984375,-4.345703125
39.0,-624.21875,-4.3017578125
39.3,-627.5390625,-4.4580078125
39.6,-631.689453125,-4.462890625
39.9,-635.009765625,-4.541015625
40.2,-639.16015625,-4.404296875
40.5,-643.310546875,-4.4921875
40.8,-646.630859375,-4.3603515625
41.1,-651.611328125,-4.3212890625
41.4,-655.76171875,-4.35546875
41.7,-659.912109375,-4.2431640625
42.0,-662.40234375,-4.27734375
42.3,-665.72265625,-4.326171875
42.6,-669.873046875,-4.306640625
42.9,-674.0234375,-4.12109375
43.2,-679.00390625,-4.140625
43.5,-682.32421875,-4.072265625
43.8,-686.474609375,-4.16015625
44.1,-689.794921875,-4.1650390625
44.4,-694.775390625,-4.1455078125
44.7,-698.095703125,-4.35546875
45.0,-701.416015625,-4.3115234375
45.3,-704.736328125,-4.4091796875
45.6,-709.716796875,-4.5849609375
45.9,-713.8671875,-4.580078125
46.2,-718.017578125,-4.51171875
46.5,-722.16796875,-4.23828125
46.8,-726.318359375,-4.2529296875
47.1,-729.638671875,-4.482421875
47.4,-733.7890625,-4.638671875
47.7,-736.279296875,-4.7216796875
48.0,-740.4296875,-4.7900390625
48.3,-744.580078125,-4.8095703125
48.6,-747.900390625,-4.931640625
48.9,-752.05078125,-4.8779296875
49.2,-756.201171875,-4.931640625
49.5,-760.3515625,-4.8583984375
49.8,-764.501953125,-4.9267578125
50.1,-768.65234375,-4.9267578125
50.4,-771.142578125,-4.931640625
50.7,-776.123046875,-4.833984375
51.0,-778.61328125,-4.74609375
51.3,-783.59375,-4.7802734375
51.6,-786.9140625,-4.716796875
51.9,-791.89453125,-4.66796875
52.2,-796.044921875,-4.4775390625
52.5,-800.1953125,-4.462890625
52.8,-802.685546875,-4.2236328125
53.1,-806.8359375,-4.31640625
53.4,-810.15625,-4.306640625
53.7,-814.306640625,-4.2431640625
54.0,-818.45703125,-4.1552734375
54.3,-822.607421875,-4.2041015625
54.6,-826.7578125,-4.345703125
54.9,-830.908203125,-4.3408203125
55.2,-834.228515625,-4.3896484375
55.5,-838.37890625,-4.375
55.8,-841.69921875,-4.423828125
56.1,-845.849609375,-4.3603515625
56.4,-849.169921875,-4.3017578125
56.7,-853.3203125,-4.4140625
57.0,-857.470703125,-4.4873046875
57.3,-862.451171875,-4.4580078125
57.6,-865.771484375,-4.453125
57.9,-870.751953125,-4.4921875
58.2,-873.2421875,-4.501953125
58.5,-876.5625,-4.296875
58.8,-879.8828125,-4.3701171875
59.1,-884.86328125,-4.3798828125
59.4,-889.013671875,-4.39453125
59.7,-892.333984375,-4.7265625
60.0,-897.314453125,-4.78515625
60.3,-901.46484375,-4.765625
60.6,-905.615234375,-4.7216796875
60.9,-907.275390625,-4.58984375
61.2,-912.255859375,-4.5166015625
61.5,-916.40625,-4.580078125
61.8,-920.556640625,-4.521484375
62.1,-923.046875,-4.619140625
62.4,-928.02734375,-4.5849609375
62.7,-932.177734375,-4.6923828125
63.0,-936.328125,-4.82421875
63.3,-938.818359375,-4.912109375
63.6,-942.138671875,-5.0341796875
63.9,-947.119140625,-4.931640625
64.2,-950.439453125,-4.82421875
64.5,-954.58984375,-4.8291015625
64.8,-957.080078125,-4.8095703125
65.1,-962.060546875,-4.8583984375
65.4,-966.2109375,-5.0146484375
65.7,-970.361328125,-5.1416015625
66.0,-974.51171875,-4.912109375
66.3,-977.001953125,-4.951171875
66.6,-981.982421875,-4.7900390625
66.9,-984.47265625,-4.9169921875
67.2,-988.623046875,-5.0927734375
67.5,-992.7734375,-5.107421875
67.8,-996.923828125,-5.068359375
68.1,-1001.07421875,-5.078125
68.4,-1005.22460938,-4.873046875
68.7,-1008.54492188,-4.7265625
69.0,-1012.6953125,-4.658203125
69.3,-1016.015625,-4.8779296875
69.6,-1020.16601562,-5.0244140625
69.9,-1023.48632812,-4.9951171875
70.2,-1026.80664062,-5.126953125
70.5,-1032.6171875,-5.1416015625
70.8,-1035.9375,-4.8828125
71.1,-1040.08789062,-4.6923828125
71.4,-1044.23828125,-4.78515625
71.7,-1049.21875,-4.814453125
72.0,-1051.70898438,-4.921875
72.3,-1055.859375,-4.9169921875
72.6,-1058.34960938,-5.0439453125
72.9,-1063.33007812,-5.05859375
73.2,-1066.65039062,-5.09765625
73.5,-1070.80078125,-5.0
73.8,-1074.95117188,-5.068359375
74.1,-1079.93164062,-5.01953125
74.4,-1084.08203125,-5.1416015625
74.7,-1086.57226562,-5.2294921875
75.0,-1089.89257812,-5.2880859375
75.3,-1093.21289062,-5.13671875
75.6,-1097.36328125,-5.0537109375
75.9,-1101.51367188,-5.0537109375
76.2,-1105.6640625,-5.0048828125
76.5,-1110.64453125,-5.0732421875
76.8,-1113.96484375,-5.087890625
77.1,-1117.28515625,-5.0146484375
77.4,-1121.43554688,-5.0390625
77.7,-1125.5859375,-5.0830078125
78.0,-1128.90625,-4.990234375
78.3,-1132.2265625,-5.0634765625
78.6,-1135.546875,-5.1123046875
78.9,-1139.69726562,-5.01953125
79.2,-1143.84765625,-4.90234375
79.5,-1147.99804688,-4.8681640625
79.8,-1152.1484375,-5.0
80.1,-1155.46875,-5.1171875
80.4,-1159.61914062,-5.244140625
80.7,-1162.109375,-5.21484375
81.0,-1166.25976562,-5.1171875
81.3,-1170.41015625,-5.1953125
81.6,-1174.56054688,-5.1123046875
81.9,-1178.7109375,-5.0
82.2,-1183.69140625,-5.0390625
82.5,-1187.01171875,-5.087890625
82.8,-1191.9921875,-5.126953125
83.1,-1193.65234375,-5.234375
83.4,-1198.6328125,-5.380859375
83.7,-1201.12304688,-5.3955078125
84.0,-1205.2734375,-5.126953125
84.3,-1209.42382812,-4.990234375
84.6,-1213.57421875,-5.107421875
84.9,-1217.72460938,-5.3564453125
85.2,-1221.875,-5.4345703125
85.5,-1226.02539062,-5.48828125
85.8,-1230.17578125,-5.3466796875
86.1,-1233.49609375,-5.1416015625
86.4,-1236.81640625,-4.9560546875
86.7,-1239.30664062,-4.765625
87.0,-1243.45703125,-5.0048828125
87.3,-1249.26757812,-4.931640625
87.6,-1252.58789062,-4.990234375
87.9,-1257.56835938,-5.1220703125
88.2,-1261.71875,-5.009765625
88.5,-1265.0390625,-4.931640625
88.8,-1268.359375,-4.619140625
89.1,-1272.50976562,-4.6435546875
89.4,-1275.0,-4.66796875
89.7,-1279.15039062,-4.8095703125
90.0,-1283.30078125,-4.921875
90.3,-1288.28125,-4.8388671875
90.6,-1291.6015625,-5.009765625
90.9,-1294.09179688,-5.2294921875
91.2,-1298.2421875,-5.3125
91.5,-1302.39257812,-5.2734375
91.8,-1306.54296875,-5.1904296875
92.1,-1309.86328125,-5.0244140625
92.4,-1314.84375,-5.0732421875
92.7,-1318.99414062,-5.1953125
93.0,-1323.14453125,-5.146484375
93.3,-1325.63476562,-5.1220703125
93.6,-1329.78515625,-5.0
93.9,-1333.10546875,-4.8876953125
94.2,-1337.25585938,-4.8779296875
94.5,-1341.40625,-4.833984375
94.8,-1344.7265625,-4.8095703125
95.1,-1348.87695312,-4.84375
95.4,-1353.02734375,-4.658203125
95.7,-1358.0078125,-4.6728515625
96.0,-1360.49804688,-4.775390625
96.3,-1365.47851562,-4.853515625
96.6,-1368.79882812,-4.9462890625
96.9,-1372.11914062,-4.7509765625
97.2,-1376.26953125,-4.7998046875
97.5,-1379.58984375,-4.6533203125
97.8,-1382.91015625,-4.6728515625
98.1,-1387.890625,-4.5703125
98.4,-1391.2109375,-4.755859375
98.7,-1396.19140625,-4.4873046875
99.0,-1400.34179688,-4.4287109375
99.3,-1402.83203125,-4.4287109375
99.6,-1407.8125,-4.5654296875
99.9,-1410.30273438,-4.6484375
100.2,-1414.453125,-4.619140625
100.5,-1417.7734375,-4.775390625
100.8,-1421.92382812,-5.166015625
101.1,-1426.90429688,-5.283203125
101.4,-1431.0546875,-5.5126953125
101.7,-1435.20507812,-5.498046875
102.0,-1438.52539062,-5.4443359375
102.3,-1442.67578125,-5.4443359375
102.6,-1445.99609375,-5.33203125
102.9,-1449.31640625,-5.1806640625
103.2,-1453.46679688,-5.126953125
103.5,-1455.95703125,-5.01953125
103.8,-1461.76757812,-5.1416015625
104.1,-1465.91796875,-5.234375
104.4,-1470.06835938,-5.244140625
104.7,-1473.38867188,-5.283203125
105.0,-1477.5390625,-5.302734375
105.3,-1480.02929688,-5.224609375
105.6,-1484.1796875,-5.2685546875
105.9,-1487.5,-5.390625
106.2,-1490.8203125,-5.595703125
106.5,-1495.80078125,-5.673828125
106.8,-1499.12109375,-5.6298828125
107.1,-1503.27148438,-5.6494140625
107.4,-1508.25195312,-5.849609375
107.7,-1513.23242188,-5.83984375
108.0,-1514.89257812,-5.791015625
108.3,-1519.04296875,-5.5517578125
108.6,-1522.36328125,-5.3515625
108.9,-1526.51367188,-5.2880859375
109.2,-1529.83398438,-5.37109375
109.5,-1533.984375,-5.419921875
109.8,-1538.13476562,-5.166015625
110.1,-1543.11523438,-4.951171875
110.4,-1546.43554688,-4.74609375
110.7,-1550.5859375,-4.716796875
111.0,-1553.90625,-4.7607421875
111.3,-1557.2265625,-4.5849609375
111.6,-1561.37695312,-4.5068359375
111.9,-1565.52734375,-4.4287109375
112.2,-1568.84765625,-4.2919921875
112.5,-1573.828125,-4.31640625
112.8,-1577.1484375,-4.6875
113.1,-1582.12890625,-4.8291015625
113.4,-1585.44921875,-5.0439453125
113.7,-1588.76953125,-4.931640625
114.0,-1591.25976562,-4.84375
114.3,-1596.24023438,-5.0
114.6,-1599.56054688,-5.078125
114.9,-1603.7109375,-5.1025390625
115.2,-1607.03125,-4.8828125
115.5,-1610.3515625,-4.9853515625
115.8,-1613.671875,-5.2001953125
116.1,-1617.82226562,-5.3662109375
116.4,-1622.80273438,-5.1806640625
116.7,-1626.953125,-5.146484375
117.0,-1631.10351562,-5.0927734375
117.3,-1634.42382812,-4.9853515625
117.6,-1639.40429688,-5.1416015625
117.9,-1641.89453125,-5.1123046875
118.2,-1646.04492188,-5.2294921875
118.5,-1648.53515625,-5.1611328125
118.8,-1652.68554688,-5.341796875
119.1,-1656.8359375,-5.478515625
119.4,-1661.81640625,-5.5908203125
119.7,-1665.13671875,-5.458984375
120.0,-1670.1171875,-5.634765625
120.3,-1672.60742188,-5.791015625
120.6,-1677.58789062,-5.91796875
120.9,-1680.90820312,-5.8935546875
121.2,-1683.3984375,-5.5859375
121.5,-1687.54882812,-5.4541015625
121.8,-1691.69921875,-5.4345703125
122.1,-1695.01953125,-5.146484375
122.4,-1696.6796875,-5.0048828125
122.7,-1699.16992188,-5.0
123.0,-1700.0,-5.09765625
123.3,-1700.0,-5.0390625
123.6,-1700.0,-5.0830078125
123.9,-1700.0,-4.9755859375
124.2,-1700.0,-4.970703125
124.5,-1700.0,-4.9609375
124.8,-1700.0,-4.9560546875
125.1,-1700.0,-4.9462890625
125.4,-1700.0,-5.0048828125
125.7,-1700.0,-5.1123046875
126.0,-1700.0,-5.2001953125
126.3,-1700.0,-4.90234375
126.6,-1700.0,-4.8828125
126.9,-1700.0,-5.0
127.2,-1700.0,-4.9951171875
127.5,-1700.0,-5.0244140625
127.8,-1700.0,-4.873046875
128.1,-1700.0,-4.873046875
128.4,-1700.0,-4.8193359375
128.7,-1700.0,-4.931640625
129.0,-1700.0,-4.98046875
129.3,-1700.0,-4.9609375
129.6,-1700.0,-5.01953125
129.9,-1700.0,-5.0
130.2,-1700.0,-4.8876953125
130.5,-1700.0,-5.05859375
130.8,-1700.0,-4.9365234375
131.1,-1700.0,-5.1123046875
131.4,-1700.0,-5.205078125
131.7,-1700.0,-5.0146484375
132.0,-1700.0,-5.078125
132.3,-1700.0,-4.86328125
132.6,-1700.0,-4.8486328125
132.9,-1700.0,-4.7802734375
133.2,-1700.0,-4.9462890625
133.5,-1700.0,-4.9462890625
133.8,-1700.0,-4.7998046875
134.1,-1700.0,-4.658203125
134.4,-1700.0,-4.794921875
134.7,-1700.0,-4.9853515625
135.0,-1700.0,-4.9072265625
135.3,-1700.0,-4.970703125
135.6,-1700.0,-4.9658203125
135.9,-1700.0,-5.029296875
136.2,-1700.0,-5.087890625
136.5,-1700.0,-5.126953125
136.8,-1700.0,-5.0830078125
137.1,-1700.0,-4.9462890625
137.4,-1700.0,-5.048828125
137.7,-1700.0,-5.185546875
138.0,-1700.0,-5.3662109375
138.3,-1700.0,-5.33203125
138.6,-1700.0,-5.2783203125
138.9,-1700.0,-5.166015625
139.2,-1700.0,-5.1025390625
139.5,-1700.0,-4.951171875
139.8,-1700.0,-4.775390625
140.1,-1700.0,-4.8095703125
140.4,-1700.0,-4.8193359375
140.7,-1700.0,-4.8046875
141.0,-1700.0,-4.853515625
141.3,-1700.0,-4.833984375
141.6,-1700.0,-4.736328125
141.9,-1700.0,-4.5947265625
142.2,-1700.0,-4.5458984375
142.5,-1700.0,-4.5361328125
142.8,-1700.0,-4.4580078125
143.1,-1700.0,-4.375
143.4,-1700.0,-4.31640625
143.7,-1700.0,-4.1845703125
144.0,-1700.0,-4.1650390625
144.3,-1700.0,-4.2626953125
144.6,-1700.0,-4.3359375
144.9,-1700.0,-4.4384765625
145.2,-1700.0,-4.404296875
145.5,-1700.0,-4.4140625
145.8,-1700.0,-4.423828125
146.1,-1700.0,-4.5703125
146.4,-1700.0,-4.755859375
146.7,-1700.0,-4.7021484375
147.0,-1700.0,-4.6826171875
147.3,-1700.0,-4.78515625
147.6,-1700.0,-4.8486328125
147.9,-1700.0,-4.8779296875
148.2,-1700.0,-4.9462890625
148.5,-1700.0,-4.9755859375
148.8,-1700.0,-5.009765625
149.1,-1700.0,-5.009765625
149.4,-1700.0,-5.01953125
149.7,-1700.0,-4.833984375
150.0,-1700.0,-4.90234375
150.3,-1700.0,-4.8046875
150.6,-1700.0,-4.7900390625
150.9,-1700.0,-4.7412109375
151.2,-1700.0,-4.5654296875
151.5,-1700.0,-4.521484375
151.8,-1700.0,-4.4287109375
152.1,-1700.0,-4.404296875
152.4,-1700.0,-4.6826171875
152.7,-1700.0,-4.580078125
153.0,-1700.0,-4.6337890625
153.3,-1700.0,-4.39453125
153.6,-1700.0,-4.306640625
153.9,-1700.0,-4.423828125
154.2,-1700.0,-4.287109375
154.5,-1700.0,-4.208984375
154.8,-1700.0,-4.1357421875
155.1,-1700.0,-4.0087890625
155.4,-1700.0,-4.0625
155.7,-1700.0,-4.1064453125
156.0,-1700.0,-4.0673828125
156.3,-1700.0,-3.9404296875
156.6,-1700.0,-4.1064453125
156.9,-1700.0,-4.0283203125
157.2,-1700.0,-4.1455078125
157.5,-1700.0,-3.9599609375
157.8,-1700.0,-3.916015625
158.1,-1700.0,-3.8671875
158.4,-1700.0,-4.0087890625
158.7,-1700.0,-3.837890625
159.0,-1700.0,-3.7744140625
159.3,-1700.0,-3.88671875
159.6,-1700.0,-4.130859375
159.9,-1700.0,-4.1796875
160.2,-1700.0,-4.0673828125
160.5,-1700.0,-4.00390625
160.8,-1700.0,-4.1015625
161.1,-1700.0,-4.0380859375
161.4,-1700.0,-4.1650390625
161.7,-1700.0,-3.9453125
162.0,-1700.0,-3.61328125
162.3,-1700.0,-3.5546875
162.6,-1700.0,-3.408203125
162.9,-1700.0,-3.6181640625
163.2,-1700.0,-3.5595703125
163.5,-1700.0,-3.28125
163.8,-1700.0,-3.095703125
164.1,-1700.0,-3.173828125
164.4,-1700.0,-3.2080078125
164.7,-1700.0,-3.1396484375
165.0,-1700.0,-3.2568359375
165.3,-1700.0,-3.291015625
165.6,-1700.0,-3.1982421875
165.9,-1700.0,-3.3447265625
166.2,-1700.0,-3.4375
166.5,-1700.0,-3.486328125
166.8,-1700.0,-3.4228515625
167.1,-1700.0,-3.3837890625
167.4,-1700.0,-3.330078125
167.7,-1700.0,-3.2470703125
168.0,-1700.0,-3.3056640625
168.3,-1700.0,-3.3203125
168.6,-1700.0,-3.125
168.9,-1700.0,-3.1787109375
169.2,-1700.0,-3.212890625
169.5,-1700.0,-3.212890625
169.8,-1700.0,-3.2080078125
170.1,-1700.0,-3.0224609375
170.4,-1700.0,-2.958984375
170.7,-1700.0,-3.0712890625
171.0,-1700.0,-3.0712890625
171.3,-1700.0,-3.1787109375
171.6,-1700.0,-2.98828125
171.9,-1700.0,-2.8857421875
172.2,-1700.0,-2.91015625
172.5,-1700.0,-2.8173828125
172.8,-1700.0,-2.7685546875
173.1,-1700.0,-2.7587890625
173.4,-1700.0,-2.8369140625
173.7,-1700.0,-2.6611328125
174.0,-1700.0,-2.6953125
174.3,-1700.0,-2.9443359375
174.6,-1700.0,-2.9736328125
174.9,-1700.0,-3.0712890625
175.2,-1700.0,-3.203125
175.5,-1700.0,-3.193359375
175.8,-1700.0,-3.1298828125
176.1,-1700.0,-3.3203125
176.4,-1700.0,-3.4326171875
176.7,-1700.0,-3.2373046875
177.0,-1700.0,-3.22265625
177.3,-1700.0,-3.173828125
177.6,-1700.0,-3.1494140625
177.9,-1700.0,-3.1298828125
178.2,-1700.0,-3.0517578125
178.5,-1700.0,-3.0859375
178.8,-1700.0,-3.017578125
179.1,-1700.0,-2.7880859375
179.4,-1700.0,-2.83203125
179.7,-1700.0,-2.8515625
180.0,-1700.0,-3.125
180.3,-1700.0,-3.1640625
180.6,-1700.0,-3.3544921875
180.9,-1700.0,-3.4912109375
181.2,-1700.0,-3.4716796875
181.5,-1700.0,-3.33984375
181.8,-1700.0,-3.330078125
182.1,-1700.0,-3.28125
182.4,-1700.0,-3.427734375
182.7,-1700.0,-3.4912109375
183.0,-1700.0,-3.30078125
183.3,-1700.0,-3.1982421875
183.6,-1700.0,-3.1201171875
183.9,-1700.0,-3.18359375
184.2,-1700.0,-3.28125
184.5,-1700.0,-3.0908203125
184.8,-1700.0,-2.9736328125
185.1,-1700.0,-3.0859375
185.4,-1700.0,-2.822265625
185.7,-1700.0,-2.63671875
186.0,-1700.0,-2.55859375
186.3,-1700.0,-2.5390625
186.6,-1700.0,-2.412109375
186.9,-1700.0,-2.3046875
187.2,-1700.0,-2.2705078125
187.5,-1700.0,-2.3095703125
187.8,-1700.0,-2.36328125
188.1,-1700.0,-2.2412109375
188.4,-1700.0,-2.1923828125
188.7,0.830078125,-3.466796875
189.0,-1.66015625,-7.5439453125
189.3,-6.640625,-9.8486328125
189.6,-9.9609375,-10.0
189.9,-12.451171875,-8.330078125
190.2,-16.6015625,-5.078125
190.5,-22.412109375,-0.6494140625
190.8,-25.732421875,4.4384765625
191.1,-30.712890625,9.658203125
191.4,-33.203125,9.9951171875
191.7,-39.013671875,9.9951171875
192.0,-40.673828125,9.9951171875
192.3,-43.994140625,9.9951171875
192.6,-47.314453125,9.9951171875
192.9,-50.634765625,9.9951171875
193.2,-55.615234375,9.9951171875
193.5,-60.595703125,9.9951171875
193.8,-64.74609375,8.1787109375
194.1,-68.06640625,5.1513671875
194.4,-73.046875,2.91015625
194.7,-75.537109375,1.1865234375
195.0,-78.857421875,-0.126953125
195.3,-83.0078125,-1.03515625
195.6,-85.498046875,-1.73828125
195.9,-90.478515625,-2.08984375
196.2,-94.62890625,-2.32421875
196.5,-99.609375,-2.3828125
196.8,-102.9296875,-2.314453125
197.1,-106.25,-2.05078125
197.4,-110.400390625,-1.6845703125
197.7,-114.55078125,-1.2451171875
198.0,-116.2109375,-0.830078125
198.3,-121.19140625,-0.4296875
198.6,-124.51171875,0.009765625
198.9,-131.15234375,0.380859375
199.2,-134.47265625,0.6396484375
199.5,-138.623046875,0.9033203125
199.8,-141.943359375,1.0498046875
200.1,-145.263671875,1.19140625
200.4,-149.4140625,1.2939453125
200.7,-151.904296875,1.3330078125
201.0,-156.884765625,1.25
201.3,-160.205078125,1.15234375
201.6,-165.185546875,1.064453125
201.9,-169.3359375,0.8740234375
202.2,-175.146484375,0.5908203125
202.5,-177.63671875,0.2685546875
202.8,-181.787109375,-0.13671875
203.1,-185.107421875,-0.703125
203.4,-188.427734375,-1.4892578125
203.7,-191.748046875,-2.2802734375
204.0,-195.8984375,-3.0615234375
204.3,-200.048828125,-3.8916015625
204.6,-205.029296875,-5.1220703125
204.9,4.150390625,-9.0869140625
205.2,4.150390625,-10.0
205.5,4.150390625,-10.0
205.8,4.98046875,-10.0
206.1,5.810546875,-10.0
206.4,5.810546875,-10.0
206.7,5.810546875,-10.0
207.0,4.98046875,-10.0
207.3,5.810546875,-10.0
207.6,4.150390625,-10.0
207.9,4.98046875,-10.0
208.2,4.150390625,-10.0
208.5,4.150390625,-10.0
208.8,4.150390625,-10.0
209.1,4.98046875,-10.0
209.4,5.810546875,-10.0
209.7,4.98046875,-10.0
210.0,5.810546875,-10.0
210.3,5.810546875,-10.0
210.6,5.810546875,-10.0
210.9,4.98046875,-10.0
211.2,4.150390625,-10.0
211.5,4.150390625,-10.0
211.8,4.150390625,-10.0
212.1,3.3203125,-10.0
212.4,4.98046875,-10.0
212.7,5.810546875,-10.0
213.0,6.640625,-10.0
213.3,5.810546875,-10.0
213.6,4.98046875,-10.0
213.9,4.98046875,-10.0
214.2,3.3203125,-10.0
214.5,4.150390625,-10.0
214.8,4.98046875,-10.0
215.1,5.810546875,-10.0
215.4,5.810546875,-10.0
215.7,4.98046875,-10.0
216.0,4.98046875,-10.0
216.3,4.98046875,-10.0
216.6,4.98046875,-10.0
216.9,4.150390625,-10.0
217.2,4.150390625,-10.0
217.5,4.98046875,-10.0
217.8,5.810546875,-10.0
218.1,4.98046875,-10.0
218.4,4.98046875,-10.0
218.7,5.810546875,-10.0
219.0,4.150390625,-10.0
219.3,4.98046875,-10.0
219.6,4.150390625,-10.0
219.9,4.150390625,-10.0
220.2,4.98046875,-10.0
220.5,5.810546875,-10.0
220.8,5.810546875,-10.0
221.1,5.810546875,-10.0
221.4,5.810546875,-10.0
221.7,4.98046875,-10.0
222.0,4.150390625,-10.0
222.3,4.150390625,-10.0
222.6,3.3203125,-10.0
222.9,4.98046875,-10.0
223.2,5.810546875,-10.0
223.5,5.810546875,-10.0
223.8,-170.99609375,-10.0
224.1,-330.37109375,-10.0
224.4,-455.712890625,-10.0
224.7,-672.36328125,-10.0
225.0,-761.181640625,-10.0
225.3,-820.1171875,-10.0
225.6,-967.041015625,-10.0
225.9,-1061.66992188,-10.0
226.2,-1133.05664062,-10.0
226.5,-1191.16210938,-10.0
226.8,-1227.68554688,-10.0
227.1,-1277.49023438,-10.0
227.4,-1284.13085938,-10.0
227.7,-1352.19726562,-10.0
228.0,-1402.00195312,-10.0
228.3,-1411.1328125,-10.0
228.6,-1422.75390625,-10.0
228.9,-1426.90429688,-10.0
229.2,-1429.39453125,-9.404296875
229.5,-1428.56445312,-8.779296875
229.8,-1428.56445312,-8.203125
230.1,-1430.22460938,-7.8759765625
230.4,-34.86328125,-7.55859375
230.7,-1430.22460938,-6.58203125
231.0,-1429.39453125,-6.533203125
231.3,-1429.39453125,-6.4990234375
231.6,-1427.734375,-6.46484375
231.9,-1428.56445312,-6.3671875
232.2,-1427.734375,-6.1767578125
232.5,-1425.24414062,-6.09375
232.8,-1426.07421875,-5.6396484375
233.1,-1429.39453125,-5.6103515625
233.4,-1429.39453125,-5.595703125
233.7,-1429.39453125,-5.830078125
234.0,-1429.39453125,-5.8056640625
234.3,-1428.56445312,-5.6884765625
234.6,-1429.39453125,-5.5224609375
234.9,-1428.56445312,-5.439453125
235.2,-1428.56445312,-5.087890625
235.5,-1428.56445312,-5.0048828125
235.8,-1431.0546875,-5.09765625
236.1,-1429.39453125,-5.13671875
236.4,-1429.39453125,-5.302734375
236.7,-1700.0,-4.6533203125
237.0,-1700.0,-4.5263671875
237.3,-1700.0,-4.267578125
237.6,-1700.0,-4.0234375
237.9,-1700.0,-3.671875
238.2,-1700.0,-3.4619140625
238.5,-1700.0,-3.330078125
238.8,-1700.0,-3.4521484375
239.1,-1700.0,-3.6962890625
239.4,-1700.0,-3.642578125
239.7,-1700.0,-3.7353515625
240.0,-1700.0,-3.9111328125
240.3,-1700.0,-4.033203125
240.6,-1700.0,-4.12109375
240.9,-1694.18945312,-4.3603515625
241.2,-1685.88867188,-4.66796875
241.5,-1676.7578125,-4.833984375
241.8,-1668.45703125,-4.7607421875
242.1,-1660.15625,-4.8876953125
242.4,-1659.32617188,-4.9072265625
242.7,-1658.49609375,-4.765625
243.0,-1658.49609375,-4.7705078125
243.3,-1660.98632812,-5.009765625
243.6,-1660.98632812,-5.0439453125
243.9,-1429.39453125,-5.1025390625
244.2,-1428.56445312,-5.13671875
244.5,-1429.39453125,-5.029296875
244.8,-1428.56445312,-4.9951171875
245.1,-1429.39453125,-4.6826171875
245.4,-1428.56445312,-4.6484375
245.7,-1428.56445312,-4.4970703125
246.0,-1428.56445312,-4.6435546875
246.3,-1428.56445312,-4.7021484375
246.6,-1429.39453125,-4.6875
246.9,-1429.39453125,-4.619140625
247.2,-1429.39453125,-4.7412109375
247.5,-1429.39453125,-4.8095703125
247.8,-1430.22460938,-5.048828125
248.1,-1428.56445312,-5.15625
248.4,-1429.39453125,-5.1171875
248.7,-1427.734375,-4.931640625
249.0,-1428.56445312,-4.814453125
249.3,-1428.56445312,-4.9658203125
249.6,-1430.22460938,-4.775390625
249.9,-1431.88476562,-4.6435546875
250.2,-1433.54492188,-4.6533203125
250.5,-1434.375,-4.7412109375
250.8,-1434.375,-4.8486328125
251.1,-1436.03515625,-4.8779296875
251.4,-1436.86523438,-4.82421875
251.7,-1437.6953125,-4.8779296875
252.0,-1438.52539062,-4.921875
252.3,-1441.015625,-4.9169921875
252.6,-1441.015625,-4.892578125
252.9,-1442.67578125,-4.951171875
253.2,-1443.50585938,-5.009765625
253.5,-1445.99609375,-4.9951171875
253.8,-1445.99609375,-4.970703125
254.1,-1446.82617188,-4.8681640625
254.4,-1447.65625,-4.794921875
254.7,-1449.31640625,-4.853515625
255.0,-1450.9765625,-4.86328125
255.3,-1451.80664062,-4.86328125
255.6,-1453.46679688,-4.9365234375
255.9,-1455.12695312,-4.9560546875
256.2,-1455.95703125,-5.068359375
256.5,-1455.95703125,-5.0537109375
256.8,-1457.6171875,-5.1416015625
257.1,-1457.6171875,-5.33203125
257.4,-1460.10742188,-5.3857421875
257.7,-1460.10742188,-5.390625
258.0,-1461.76757812,-5.3564453125
258.3,-1463.42773438,-5.33203125
258.6,-1465.08789062,-5.2197265625
258.9,-1465.91796875,-5.1416015625
259.2,-1466.74804688,-5.2392578125
259.5,-1467.578125,-5.146484375
259.8,-1468.40820312,-5.224609375
260.1,-1469.23828125,-5.3369140625
260.4,-1470.06835938,-5.41015625
260.7,-1472.55859375,-5.4833984375
261.0,-1473.38867188,-5.615234375
261.3,-1475.87890625,-5.78125
261.6,-1475.87890625,-5.625
261.9,-1477.5390625,-5.3759765625
262.2,-1478.36914062,-5.3076171875
262.5,-1479.19921875,-5.146484375
262.8,-1480.02929688,-5.09765625
263.1,-1481.68945312,-5.15625
263.4,-1482.51953125,-5.1025390625
263.7,-1483.34960938,-5.0927734375
264.0,-1485.83984375,-5.15625
264.3,-1486.66992188,-5.05859375
264.6,-1488.33007812,-4.990234375
264.9,-1487.5,-5.0341796875
265.2,-1489.99023438,-5.0634765625
265.5,-1489.16015625,-5.078125
265.8,-1491.65039062,-5.1318359375
266.1,-1491.65039062,-5.048828125
266.4,-1494.140625,-4.9072265625
266.7,-1494.97070312,-4.912109375
267.0,-1495.80078125,-5.0634765625
267.3,-1497.4609375,-5.166015625
267.6,-1499.12109375,-5.2099609375
267.9,-1499.95117188,-5.3125
268.2,-1499.95117188,-5.33203125
268.5,-1500.78125,-5.3955078125
268.8,-1502.44140625,-5.4248046875
269.1,-1504.1015625,-5.4345703125
269.4,-1504.93164062,-5.341796875
269.7,-1505.76171875,-5.283203125
270.0,-1507.421875,-5.3466796875
270.3,-1509.91210938,-5.25390625
270.6,-1509.91210938,-4.9658203125
270.9,-1511.57226562,-5.1220703125
271.2,-1511.57226562,-5.0537109375
271.5,-1512.40234375,-5.107421875
271.8,-1514.0625,-4.8974609375
272.1,-1515.72265625,-4.765625
272.4,-1515.72265625,-4.8388671875
272.7,-1516.55273438,-4.931640625
273.0,-1519.04296875,-5.0732421875
273.3,-1520.703125,-5.1611328125
273.6,-1520.703125,-5.166015625
273.9,-1522.36328125,-5.0048828125
274.2,-1522.36328125,-4.82421875
274.5,-1524.85351562,-5.01953125
274.8,-1524.85351562,-5.1318359375
275.1,-1527.34375,-5.2783203125
275.4,-1528.17382812,-5.33203125
275.7,-1529.83398438,-5.205078125
276.0,-1530.6640625,-5.3662109375
276.3,-1531.49414062,-5.3857421875
276.6,-1531.49414062,-5.263671875
276.9,-1532.32421875,-5.3955078125
277.2,-1533.984375,-5.52734375
277.5,-1534.81445312,-5.4931640625
277.8,-1536.47460938,-5.44921875
278.1,-1537.3046875,-5.64453125
278.4,-1538.96484375,-5.849609375
278.7,-1540.625,-5.8642578125
279.0,-1541.45507812,-5.6689453125
279.3,-1543.11523438,-5.5322265625
279.6,-1543.11523438,-5.546875
279.9,-1543.9453125,-5.5126953125
280.2,-1545.60546875,-5.341796875
280.5,-1547.265625,-5.048828125
280.8,-1548.09570312,-4.814453125
281.1,-1548.92578125,-4.775390625
281.4,-1550.5859375,-4.853515625
281.7,-1550.5859375,-5.0439453125
282.0,-1553.07617188,-5.1611328125
282.3,-1552.24609375,-5.3125
282.6,-1553.90625,-5.283203125
282.9,-1555.56640625,-5.146484375
283.2,-1558.05664062,-5.2587890625
283.5,-1558.05664062,-5.3076171875
283.8,-1560.546875,-5.15625
284.1,-1561.37695312,-5.0341796875
284.4,-1561.37695312,-5.0830078125
284.7,-1563.03710938,-5.0390625
285.0,-1563.03710938,-5.0
285.3,-1564.69726562,-5.078125
285.6,-1565.52734375,-5.13671875
285.9,-1568.01757812,-5.09765625
286.2,-1568.84765625,-5.0830078125
286.5,-1570.5078125,-4.9609375
286.8,-1571.33789062,-4.873046875
287.1,-1572.16796875,-5.068359375
287.4,-1572.99804688,-4.9462890625
287.7,-1572.99804688,-4.9609375
288.0,-1574.65820312,-5.0537109375
288.3,-1575.48828125,-5.1220703125
288.6,-1577.97851562,-5.13671875
288.9,-1578.80859375,-4.98046875
289.2,-1580.46875,-5.0048828125
289.5,-1581.29882812,-5.1708984375
289.8,-1582.12890625,-5.263671875
290.1,-1582.95898438,-5.341796875
290.4,-1584.61914062,-5.3564453125
290.7,-1585.44921875,-5.341796875
291.0,-1585.44921875,-5.380859375
291.3,-1587.93945312,-5.224609375
291.6,-1588.76953125,-5.2001953125
291.9,-1590.4296875,-5.1611328125
292.2,-1591.25976562,-4.9755859375
292.5,-1591.25976562,-4.892578125
292.8,-1592.91992188,-4.873046875
293.1,-1593.75,-4.833984375
293.4,-1595.41015625,-4.90234375
293.7,-1596.24023438,-4.9072265625
294.0,-1597.90039062,-4.853515625
294.3,-1597.90039062,-4.7705078125
294.6,-1599.56054688,-4.7412109375
294.9,-1602.05078125,-4.9169921875
295.2,-1602.88085938,-5.0146484375
295.5,-1604.54101562,-5.205078125
295.8,-1605.37109375,-5.15625
296.1,-1607.03125,-5.029296875
296.4,-1607.03125,-5.0634765625
296.7,-1607.86132812,-5.29296875
297.0,-1608.69140625,-5.146484375
297.3,-1609.52148438,-5.1171875
297.6,-1611.18164062,-4.9951171875
297.9,-1612.84179688,-4.892578125
298.2,-1613.671875,-4.94140625
298.5,-1615.33203125,-4.7216796875
298.8,-1616.9921875,-4.5947265625
299.1,-1616.9921875,-4.6630859375
299.4,-1618.65234375,-4.6533203125
299.7,-1618.65234375,-4.7216796875
300.0,-1620.3125,-4.7509765625
300.3,-1621.14257812,-4.6533203125
300.6,-1623.6328125,-4.5263671875
300.9,-1624.46289062,-4.3408203125
301.2,-1625.29296875,-4.5703125
301.5,-1626.953125,-4.58984375
301.8,-1627.78320312,-4.560546875
302.1,-1628.61328125,-4.5703125
302.4,-1629.44335938,-4.4970703125
302.7,-1630.2734375,-4.51171875
303.0,-1631.10351562,-4.453125
303.3,-1631.93359375,-4.2333984375
303.6,-1633.59375,-4.296875
303.9,-1635.25390625,-4.4873046875
304.2,-1636.9140625,-4.55078125
304.5,-1638.57421875,-4.5166015625
304.8,-1638.57421875,-4.53125
305.1,-1640.234375,-4.7705078125
305.4,-1639.40429688,-4.7021484375
305.7,-1641.89453125,-4.4921875
306.0,-1642.72460938,-4.58984375
306.3,-1643.5546875,-4.7412109375
306.6,-1645.21484375,-4.7998046875
306.9,-1647.70507812,-4.8681640625
307.2,-1648.53515625,-4.9560546875
307.5,-1649.36523438,-4.765625
307.8,-1650.1953125,-4.7705078125
308.1,-1651.02539062,-4.9267578125
308.4,-1652.68554688,-4.7607421875
308.7,-1652.68554688,-4.7216796875
309.0,-1654.34570312,-4.5654296875
309.3,-1655.17578125,-4.6923828125
309.6,-1657.66601562,-4.8486328125
309.9,-1658.49609375,-4.931640625
310.2,-1660.15625,-4.9609375
310.5,-1660.98632812,-5.087890625
310.8,-1660.98632812,-5.2490234375
311.1,-1661.81640625,-5.087890625
311.4,-1662.64648438,-5.13671875
311.7,-1665.13671875,-5.087890625
312.0,-1428.56445312,-5.0439453125
312.3,-1431.0546875,-4.9365234375
312.6,-1432.71484375,-4.951171875
312.9,-1434.375,-5.01953125
313.2,-1434.375,-4.8974609375
313.5,-1436.03515625,-4.9755859375
313.8,-1436.86523438,-5.2734375
314.1,-1436.86523438,-5.44921875
314.4,-1438.52539062,-5.546875
314.7,-1439.35546875,-5.3662109375
315.0,-1441.015625,-5.41015625
315.3,-1442.67578125,-5.2734375
315.6,-1445.16601562,-5.3515625
315.9,-1445.99609375,-5.4345703125
316.2,-1446.82617188,-5.46875
316.5,-1446.82617188,-5.3271484375
316.8,-1447.65625,-5.234375
317.1,-1448.48632812,-4.9267578125
317.4,-1450.14648438,-4.8388671875
317.7,-1427.734375,-5.0048828125
318.0,-1428.56445312,-5.1953125
318.3,-1429.39453125,-4.560546875
318.6,-1429.39453125,-4.033203125
318.9,-1429.39453125,-3.486328125
319.2,-1428.56445312,-3.0908203125
319.5,-1428.56445312,-2.7734375
319.8,-1428.56445312,-2.236328125
320.1,-1429.39453125,-1.826171875
320.4,-1429.39453125,-1.5185546875
320.7,-1431.88476562,-1.1669921875
321.0,-1431.88476562,-1.044921875
321.3,-1433.54492188,-0.859375
321.6,-1434.375,-0.8740234375
321.9,-1436.03515625,-0.8056640625
322.2,-1436.03515625,-0.6884765625
322.5,-1438.52539062,-0.72265625
322.8,-1438.52539062,-0.7080078125
323.1,-1439.35546875,-0.25390625
323.4,-1441.84570312,-0.068359375
323.7,-1441.84570312,-0.1513671875
324.0,-1443.50585938,-0.0927734375
324.3,-1445.16601562,-0.0634765625
324.6,-1445.99609375,0.0
324.9,-1446.82617188,0.078125
325.2,-1448.48632812,0.0439453125
325.5,-1448.48632812,-0.0390625
325.8,-1450.14648438,0.380859375
326.1,-1451.80664062,0.2880859375
326.4,-1452.63671875,0.244140625
326.7,-1452.63671875,0.1904296875
327.0,-1454.296875,0.3466796875
327.3,-1455.12695312,0.3076171875
327.6,-1456.78710938,0.3515625
327.9,-1457.6171875,0.4296875
328.2,-1459.27734375,0.4833984375
328.5,-1460.10742188,0.3955078125
328.8,-1461.76757812,0.224609375
329.1,-1462.59765625,0.283203125
329.4,-1464.2578125,0.3369140625
329.7,-1464.2578125,0.4248046875
330.0,-1465.08789062,0.3173828125
330.3,-1467.578125,0.29296875
330.6,-1468.40820312,0.205078125
330.9,-1470.06835938,0.2490234375
331.2,-1470.8984375,0.4541015625
331.5,-1472.55859375,0.56640625
331.8,-1472.55859375,0.5224609375
332.1,-1473.38867188,0.478515625
332.4,-1475.87890625,0.400390625
332.7,-1476.70898438,0.29296875
333.0,-1477.5390625,0.2783203125
333.3,-1478.36914062,0.4248046875
333.6,-1480.02929688,0.439453125
333.9,-1480.02929688,0.5029296875
334.2,-1482.51953125,0.6103515625
334.5,-1482.51953125,0.517578125
334.8,-1485.00976562,0.3759765625
335.1,-1485.83984375,0.2099609375
335.4,-1487.5,0.400390625
335.7,-1487.5,0.439453125
336.0,-1489.16015625,0.5419921875
336.3,-1490.8203125,0.556640625
336.6,-1489.99023438,0.4833984375
336.9,-1491.65039062,0.4345703125
337.2,-1493.31054688,0.419921875
337.5,-1494.97070312,0.3955078125
337.8,-1495.80078125,0.4248046875
338.1,-1496.63085938,0.4443359375
338.4,-1498.29101562,0.458984375
338.7,-1499.12109375,0.4833984375
339.0,-1499.95117188,0.3564453125
339.3,-1501.61132812,0.283203125
339.6,-1501.61132812,0.2783203125
339.9,-1504.1015625,0.3955078125
340.2,-1504.1015625,0.3125
340.5,-1505.76171875,0.302734375
340.8,-1506.59179688,0.33203125
341.1,-1509.08203125,0.29296875
341.4,-1509.08203125,0.46875
341.7,-1510.7421875,0.5078125
342.0,-1512.40234375,0.302734375
342.3,-1513.23242188,0.25390625
342.6,-1513.23242188,0.5615234375
342.9,-1515.72265625,0.546875
343.2,-1516.55273438,0.6201171875
343.5,-1517.3828125,0.4150390625
343.8,-1518.21289062,0.4296875
344.1,-1519.87304688,0.517578125
344.4,-1521.53320312,0.2783203125
344.7,-1521.53320312,0.2880859375
345.0,-1523.19335938,0.1953125
345.3,-1524.0234375,0.263671875
345.6,-1525.68359375,0.4638671875
345.9,-1527.34375,0.52734375
346.2,-1527.34375,0.3955078125
346.5,-1529.00390625,0.4296875
346.8,-1529.00390625,0.5224609375
347.1,-1531.49414062,0.60546875
347.4,-1531.49414062,0.48828125
347.7,-1533.15429688,0.4296875
348.0,-1534.81445312,0.52734375
348.3,-1536.47460938,0.5712890625
348.6,-1537.3046875,0.5908203125
348.9,-1538.13476562,0.615234375
349.2,-1538.96484375,0.6201171875
349.5,-1540.625,0.87890625
349.8,-1541.45507812,0.908203125
350.1,-1542.28515625,0.7177734375
350.4,-1543.9453125,0.8203125
350.7,-1544.77539062,0.927734375
351.0,-1545.60546875,0.8447265625
351.3,-1547.265625,0.72265625
351.6,-1548.09570312,0.7861328125
351.9,-1548.92578125,0.87890625
352.2,-1550.5859375,0.9375
352.5,-1552.24609375,0.91796875
352.8,-1553.07617188,1.1767578125
353.1,-1554.73632812,1.2255859375
353.4,-1555.56640625,1.1083984375
353.7,-1556.39648438,1.0009765625
354.0,-1557.2265625,0.9619140625
354.3,-1559.71679688,0.869140625
354.6,-1559.71679688,0.6494140625
354.9,-1560.546875,0.576171875
355.2,-1562.20703125,0.5615234375
355.5,-1563.03710938,0.6591796875
355.8,-1563.8671875,0.595703125
356.1,-1564.69726562,0.4638671875
356.4,-1566.35742188,0.6689453125
356.7,-1567.1875,0.5322265625
357.0,-1568.84765625,0.41015625
357.3,-1569.67773438,0.41015625
357.6,-1570.5078125,0.498046875
357.9,-1572.16796875,0.4638671875
358.2,-1572.16796875,0.33203125
358.5,-1574.65820312,0.2490234375
358.8,-1574.65820312,0.1708984375
359.1,-1577.1484375,0.1611328125
359.4,-1577.97851562,0.2197265625
359.7,-1578.80859375,0.419921875
360.0,-1581.29882812,0.517578125
360.3,-1580.46875,0.3125
360.6,-1582.95898438,0.2197265625
360.9,-1583.7890625,0.17578125
361.2,-1583.7890625,0.234375
361.5,-1585.44921875,0.107421875
361.8,-1586.27929688,0.1708984375
362.1,-1587.93945312,0.2734375
362.4,-1589.59960938,0.517578125
362.7,-1590.4296875,0.5908203125
363.0,-1591.25976562,0.5078125
363.3,-1592.91992188,0.234375
363.6,-1592.91992188,0.2490234375
363.9,-1594.58007812,0.2490234375
364.2,-1596.24023438,0.078125
364.5,-1597.0703125,-0.078125
364.8,-1598.73046875,0.0390625
365.1,-1599.56054688,0.439453125
365.4,-1600.390625,0.6005859375
365.7,-1601.22070312,0.6494140625
366.0,-1603.7109375,0.6005859375
366.3,-1603.7109375,0.625
366.6,-1605.37109375,1.044921875
366.9,-1606.20117188,0.791015625
367.2,-1607.86132812,0.7568359375
367.5,-1608.69140625,0.76171875
367.8,-1609.52148438,1.123046875
368.1,-1611.18164062,1.2841796875
368.4,-1612.01171875,1.259765625
368.7,-1612.84179688,1.2646484375
369.0,-1613.671875,1.2548828125
369.3,-1614.50195312,1.19140625
369.6,-1616.16210938,1.2060546875
369.9,-1617.82226562,1.0009765625
370.2,-1618.65234375,1.015625
370.5,-1620.3125,1.1474609375
370.8,-1621.14257812,0.9814453125
371.1,-1622.80273438,0.771484375
371.4,-1622.80273438,0.7861328125
371.7,-1625.29296875,0.5810546875
372.0,-1625.29296875,0.390625
372.3,-1626.12304688,0.52734375
372.6,-1626.953125,0.8349609375
372.9,-1629.44335938,1.025390625
373.2,-1629.44335938,1.15234375
373.5,-1631.93359375,0.9228515625
373.8,-1632.76367188,1.2109375
374.1,-1634.42382812,0.703125
374.4,-1635.25390625,0.673828125
374.7,-1636.08398438,0.751953125
375.0,-1636.9140625,1.11328125
375.3,-1637.74414062,0.9423828125
375.6,-1640.234375,0.7666015625
375.9,-1640.234375,1.03515625
376.2,-1641.89453125,1.0009765625
376.5,-1642.72460938,0.6982421875
376.8,-1644.38476562,0.6884765625
377.1,-1643.5546875,0.15625
377.4,-1646.04492188,0.1953125
377.7,-1647.70507812,0.2197265625
378.0,-1647.70507812,0.2734375
378.3,-1649.36523438,0.2490234375
378.6,-1650.1953125,-0.0244140625
378.9,-1652.68554688,-0.0732421875
379.2,-1652.68554688,0.185546875
379.5,-1654.34570312,0.458984375
379.8,-1655.17578125,0.44921875
380.1,-1656.00585938,0.1953125
380.4,-1656.8359375,-0.1171875
380.7,-1658.49609375,0.166015625
381.0,-1660.15625,0.390625
381.3,-1660.15625,0.2880859375
381.6,-1661.81640625,0.6689453125
381.9,-1662.64648438,0.68359375
382.2,-1664.30664062,0.810546875
382.5,-1429.39453125,0.7470703125
382.8,-1431.0546875,0.6396484375
383.1,-1431.88476562,0.595703125
383.4,-1432.71484375,0.52734375
383.7,-1433.54492188,0.44921875
384.0,-1435.20507812,0.6640625
384.3,-1436.03515625,0.8544921875
384.6,-1438.52539062,1.0546875
384.9,-1438.52539062,1.1962890625
385.2,-1440.18554688,0.8203125
385.5,-1440.18554688,0.9765625
385.8,-1441.015625,0.810546875
386.1,-1442.67578125,0.87890625
386.4,-1443.50585938,0.7470703125
386.7,-1445.99609375,0.60546875
387.0,-1445.99609375,0.05859375
387.3,-1447.65625,0.5029296875
387.6,-1448.48632812,0.7568359375
387.9,-1450.9765625,0.927734375
388.2,-1450.9765625,1.3134765625
388.5,-1452.63671875,1.38671875
388.8,-1453.46679688,1.3037109375
389.1,-1455.12695312,1.0595703125
389.4,-1455.12695312,1.09375
389.7,-1456.78710938,0.7763671875
390.0,-1457.6171875,0.7080078125
390.3,-1460.10742188,0.7666015625
390.6,-1460.10742188,0.7666015625
390.9,-1461.76757812,0.7080078125
391.2,-1462.59765625,0.8349609375
391.5,-1464.2578125,0.6396484375
391.8,-1465.08789062,0.517578125
392.1,-1465.91796875,0.478515625
392.4,-1467.578125,0.68359375
392.7,-1468.40820312,0.9033203125
393.0,-1469.23828125,0.78125
393.3,-1470.8984375,0.341796875
393.6,-1471.72851562,0.2197265625
393.9,-1473.38867188,0.2880859375
394.2,-1473.38867188,0.2294921875
394.5,-1475.04882812,0.2099609375
394.8,-1475.87890625,0.244140625
395.1,-1477.5390625,0.2001953125
395.4,-1478.36914062,0.33203125
395.7,-1480.02929688,0.7080078125
396.0,-1480.859375,0.5712890625
396.3,-1482.51953125,0.1513671875
396.6,-1481.68945312,0.1513671875
396.9,-1484.1796875,0.166015625
397.2,-1485.00976562,0.1953125
397.5,-1486.66992188,0.3955078125
397.8,-1487.5,0.380859375
398.1,-1489.16015625,0.2734375
398.4,-1489.99023438,0.244140625
398.7,-1490.8203125,0.2392578125
399.0,-1493.31054688,0.302734375
399.3,-1492.48046875,0.5859375
399.6,-1494.97070312,0.78125
399.9,-1495.80078125,0.8349609375
400.2,-1496.63085938,0.888671875
400.5,-1497.4609375,0.888671875
400.8,-1499.12109375,0.8837890625
401.1,-1500.78125,0.9326171875
401.4,-1501.61132812,1.09375
401.7,-1502.44140625,1.005859375
402.0,-1504.1015625,0.9375
402.3,-1504.93164062,1.1376953125
402.6,-1506.59179688,1.2646484375
402.9,-1506.59179688,1.328125
403.2,-1508.25195312,1.0546875
403.5,-1509.08203125,1.15234375
403.8,-1510.7421875,1.337890625
404.1,-1512.40234375,1.103515625
404.4,-1513.23242188,0.8984375
404.7,-1514.0625,0.7568359375
405.0,-1515.72265625,0.859375
405.3,-1515.72265625,0.859375
405.6,-1516.55273438,0.654296875
405.9,-1518.21289062,0.419921875
406.2,-1519.87304688,0.1123046875
406.5,-1520.703125,0.087890625
406.8,-1523.19335938,0.234375
407.1,-1522.36328125,0.322265625
407.4,-1524.85351562,0.263671875
407.7,-1525.68359375,0.3125
408.0,-1527.34375,0.615234375
408.3,-1527.34375,0.8935546875
408.6,-1529.00390625,0.7421875
408.9,-1529.83398438,0.83984375
409.2,-1531.49414062,0.9912109375
409.5,-1532.32421875,0.8203125
409.8,-1533.984375,1.0302734375
410.1,-1535.64453125,0.9326171875
410.4,-1535.64453125,0.6396484375
410.7,-1537.3046875,0.6640625
411.0,-1537.3046875,0.6201171875
411.3,-1538.13476562,0.859375
411.6,-1540.625,0.8935546875
411.9,-1542.28515625,0.9130859375
412.2,-1542.28515625,0.8984375
412.5,-1544.77539062,0.8154296875
412.8,-1544.77539062,0.9228515625
413.1,-1546.43554688,1.0400390625
413.4,-1546.43554688,1.4990234375
413.7,-1549.75585938,1.259765625
414.0,-1548.92578125,1.5234375
414.3,-1551.41601562,1.4013671875
414.6,-1551.41601562,1.3427734375
414.9,-1553.90625,1.220703125
415.2,-1553.90625,1.201171875
415.5,-1555.56640625,1.0302734375
415.8,-1557.2265625,0.927734375
416.1,-1557.2265625,0.8203125
416.4,-1558.88671875,0.888671875
416.7,-1558.88671875,0.5126953125
417.0,-1560.546875,0.41015625
417.3,-1562.20703125,0.712890625
417.6,-1563.8671875,0.91796875
417.9,-1564.69726562,0.9521484375
418.2,-1564.69726562,0.859375
418.5,-1567.1875,0.732421875
418.8,-1567.1875,0.8837890625
419.1,-1568.84765625,0.5615234375
419.4,-1569.67773438,0.80078125
419.7,-1571.33789062,0.87890625
420.0,-1571.33789062,1.3671875
420.3,-1574.65820312,1.474609375
420.6,-1574.65820312,1.171875
420.9,-1576.31835938,1.3720703125
421.2,-1576.31835938,1.3232421875
421.5,-1577.1484375,1.0498046875
421.8,-1578.80859375,0.966796875
422.1,-1580.46875,1.044921875
422.4,-1582.12890625,0.9375
422.7,-1582.12890625,0.5078125
423.0,-1583.7890625,0.0244140625
423.3,-1584.61914062,0.1025390625
423.6,-1586.27929688,0.048828125
423.9,-1587.109375,-0.068359375
424.2,-1588.76953125,0.2392578125
424.5,-1588.76953125,0.4443359375
424.8,-1591.25976562,0.673828125
425.1,-1591.25976562,0.625
425.4,-1592.91992188,0.7763671875
425.7,-1593.75,0.44921875
426.0,-1595.41015625,0.25390625
426.3,-1597.0703125,0.2880859375
426.6,-1597.0703125,0.48828125
426.9,-1597.90039062,0.3369140625
427.2,-1598.73046875,0.439453125
427.5,-1600.390625,0.4931640625
427.8,-1601.22070312,0.68359375
428.1,-1602.88085938,0.8984375
428.4,-1603.7109375,0.7373046875
428.7,-1605.37109375,0.9814453125
429.0,-1606.20117188,1.3525390625
429.3,-1607.86132812,1.2109375
429.6,-1608.69140625,1.201171875
429.9,-1609.52148438,1.5185546875
430.2,-1611.18164062,1.7333984375
430.5,-1612.01171875,1.7041015625
430.8,-1613.671875,1.71875
431.1,-1614.50195312,1.796875
431.4,-1616.16210938,1.7041015625
431.7,-1616.16210938,1.5771484375
432.0,-1618.65234375,1.5478515625
432.3,-1618.65234375,1.2890625
432.6,-1620.3125,1.171875
432.9,-1621.14257812,0.966796875
433.2,-1621.97265625,0.8984375
433.5,-1622.80273438,0.986328125
433.8,-1625.29296875,1.30859375
434.1,-1626.12304688,1.1865234375
434.4,-1626.12304688,1.2939453125
434.7,-1628.61328125,1.337890625
435.0,-1628.61328125,1.3916015625
435.3,-1630.2734375,1.26953125
435.6,-1631.10351562,1.015625
435.9,-1632.76367188,0.849609375
436.2,-1633.59375,0.888671875
436.5,-1635.25390625,1.1279296875
436.8,-1636.08398438,1.0107421875
437.1,-1637.74414062,0.83984375
437.4,-1637.74414062,0.7080078125
437.7,-1640.234375,0.4248046875
438.0,-1640.234375,0.9375
438.3,-1641.06445312,1.1279296875
438.6,-1642.72460938,0.8447265625
438.9,-1643.5546875,1.015625
439.2,-1645.21484375,1.201171875
439.5,-1646.875,1.5380859375
439.8,-1647.70507812,1.3134765625
440.1,-1648.53515625,1.3671875
440.4,-1651.02539062,1.396484375
440.7,-1651.02539062,0.9326171875
441.0,-1652.68554688,1.0986328125
441.3,-1652.68554688,0.7666015625
441.6,-1654.34570312,0.888671875
441.9,-1655.17578125,0.849609375
442.2,-1656.8359375,0.83984375
442.5,-1657.66601562,0.6103515625
442.8,-1659.32617188,0.6494140625
443.1,-1660.15625,0.6689453125
443.4,-1660.98632812,0.9228515625
443.7,-1661.81640625,0.7470703125
444.0,-1663.4765625,0.4541015625
444.3,-1663.4765625,0.4248046875
444.6,-1429.39453125,0.087890625
444.9,-1431.0546875,0.1611328125
445.2,-1431.88476562,0.1416015625
445.5,-1433.54492188,0.1904296875
445.8,-1434.375,0.3076171875
446.1,-1436.03515625,0.44921875
446.4,-1436.86523438,0.673828125
446.7,-1436.86523438,0.5517578125
447.0,-1438.52539062,0.2490234375
447.3,-1439.35546875,0.1953125
447.6,-1441.015625,0.361328125
447.9,-1442.67578125,0.5517578125
448.2,-1443.50585938,0.9423828125
448.5,-1445.16601562,0.7861328125
448.8,-1445.99609375,0.7861328125
449.1,-1446.82617188,0.95703125
449.4,-1448.48632812,0.7861328125
449.7,-1448.48632812,0.6591796875
450.0,-1449.31640625,0.83984375
450.3,-1451.80664062,0.68359375
450.6,-1452.63671875,0.7421875
450.9,-1454.296875,0.810546875
451.2,-1455.12695312,0.8251953125
451.5,-1455.95703125,0.947265625
451.8,-1457.6171875,1.3330078125
452.1,-1457.6171875,1.07421875
452.4,-1460.10742188,1.30859375
452.7,-1460.9375,1.2451171875
453.0,-1461.76757812,1.318359375
453.3,-1462.59765625,1.4990234375
453.6,-1464.2578125,1.2255859375
453.9,-1465.08789062,1.07421875
454.2,-1466.74804688,1.3134765625
454.5,-1467.578125,1.474609375
454.8,-1469.23828125,1.0986328125
455.1,-1469.23828125,0.9130859375
455.4,-1470.8984375,0.60546875
455.7,-1472.55859375,0.52734375
456.0,-1473.38867188,0.7080078125
456.3,-1475.04882812,0.7373046875
456.6,-1475.04882812,0.6689453125
456.9,-1477.5390625,0.4638671875
457.2,-1477.5390625,0.4296875
457.5,-1480.02929688,0.2099609375
457.8,-1480.02929688,0.3759765625
458.1,-1481.68945312,0.1513671875
458.4,-1482.51953125,0.37109375
458.7,-1483.34960938,0.52734375
459.0,-1485.00976562,0.1171875
459.3,-1486.66992188,0.13671875
459.6,-1487.5,0.3857421875
459.9,-1487.5,0.6103515625
460.2,-1489.16015625,0.8203125
460.5,-1490.8203125,0.7080078125
460.8,-1491.65039062,0.9814453125
461.1,-1492.48046875,0.8349609375
461.4,-1493.31054688,1.015625
461.7,-1494.140625,1.005859375
462.0,-1496.63085938,0.8154296875
462.3,-1497.4609375,0.654296875
462.6,-1498.29101562,0.546875
462.9,-1499.12109375,0.2490234375
463.2,-1501.61132812,0.3173828125
463.5,-1501.61132812,0.4736328125
463.8,-1503.27148438,0.380859375
464.1,-1504.1015625,0.068359375
464.4,-1504.93164062,-0.126953125
464.7,-1506.59179688,-0.1123046875
465.0,-1508.25195312,0.0244140625
465.3,-1509.08203125,0.3271484375
465.6,-1509.91210938,0.5615234375
465.9,-1510.7421875,0.7763671875
466.2,-1512.40234375,0.68359375
466.5,-1513.23242188,0.4296875
466.8,-1514.0625,0.5078125
467.1,-1516.55273438,0.6689453125
467.4,-1516.55273438,0.810546875
467.7,-1517.3828125,0.78125
468.0,-1519.04296875,0.615234375
468.3,-1519.87304688,0.6884765625
468.6,-1521.53320312,0.6103515625
468.9,-1522.36328125,0.6591796875
469.2,-1523.19335938,0.6689453125
469.5,-1524.85351562,0.7275390625
469.8,-1525.68359375,0.4296875
470.1,-1527.34375,0.3857421875
470.4,-1528.17382812,0.41015625
470.7,-1529.83398438,0.654296875
471.0,-1530.6640625,0.6103515625
471.3,-1531.49414062,0.3662109375
471.6,-1532.32421875,-0.087890625
471.9,-1533.984375,-0.390625
472.2,-1534.81445312,-0.6787109375
472.5,-1535.64453125,-0.712890625
472.8,-1537.3046875,-0.56640625
473.1,-1538.96484375,-0.478515625
473.4,-1539.79492188,-0.1611328125
473.7,-1540.625,-0.498046875
474.0,-1541.45507812,-0.185546875
474.3,-1543.11523438,-0.1220703125
474.6,-1543.9453125,0.048828125
474.9,-1544.77539062,0.3759765625
475.2,-1546.43554688,0.263671875
475.5,-1548.09570312,0.1708984375
475.8,-1548.92578125,0.1708984375
476.1,-1549.75585938,0.13671875
476.4,-1551.41601562,0.2197265625
476.7,-1552.24609375,0.01953125
477.0,-1553.07617188,-0.1513671875
477.3,-1554.73632812,-0.244140625
477.6,-1555.56640625,-0.1220703125
477.9,-1556.39648438,-0.1025390625
478.2,-1557.2265625,0.068359375
478.5,-1558.88671875,-0.146484375
478.8,-1559.71679688,-0.263671875
479.1,-1562.20703125,0.09765625
479.4,-1562.20703125,0.0830078125
479.7,-1563.8671875,0.5419921875
480.0,-1564.69726562,0.341796875
480.3,-1566.35742188,0.17578125
480.6,-1566.35742188,0.21484375
480.9,-1568.01757812,0.322265625
481.2,-1568.84765625,0.37109375
481.5,-1571.33789062,0.41015625
481.8,-1571.33789062,0.576171875
482.1,-1572.99804688,0.60546875
482.4,-1573.828125,0.6787109375
482.7,-1574.65820312,0.56640625
483.0,-1575.48828125,1.2841796875
483.3,-1577.1484375,1.2646484375
483.6,-1577.97851562,1.1376953125
483.9,-1579.63867188,0.8544921875
484.2,-1581.29882812,0.6201171875
484.5,-1582.12890625,0.6298828125
484.8,-1584.61914062,0.4150390625
485.1,-1582.95898438,0.3271484375
485.4,-1586.27929688,0.625
485.7,-1586.27929688,0.6640625
486.0,-1587.93945312,0.732421875
486.3,-1587.93945312,0.2734375
486.6,-1590.4296875,0.1171875
486.9,-1591.25976562,-0.029296875
487.2,-1592.91992188,0.205078125
487.5,-1592.91992188,0.0830078125
487.8,-1594.58007812,0.3271484375
488.1,-1595.41015625,0.2392578125
488.4,-1597.0703125,0.224609375
488.7,-1597.90039062,0.478515625
489.0,-1598.73046875,0.3857421875
489.3,-1599.56054688,0.56640625
489.6,-1601.22070312,0.6201171875
489.9,-1602.88085938,1.15234375
490.2,-1602.88085938,1.025390625
490.5,-1604.54101562,0.8203125
490.8,-1605.37109375,0.72265625
491.1,-1607.86132812,0.7861328125
491.4,-1607.86132812,0.888671875
491.7,-1609.52148438,0.859375
492.0,-1610.3515625,1.0400390625
492.3,-1611.18164062,0.8740234375
492.6,-1612.84179688,0.95703125
492.9,-1614.50195312,0.7373046875
493.2,-1614.50195312,0.78125
493.5,-1616.16210938,0.390625
493.8,-1616.9921875,0.341796875
494.1,-1618.65234375,-0.078125
494.4,-1618.65234375,0.009765625
494.7,-1621.14257812,0.2197265625
495.0,-1621.14257812,0.46875
495.3,-1622.80273438,0.83984375
495.6,-1623.6328125,0.9912109375
495.9,-1625.29296875,1.26953125
496.2,-1626.12304688,1.2646484375
496.5,-1626.953125,1.083984375
496.8,-1628.61328125,0.8935546875
497.1,-1629.44335938,0.9912109375
497.4,-1630.2734375,0.9326171875
497.7,-1631.93359375,0.72265625
498.0,-1632.76367188,0.1123046875
498.3,-1635.25390625,-0.44921875
498.6,-1635.25390625,-0.634765625
498.9,-1636.9140625,-0.7080078125
499.2,-1636.9140625,-0.576171875
499.5,-1639.40429688,-0.4052734375
499.8,-1639.40429688,-0.0341796875
500.1,-1641.06445312,0.0830078125
500.4,-1641.89453125,0.09765625
500.7,-1643.5546875,-0.0830078125
501.0,-1645.21484375,-0.0634765625
501.3,-1646.875,0.0439453125
501.6,-1646.04492188,-0.048828125
501.9,-1647.70507812,0.068359375
502.2,-1648.53515625,0.29296875
502.5,-1649.36523438,0.1611328125
502.8,-1651.02539062,0.2587890625
503.1,-1652.68554688,0.44921875
503.4,-1653.515625,0.6005859375
503.7,-1654.34570312,0.8642578125
504.0,-1655.17578125,0.72265625
504.3,-1656.8359375,0.7568359375
504.6,-1658.49609375,0.91796875
504.9,-1659.32617188,0.6298828125
505.2,-1660.98632812,0.6005859375
505.5,-1660.98632812,0.498046875
505.8,-1662.64648438,0.4736328125
506.1,-1663.4765625,0.3173828125
506.4,-1664.30664062,0.15625
506.7,-1429.39453125,-0.05859375
507.0,-1431.0546875,-0.009765625
507.3,-1431.88476562,-0.1806640625
507.6,-1434.375,-0.166015625
507.9,-1434.375,-0.1416015625
508.2,-1435.20507812,-0.52734375
508.5,-1436.86523438,-0.400390625
508.8,-1437.6953125,-0.380859375
509.1,-1438.52539062,-0.478515625
509.4,-1440.18554688,-0.2587890625
509.7,-1441.015625,-0.4296875
510.0,-1441.84570312,-0.2490234375
510.3,-1444.3359375,-0.1513671875
510.6,-1444.3359375,-0.09765625
510.9,-1445.16601562,-0.1611328125
511.2,-1446.82617188,-0.41015625
511.5,-1449.31640625,-0.537109375
511.8,-1449.31640625,-0.546875
512.1,-1450.9765625,-0.517578125
512.4,-1451.80664062,-0.5908203125
512.7,-1451.80664062,-0.5859375
513.0,-1454.296875,-0.4736328125
513.3,-1455.12695312,-0.3466796875
513.6,-1456.78710938,-0.33203125
513.9,-1457.6171875,-0.3076171875
514.2,-1458.44726562,-0.166015625
514.5,-1459.27734375,-0.224609375
514.8,-1461.76757812,-0.0927734375
515.1,-1460.9375,-0.185546875
515.4,-1464.2578125,-0.224609375
515.7,-1464.2578125,-0.2197265625
516.0,-1465.91796875,-0.21484375
516.3,-1465.91796875,-0.01953125
516.6,-1468.40820312,0.0732421875
516.9,-1468.40820312,-0.1318359375
517.2,-1470.06835938,-0.2783203125
517.5,-1465.91796875,-0.0146484375
517.8,-1465.91796875,-0.0390625
518.1,-1466.74804688,0.01953125
518.4,-1467.578125,-0.078125
518.7,-1467.578125,0.01953125
519.0,-1467.578125,0.2880859375
519.3,-1468.40820312,0.4248046875
519.6,-1468.40820312,0.4541015625
519.9,-1468.40820312,0.56640625
520.2,-1469.23828125,0.439453125
520.5,-1470.06835938,0.60546875
520.8,-1470.06835938,0.6787109375
521.1,-1470.8984375,0.15625
521.4,-1470.8984375,0.1171875
521.7,-1425.24414062,-0.0927734375
522.0,-1423.58398438,0.09765625
522.3,-1423.58398438,-0.107421875
522.6,-1424.4140625,-0.126953125
522.9,-1425.24414062,-0.1416015625
523.2,-1425.24414062,0.1171875
523.5,-1426.07421875,0.25390625
523.8,-1425.24414062,0.1220703125
524.1,-1426.90429688,0.185546875
524.4,-1426.90429688,0.361328125
524.7,-1427.734375,0.25390625
525.0,-1427.734375,-0.078125
525.3,-1428.56445312,0.1953125
525.6,-1428.56445312,0.7080078125
525.9,-1429.39453125,0.76171875
526.2,-1429.39453125,0.4638671875
526.5,-1429.39453125,0.4248046875
526.8,-1430.22460938,0.107421875
527.1,-1430.22460938,0.4345703125
527.4,-1431.0546875,0.595703125
527.7,-1431.0546875,0.6640625
528.0,-1431.88476562,0.556640625
528.3,-1431.88476562,0.4736328125
528.6,-1432.71484375,0.5224609375
528.9,-1431.88476562,0.859375
529.2,-1434.375,0.8203125
529.5,-1432.71484375,1.064453125
529.8,-1434.375,0.7177734375
530.1,-1434.375,0.72265625
530.4,-1435.20507812,0.478515625
530.7,-1435.20507812,0.458984375
531.0,-1436.03515625,0.2392578125
531.3,-1436.03515625,0.4052734375
531.6,-1436.86523438,0.44921875
531.9,-1437.6953125,0.1611328125
532.2,-1436.86523438,0.302734375
532.5,-1437.6953125,0.4248046875
532.8,-1437.6953125,0.2197265625
533.1,-1438.52539062,0.546875
533.4,-1438.52539062,0.625
533.7,-1439.35546875,0.48828125
534.0,-1439.35546875,0.478515625
534.3,-1439.35546875,0.33203125
534.6,-1440.18554688,0.1904296875
534.9,-1440.18554688,0.380859375
535.2,-1441.84570312,0.1708984375
535.5,-1440.18554688,0.244140625
535.8,-1441.015625,0.2685546875
536.1,-1442.67578125,0.6591796875
536.4,-1442.67578125,0.791015625
536.7,-1443.50585938,0.64453125
537.0,-1443.50585938,0.44921875
537.3,-1443.50585938,0.6396484375
537.6,-1443.50585938,0.9326171875
537.9,-1444.3359375,1.1279296875
538.2,-1445.16601562,1.0302734375
538.5,-1445.99609375,0.8447265625
538.8,-1445.99609375,1.0546875
539.1,-1446.82617188,0.8447265625
539.4,-1447.65625,0.8447265625
539.7,-1446.82617188,0.625
540.0,-1447.65625,0.9423828125
540.3,-1447.65625,1.03515625
540.6,-1448.48632812,0.9619140625
540.9,-1448.48632812,0.83984375
541.2,-1449.31640625,0.8740234375
541.5,-1449.31640625,0.966796875
541.8,-1450.14648438,0.966796875
542.1,-1450.9765625,0.986328125
542.4,-1450.9765625,0.9375
542.7,-1450.14648438,0.8740234375
543.0,-1450.9765625,0.908203125
543.3,-1451.80664062,0.56640625
543.6,-1451.80664062,0.3857421875
543.9,-1451.80664062,0.6689453125
544.2,-1452.63671875,0.859375
544.5,-1452.63671875,0.634765625
544.8,-1453.46679688,0.7177734375
545.1,-1453.46679688,0.625
545.4,-1454.296875,0.4345703125
545.7,-1454.296875,0.6591796875
546.0,-1455.95703125,0.693359375
546.3,-1455.12695312,0.693359375
546.6,-1455.95703125,0.91796875
546.9,-1455.95703125,1.03515625
547.2,-1456.78710938,0.8740234375
547.5,-1456.78710938,0.3125
547.8,-1458.44726562,0.5615234375
548.1,-1458.44726562,1.0986328125
548.4,-1458.44726562,1.259765625
548.7,-1458.44726562,1.4453125
549.0,-1459.27734375,1.318359375
549.3,-1459.27734375,0.9521484375
549.6,-1459.27734375,0.9716796875
549.9,-1460.10742188,0.7177734375
550.2,-1460.9375,0.634765625
550.5,-1460.9375,0.7177734375
550.8,-1461.76757812,0.8251953125
551.1,-1461.76757812,0.703125
551.4,-1462.59765625,0.634765625
551.7,-1462.59765625,0.52734375
552.0,-1463.42773438,0.5224609375
552.3,-1462.59765625,0.7568359375
552.6,-1464.2578125,0.6103515625
552.9,-1464.2578125,0.9228515625
553.2,-1465.08789062,0.859375
553.5,-1464.2578125,0.732421875
553.8,-1465.08789062,0.7568359375
554.1,-1465.91796875,0.9423828125
554.4,-1465.91796875,1.171875
554.7,-1465.91796875,0.8154296875
555.0,-1466.74804688,0.9521484375
555.3,-1466.74804688,0.927734375
555.6,-1467.578125,1.2451171875
555.9,-1467.578125,1.2841796875
556.2,-1468.40820312,1.0400390625
556.5,-1468.40820312,0.8251953125
556.8,-1469.23828125,0.7763671875
557.1,-1469.23828125,0.76171875
557.4,-1470.06835938,0.8203125
557.7,-1470.06835938,0.9765625
558.0,-1471.72851562,1.025390625
558.3,-1471.72851562,0.830078125
558.6,-1471.72851562,0.6640625
558.9,-1471.72851562,1.0791015625
559.2,-1472.55859375,1.26953125
559.5,-1472.55859375,1.2548828125
559.8,-1473.38867188,1.259765625
560.1,-1473.38867188,1.1962890625
560.4,-1473.38867188,0.869140625
560.7,-1474.21875,0.5712890625
561.0,-1475.04882812,0.44921875
561.3,-1475.04882812,0.41015625
561.6,-1475.04882812,0.3955078125
561.9,-1476.70898438,0.4345703125
562.2,-1476.70898438,0.390625
562.5,-1476.70898438,0.15625
562.8,-1476.70898438,0.0146484375
563.1,-1477.5390625,0.029296875
563.4,-1478.36914062,0.107421875
563.7,-1478.36914062,0.078125
564.0,-1479.19921875,0.4736328125
564.3,-1479.19921875,0.3125
564.6,-1480.02929688,0.1171875
564.9,-1480.02929688,0.17578125
565.2,-1480.02929688,0.029296875
565.5,-1480.859375,0.146484375
565.8,-1480.859375,0.15625
566.1,-1481.68945312,0.3076171875
566.4,-1482.51953125,0.390625
566.7,-1482.51953125,0.458984375
567.0,-1482.51953125,0.361328125
567.3,-1483.34960938,0.6396484375
567.6,-1484.1796875,0.6787109375
567.9,-1483.34960938,0.56640625
568.2,-1484.1796875,0.7861328125
568.5,-1485.00976562,1.07421875
568.8,-1485.00976562,0.908203125
569.1,-1485.83984375,1.09375
569.4,-1485.83984375,0.791015625
569.7,-1485.83984375,0.6982421875
570.0,-1486.66992188,0.7470703125
570.3,-1486.66992188,0.673828125
570.6,-1487.5,0.322265625
570.9,-1487.5,0.3564453125
571.2,-1488.33007812,0.2880859375
571.5,-1488.33007812,0.33203125
571.8,-1489.16015625,0.5615234375
572.1,-1489.16015625,0.6689453125
572.4,-1489.99023438,0.37109375
572.7,-1489.99023438,0.4833984375
573.0,-1490.8203125,0.4345703125
573.3,-1490.8203125,0.283203125
573.6,-1491.65039062,0.5029296875
573.9,-1490.8203125,0.869140625
574.2,-1493.31054688,1.0302734375
574.5,-1492.48046875,1.0498046875
574.8,-1493.31054688,0.791015625
575.1,-1493.31054688,1.0205078125
575.4,-1494.140625,1.0986328125
575.7,-1494.140625,1.1962890625
576.0,-1494.97070312,1.318359375
576.3,-1494.140625,1.38671875
576.6,-1494.97070312,1.11328125
576.9,-1495.80078125,0.888671875
577.2,-1495.80078125,0.576171875
577.5,-1496.63085938,0.5810546875
577.8,-1496.63085938,0.634765625
578.1,-1496.63085938,0.76171875
578.4,-1498.29101562,0.7080078125
578.7,-1498.29101562,1.1328125
579.0,-1498.29101562,1.3134765625
579.3,-1498.29101562,1.3818359375
579.6,-1499.95117188,1.38671875
579.9,-1499.95117188,1.2841796875
580.2,-1500.78125,0.830078125
580.5,-1500.78125,0.80078125
580.8,-1500.78125,0.7763671875
581.1,-1501.61132812,0.9423828125
581.4,-1501.61132812,0.8544921875
581.7,-1503.27148438,0.8154296875
582.0,-1501.61132812,0.595703125
582.3,-1502.44140625,0.48828125
582.6,-1503.27148438,0.21484375
582.9,-1504.1015625,0.2685546875
583.2,-1504.1015625,0.2685546875
583.5,-1504.93164062,0.439453125
583.8,-1504.1015625,0.3759765625
584.1,-1504.93164062,0.8251953125
584.4,-1504.93164062,0.99609375
584.7,-1506.59179688,0.9228515625
585.0,-1506.59179688,0.8203125
585.3,-1506.59179688,0.9375
585.6,-1507.421875,0.7275390625
585.9,-1508.25195312,1.0009765625
586.2,-1508.25195312,0.771484375
586.5,-1509.08203125,0.6298828125
586.8,-1509.08203125,0.48828125
587.1,-1509.08203125,0.1806640625
587.4,-1509.91210938,-0.1416015625
587.7,-1510.7421875,0.009765625
588.0,-1510.7421875,0.283203125
588.3,-1511.57226562,0.3564453125
588.6,-1511.57226562,0.5224609375
588.9,-1512.40234375,0.3564453125
589.2,-1512.40234375,0.25390625
589.5,-1513.23242188,0.2587890625
589.8,-1512.40234375,0.458984375
590.1,-1514.0625,0.498046875
590.4,-1513.23242188,0.6640625
590.7,-1514.0625,0.439453125
591.0,-1514.89257812,0.3076171875
591.3,-1514.89257812,0.283203125
591.6,-1514.89257812,0.2685546875
591.9,-1515.72265625,0.185546875
592.2,-1516.55273438,0.1123046875
592.5,-1516.55273438,0.0927734375
592.8,-1516.55273438,0.068359375
593.1,-1517.3828125,-0.0341796875
593.4,-1517.3828125,0.0537109375
593.7,-1519.04296875,0.1025390625
594.0,-1518.21289062,0.322265625
594.3,-1519.04296875,0.6103515625
594.6,-1519.87304688,0.3662109375
594.9,-1519.87304688,0.3564453125
595.2,-1519.87304688,0.224609375
595.5,-1520.703125,0.283203125
595.8,-1520.703125,0.3515625
596.1,-1522.36328125,0.3662109375
596.4,-1522.36328125,0.458984375
596.7,-1522.36328125,0.8154296875
597.0,-1522.36328125,0.9228515625
597.3,-1523.19335938,1.142578125
597.6,-1523.19335938,0.908203125
597.9,-1523.19335938,1.083984375
598.2,-1523.19335938,0.791015625
598.5,-1524.85351562,0.9814453125
598.8,-1524.85351562,1.11328125
599.1,-1526.51367188,1.2646484375
599.4,-1525.68359375,1.318359375
599.7,-1525.68359375,1.2255859375
600.0,-1526.51367188,1.2548828125
600.3,-1527.34375,1.494140625
600.6,-1527.34375,1.3623046875
600.9,-1527.34375,1.1474609375
601.2,-1529.00390625,1.0546875
601.5,-1529.00390625,0.7861328125
601.8,-1529.00390625,0.400390625
602.1,-1529.83398438,0.25390625
602.4,-1529.83398438,0.1806640625
602.7,-1530.6640625,0.2978515625
603.0,-1529.83398438,0.6201171875
603.3,-1530.6640625,0.6494140625
603.6,-1531.49414062,0.29296875
603.9,-1531.49414062,0.146484375
604.2,-1532.32421875,0.234375
604.5,-1533.15429688,0.13671875
604.8,-1533.15429688,0.0341796875
605.1,-1533.984375,0.048828125
605.4,-1533.15429688,0.0390625
605.7,-1533.984375,0.1416015625
606.0,-1533.984375,0.224609375
606.3,-1535.64453125,0.52734375
606.6,-1534.81445312,0.576171875
606.9,-1536.47460938,0.634765625
607.2,-1536.47460938,0.76171875
607.5,-1537.3046875,0.6640625
607.8,-1536.47460938,0.5908203125
608.1,-1537.3046875,0.888671875
608.4,-1538.13476562,0.91796875
608.7,-1538.13476562,0.791015625
609.0,-1538.96484375,0.9228515625
609.3,-1538.96484375,0.8154296875
609.6,-1539.79492188,1.005859375
609.9,-1539.79492188,1.15234375
610.2,-1540.625,0.6396484375
610.5,-1539.79492188,0.4443359375
610.8,-1540.625,0.3466796875
611.1,-1541.45507812,0.48828125
611.4,-1541.45507812,0.5712890625
611.7,-1542.28515625,0.5712890625
612.0,-1543.11523438,0.712890625
612.3,-1543.11523438,0.6640625
612.6,-1544.77539062,0.693359375
612.9,-1543.9453125,0.712890625
613.2,-1543.9453125,0.6298828125
613.5,-1543.11523438,0.419921875
613.8,-1545.60546875,0.546875
614.1,-1546.43554688,0.3076171875
614.4,-1545.60546875,0.380859375
614.7,-1546.43554688,0.4345703125
615.0,-1546.43554688,0.6591796875
615.3,-1547.265625,0.6689453125
615.6,-1546.43554688,0.5029296875
615.9,-1548.09570312,0.64453125
616.2,-1547.265625,0.7275390625
616.5,-1548.92578125,0.4345703125
616.8,-1548.92578125,0.37109375
617.1,-1548.92578125,0.341796875
617.4,-1550.5859375,0.4296875
617.7,-1549.75585938,0.400390625
618.0,-1549.75585938,0.3125
618.3,-1550.5859375,0.1953125
618.6,-1550.5859375,0.2099609375
618.9,-1552.24609375,0.2880859375
619.2,-1552.24609375,0.1171875
619.5,-1552.24609375,0.5810546875
619.8,-1552.24609375,0.8740234375
620.1,-1553.07617188,0.60546875
620.4,-1553.07617188,0.2587890625
620.7,-1553.90625,0.1904296875
621.0,-1553.90625,0.2392578125
621.3,-1554.73632812,0.6494140625
621.6,-1554.73632812,0.244140625
621.9,-1555.56640625,-0.068359375
622.2,-1556.39648438,0.1904296875
622.5,-1556.39648438,0.1513671875
622.8,-1556.39648438,0.1123046875
623.1,-1557.2265625,0.1416015625
623.4,-1557.2265625,-0.166015625
623.7,-1558.05664062,-0.126953125
624.0,-1557.2265625,0.029296875
624.3,-1558.88671875,0.068359375
624.6,-1558.88671875,0.1708984375
624.9,-1558.88671875,0.29296875
625.2,-1559.71679688,0.4296875
625.5,-1560.546875,0.4345703125
625.8,-1560.546875,0.64453125
626.1,-1561.37695312,0.8056640625
626.4,-1560.546875,1.1572265625
626.7,-1562.20703125,1.259765625
627.0,-1561.37695312,1.2109375
627.3,-1563.03710938,1.181640625
627.6,-1563.03710938,1.3623046875
627.9,-1563.03710938,1.298828125
628.2,-1563.8671875,1.162109375
628.5,-1563.03710938,1.044921875
628.8,-1564.69726562,1.0205078125
629.1,-1564.69726562,0.8984375
629.4,-1565.52734375,1.123046875
629.7,-1565.52734375,0.8642578125
630.0,-1567.1875,0.7373046875
630.3,-1567.1875,0.7861328125
630.6,-1567.1875,0.556640625
630.9,-1568.01757812,0.673828125
631.2,-1568.01757812,0.8154296875
631.5,-1568.01757812,0.64453125
631.8,-1568.84765625,0.2880859375
632.1,-1568.01757812,0.166015625
632.4,-1569.67773438,-0.0439453125
632.7,-1569.67773438,0.09765625
633.0,-1570.5078125,0.3173828125
633.3,-1570.5078125,0.078125
633.6,-1570.5078125,0.0830078125
633.9,-1571.33789062,-0.078125
634.2,-1571.33789062,0.0048828125
634.5,-1572.99804688,-0.3564453125
634.8,-1572.99804688,-0.5224609375
635.1,-1573.828125,-0.3515625
635.4,-1573.828125,-0.1171875
635.7,-1574.65820312,-0.2734375
636.0,-1573.828125,-0.4443359375
636.3,-1573.828125,-0.263671875
636.6,-1573.828125,-0.3759765625
636.9,-1574.65820312,-0.1953125
637.2,-1575.48828125,-0.1953125
637.5,-1575.48828125,-0.029296875
637.8,-1576.31835938,-0.01953125
638.1,-1577.1484375,-0.048828125
638.4,-1577.1484375,-0.2294921875
638.7,-1577.1484375,0.15625
639.0,-1577.97851562,0.771484375
639.3,-1577.97851562,0.6005859375
639.6,-1578.80859375,0.3662109375
639.9,-1579.63867188,0.41015625
640.2,-1579.63867188,0.2099609375
640.5,-1580.46875,0.2392578125
640.8,-1580.46875,0.341796875
641.1,-1581.29882812,0.146484375
641.4,-1582.12890625,0.4345703125
641.7,-1582.12890625,0.595703125
642.0,-1581.29882812,0.6591796875
642.3,-1582.95898438,0.5224609375
642.6,-1582.95898438,0.537109375
642.9,-1582.95898438,0.4443359375
643.2,-1582.95898438,-0.01953125
643.5,-1584.61914062,-0.2001953125
643.8,-1584.61914062,0.0146484375
644.1,-1584.61914062,0.4833984375
644.4,-1584.61914062,0.439453125
644.7,-1584.61914062,0.205078125
645.0,-1586.27929688,0.1416015625
645.3,-1586.27929688,0.2294921875
645.6,-1587.109375,0.2734375
645.9,-1587.109375,0.2294921875
646.2,-1587.93945312,0.15625
646.5,-1587.93945312,0.078125
646.8,-1588.76953125,-0.205078125
647.1,-1588.76953125,-0.068359375
647.4,-1589.59960938,0.2294921875
647.7,-1588.76953125,0.1123046875
648.0,-1590.4296875,0.2294921875
648.3,-1590.4296875,0.3271484375
648.6,-1591.25976562,0.0439453125
648.9,-1591.25976562,-0.0927734375
649.2,-1592.08984375,0.0
649.5,-1592.08984375,-0.0048828125
649.8,-1592.91992188,0.380859375
650.1,-1592.91992188,0.6201171875
650.4,-1592.08984375,0.576171875
650.7,-1593.75,0.576171875
651.0,-1593.75,0.576171875
651.3,-1594.58007812,1.1328125
651.6,-1593.75,1.07421875
651.9,-1596.24023438,0.46875
652.2,-1594.58007812,0.4736328125
652.5,-1595.41015625,0.751953125
652.8,-1595.41015625,0.869140625
653.1,-1597.0703125,0.732421875
653.4,-1596.24023438,0.6787109375
653.7,-1596.24023438,0.8740234375
654.0,-1597.90039062,0.8935546875
654.3,-1597.90039062,1.0693359375
654.6,-1597.90039062,0.8349609375
654.9,-1598.73046875,0.56640625
655.2,-1598.73046875,0.673828125
655.5,-1599.56054688,0.8154296875
655.8,-1599.56054688,0.6396484375
656.1,-1599.56054688,0.60546875
656.4,-1601.22070312,0.05859375
656.7,-1600.390625,-0.0537109375
657.0,-1602.05078125,0.2197265625
657.3,-1601.22070312,0.1025390625
657.6,-1602.88085938,0.166015625
657.9,-1602.88085938,0.3662109375
658.2,-1602.88085938,0.3564453125
658.5,-1602.88085938,0.1318359375
658.8,-1604.54101562,-0.1171875
659.1,-1603.7109375,-0.078125
659.4,-1604.54101562,0.244140625
659.7,-1604.54101562,0.390625
660.0,-1605.37109375,0.5224609375
660.3,-1606.20117188,0.6982421875
660.6,-1606.20117188,0.849609375
660.9,-1607.03125,0.888671875
661.2,-1607.03125,0.8837890625
661.5,-1607.86132812,1.0595703125
661.8,-1607.86132812,1.220703125
662.1,-1607.86132812,0.615234375
662.4,-1607.86132812,0.4052734375
662.7,-1609.52148438,0.4443359375
663.0,-1608.69140625,0.3955078125
663.3,-1610.3515625,0.234375
663.6,-1609.52148438,-0.1416015625
663.9,-1612.01171875,-0.2099609375
664.2,-1610.3515625,-0.1025390625
664.5,-1611.18164062,-0.21484375
664.8,-1611.18164062,-0.1123046875
665.1,-1612.84179688,0.0732421875
665.4,-1612.84179688,0.3076171875
665.7,-1613.671875,0.2783203125
666.0,-1612.84179688,0.48828125
666.3,-1614.50195312,0.5859375
666.6,-1614.50195312,0.830078125
666.9,-1614.50195312,0.8544921875
667.2,-1614.50195312,0.6787109375
667.5,-1615.33203125,0.68359375
667.8,-1615.33203125,0.869140625
668.1,-1615.33203125,0.947265625
668.4,-1616.16210938,0.9130859375
668.7,-1616.9921875,0.8447265625
669.0,-1616.9921875,0.615234375
669.3,-1617.82226562,0.3173828125
669.6,-1617.82226562,0.1953125
669.9,-1618.65234375,0.2783203125
670.2,-1618.65234375,0.2099609375
670.5,-1619.48242188,0.46875
670.8,-1619.48242188,0.5517578125
671.1,-1620.3125,0.5029296875
671.4,-1620.3125,0.6298828125
671.7,-1621.14257812,0.48828125
672.0,-1621.14257812,0.4931640625
672.3,-1621.97265625,0.576171875
672.6,-1621.14257812,1.03515625
672.9,-1621.97265625,1.0009765625
673.2,-1621.97265625,0.966796875
673.5,-1623.6328125,0.91796875
673.8,-1623.6328125,0.771484375
674.1,-1624.46289062,0.87890625
674.4,-1623.6328125,1.0888671875
674.7,-1624.46289062,1.2109375
675.0,-1624.46289062,1.07421875
675.3,-1625.29296875,1.15234375
675.6,-1625.29296875,1.5380859375
675.9,-1625.29296875,1.4453125
676.2,-1626.12304688,1.533203125
676.5,-1626.953125,1.25
676.8,-1626.953125,1.54296875
677.1,-1627.78320312,1.3037109375
677.4,-1627.78320312,1.25
677.7,-1628.61328125,1.6357421875
678.0,-1628.61328125,1.669921875
678.3,-1628.61328125,1.5771484375
678.6,-1629.44335938,1.884765625
678.9,-1629.44335938,2.1875
679.2,-1630.2734375,2.0068359375
679.5,-1631.10351562,1.923828125
679.8,-1631.93359375,1.904296875
680.1,-1631.93359375,1.93359375
680.4,-1631.93359375,2.080078125
680.7,-1632.76367188,1.806640625
681.0,-1632.76367188,1.6064453125
681.3,-1632.76367188,1.7529296875
681.6,-1633.59375,1.8017578125
681.9,-1633.59375,1.689453125
682.2,-1633.59375,1.767578125
682.5,-1634.42382812,1.7919921875
682.8,-1635.25390625,1.5234375
683.1,-1634.42382812,1.357421875
683.4,-1636.08398438,1.2109375
683.7,-1636.08398438,1.005859375
684.0,-1636.9140625,0.8349609375
684.3,-1425.24414062,0.8203125
684.6,-1422.75390625,0.5126953125
684.9,-1424.4140625,0.8984375
685.2,-1424.4140625,1.23046875
685.5,-1425.24414062,1.5576171875
685.8,-1425.24414062,1.787109375
686.1,-1426.07421875,2.1044921875
686.4,-1426.07421875,1.943359375
686.7,-1426.90429688,1.8408203125
687.0,-1426.90429688,2.0849609375
687.3,-1427.734375,1.69921875
687.6,-1428.56445312,1.6064453125
687.9,-1427.734375,1.7578125
688.2,-1427.734375,1.787109375
688.5,-1427.734375,1.62109375
688.8,-1428.56445312,1.484375
689.1,-1429.39453125,1.3330078125
689.4,-1430.22460938,1.3671875
689.7,-1430.22460938,1.2109375
690.0,-1431.0546875,1.0009765625
690.3,-1431.0546875,0.927734375
690.6,-1431.0546875,0.76171875
690.9,-1431.88476562,0.693359375
691.2,-1431.88476562,0.6494140625
691.5,-1432.71484375,0.6005859375
691.8,-1433.54492188,0.6689453125
692.1,-1434.375,0.6103515625
692.4,-1433.54492188,0.830078125
692.7,-1434.375,0.390625
693.0,-1434.375,0.6982421875
693.3,-1435.20507812,1.1962890625
693.6,-1435.20507812,0.80078125
693.9,-1436.03515625,0.6396484375
694.2,-1436.03515625,1.1181640625
694.5,-1436.03515625,1.3525390625
694.8,-1436.86523438,1.494140625
695.1,-1437.6953125,1.591796875
695.4,-1436.86523438,1.62109375
695.7,-1437.6953125,1.7578125
696.0,-1439.35546875,1.58203125
696.3,-1438.52539062,1.396484375
696.6,-1439.35546875,1.11328125
696.9,-1438.52539062,1.30859375
697.2,-1440.18554688,1.2255859375
697.5,-1441.015625,1.0986328125
697.8,-1441.015625,1.2451171875
698.1,-1441.015625,1.8310546875
698.4,-1441.015625,1.7138671875
698.7,-1441.84570312,1.7333984375
699.0,-1441.84570312,1.40625
699.3,-1441.84570312,1.5283203125
699.6,-1442.67578125,1.4599609375
699.9,-1442.67578125,1.4208984375
700.2,-1443.50585938,1.6015625
700.5,-1443.50585938,1.4111328125
700.8,-1444.3359375,1.38671875
701.1,-1443.50585938,1.318359375
701.4,-1444.3359375,1.3818359375
701.7,-1445.16601562,1.2744140625
702.0,-1445.16601562,0.986328125
702.3,-1445.99609375,0.8154296875
702.6,-1445.99609375,0.78125
702.9,-1446.82617188,0.5859375
703.2,-1446.82617188,0.5517578125
703.5,-1447.65625,0.390625
703.8,-1447.65625,0.4052734375
704.1,-1447.65625,0.5419921875
704.4,-1448.48632812,0.498046875
704.7,-1449.31640625,0.546875
705.0,-1448.48632812,0.791015625
705.3,-1450.14648438,0.6201171875
705.6,-1448.48632812,0.6103515625
705.9,-1450.9765625,0.751953125
706.2,-1451.80664062,0.7080078125
706.5,-1450.9765625,0.810546875
706.8,-1452.63671875,0.7861328125
707.1,-1451.80664062,0.703125
707.4,-1451.80664062,0.791015625
707.7,-1451.80664062,1.07421875
708.0,-1452.63671875,1.103515625
708.3,-1454.296875,1.044921875
708.6,-1453.46679688,0.87890625
708.9,-1454.296875,0.44921875
709.2,-1454.296875,0.4345703125
709.5,-1454.296875,0.52734375
709.8,-1455.12695312,0.478515625
710.1,-1455.12695312,0.6787109375
710.4,-1456.78710938,0.68359375
710.7,-1456.78710938,0.6884765625
711.0,-1456.78710938,0.7080078125
711.3,-1457.6171875,0.9033203125
711.6,-1457.6171875,0.859375
711.9,-1458.44726562,0.46875
712.2,-1457.6171875,0.46875
712.5,-1459.27734375,0.576171875
712.8,-1458.44726562,0.5908203125
713.1,-1459.27734375,0.83984375
713.4,-1459.27734375,1.064453125
713.7,-1460.10742188,1.23046875
714.0,-1460.10742188,0.9912109375
714.3,-1460.9375,0.76171875
714.6,-1461.76757812,0.78125
714.9,-1460.9375,1.015625
715.2,-1461.76757812,0.9912109375
715.5,-1461.76757812,0.7861328125
715.8,-1462.59765625,0.546875
716.1,-1462.59765625,0.6494140625
716.4,-1462.59765625,0.791015625
716.7,-1463.42773438,0.869140625
717.0,-1465.08789062,0.6494140625
717.3,-1464.2578125,0.654296875
717.6,-1465.08789062,0.6884765625
717.9,-1465.08789062,0.4150390625
718.2,-1465.91796875,0.263671875
718.5,-1465.91796875,0.390625
718.8,-1466.74804688,0.3466796875
719.1,-1466.74804688,0.46875
719.4,-1465.91796875,0.4296875
719.7,-1467.578125,0.1513671875
720.0,-1467.578125,0.3369140625
720.3,-1468.40820312,0.6591796875
720.6,-1468.40820312,0.888671875
720.9,-1469.23828125,0.8203125
721.2,-1468.40820312,0.849609375
721.5,-1470.06835938,0.6591796875
721.8,-1470.06835938,0.7080078125
722.1,-1470.06835938,0.771484375
722.4,-1470.8984375,1.0205078125
722.7,-1470.8984375,1.0546875
723.0,-1471.72851562,1.0888671875
723.3,-1470.8984375,1.38671875
723.6,-1472.55859375,1.328125
723.9,-1472.55859375,1.40625
724.2,-1473.38867188,1.1669921875
724.5,-1472.55859375,1.19140625
724.8,-1474.21875,1.2109375
725.1,-1472.55859375,1.3330078125
725.4,-1475.04882812,1.5576171875
725.7,-1474.21875,1.40625
726.0,-1475.87890625,1.572265625
726.3,-1475.87890625,1.71875
726.6,-1476.70898438,1.640625
726.9,-1476.70898438,1.7529296875
727.2,-1476.70898438,1.982421875
727.5,-1476.70898438,1.85546875
727.8,-1476.70898438,1.6552734375
728.1,-1478.36914062,1.77734375
728.4,-1478.36914062,1.7919921875
728.7,-1478.36914062,1.6748046875
729.0,-1480.02929688,1.708984375
729.3,-1479.19921875,1.875
729.6,-1480.02929688,1.708984375
729.9,-1480.02929688,1.826171875
730.2,-1480.02929688,1.474609375
730.5,-1480.859375,1.4111328125
730.8,-1481.68945312,1.4404296875
731.1,-1481.68945312,1.2158203125
731.4,-1481.68945312,1.2158203125
731.7,-1482.51953125,1.42578125
732.0,-1481.68945312,1.4013671875
732.3,-1483.34960938,1.4208984375
732.6,-1483.34960938,1.0498046875
732.9,-1485.00976562,1.1376953125
733.2,-1483.34960938,1.1865234375
733.5,-1484.1796875,1.1376953125
733.8,-1485.00976562,1.318359375
734.1,-1484.1796875,1.279296875
734.4,-1485.83984375,1.3525390625
734.7,-1485.00976562,1.23046875
735.0,-1485.83984375,1.4599609375
735.3,-1486.66992188,1.2109375
735.6,-1487.5,1.15234375
735.9,-1487.5,1.279296875
736.2,-1488.33007812,1.3232421875
736.5,-1488.33007812,1.240234375
736.8,-1488.33007812,1.376953125
737.1,-1489.16015625,1.3818359375
737.4,-1487.5,1.533203125
737.7,-1489.99023438,1.7529296875
738.0,-1489.99023438,1.826171875
738.3,-1489.99023438,1.8310546875
738.6,-1490.8203125,1.8017578125
738.9,-1489.99023438,1.953125
739.2,-1490.8203125,2.05078125
739.5,-1491.65039062,2.001953125
739.8,-1492.48046875,1.8896484375
740.1,-1493.31054688,1.4892578125
740.4,-1492.48046875,1.484375
740.7,-1494.140625,1.3720703125
741.0,-1493.31054688,1.2890625
741.3,-1494.140625,1.240234375
741.6,-1494.97070312,1.318359375
741.9,-1494.140625,1.3330078125
742.2,-1495.80078125,1.0986328125
742.5,-1494.97070312,0.986328125
742.8,-1495.80078125,1.19140625
743.1,-1495.80078125,1.1328125
743.4,-1495.80078125,1.1279296875
743.7,-1497.4609375,1.3330078125
744.0,-1496.63085938,1.2255859375
744.3,-1497.4609375,1.30859375
744.6,-1498.29101562,1.3134765625
744.9,-1498.29101562,1.357421875
745.2,-1499.12109375,1.3037109375
745.5,-1499.12109375,1.2060546875
745.8,-1499.95117188,1.142578125
746.1,-1499.95117188,1.09375
746.4,-1500.78125,1.2646484375
746.7,-1500.78125,1.0546875
747.0,-1499.95117188,0.8740234375
747.3,-1501.61132812,0.8984375
747.6,-1501.61132812,1.1181640625
747.9,-1502.44140625,1.0107421875
748.2,-1502.44140625,0.947265625
748.5,-1503.27148438,0.9423828125
748.8,-1503.27148438,0.869140625
749.1,-1503.27148438,0.7177734375
749.4,-1504.1015625,0.625
749.7,-1503.27148438,0.6396484375
750.0,-1504.93164062,0.8154296875
750.3,-1504.93164062,0.7080078125
750.6,-1505.76171875,0.6298828125
750.9,-1505.76171875,0.859375
751.2,-1505.76171875,1.0546875
751.5,-1506.59179688,0.9033203125
751.8,-1506.59179688,0.9130859375
752.1,-1507.421875,1.09375
752.4,-1506.59179688,1.1865234375
752.7,-1508.25195312,1.0888671875
753.0,-1507.421875,1.25
753.3,-1509.08203125,1.3330078125
753.6,-1509.08203125,1.46484375
753.9,-1509.08203125,1.435546875
754.2,-1509.91210938,1.611328125
754.5,-1509.91210938,1.513671875
754.8,-1510.7421875,1.25
755.1,-1510.7421875,1.0107421875
755.4,-1511.57226562,1.2353515625
755.7,-1511.57226562,1.162109375
756.0,-1511.57226562,1.09375
756.3,-1511.57226562,1.2548828125
756.6,-1512.40234375,0.9033203125
756.9,-1513.23242188,0.966796875
757.2,-1514.0625,0.703125
757.5,-1514.0625,0.8740234375
757.8,-1514.0625,1.220703125
758.1,-1514.89257812,1.064453125
758.4,-1514.89257812,1.2353515625
758.7,-1515.72265625,1.2939453125
759.0,-1515.72265625,0.927734375
759.3,-1515.72265625,1.09375
759.6,-1516.55273438,1.083984375
759.9,-1517.3828125,1.083984375
760.2,-1517.3828125,0.6982421875
760.5,-1517.3828125,0.595703125
760.8,-1517.3828125,0.8203125
761.1,-1518.21289062,0.68359375
761.4,-1518.21289062,0.7275390625
761.7,-1518.21289062,0.6787109375
762.0,-1518.21289062,0.830078125
762.3,-1519.87304688,0.869140625
762.6,-1519.87304688,0.9521484375
762.9,-1519.87304688,0.95703125
763.2,-1520.703125,1.11328125
763.5,-1520.703125,1.1572265625
763.8,-1521.53320312,1.2451171875
764.1,-1521.53320312,1.318359375
764.4,-1522.36328125,1.2109375
764.7,-1522.36328125,0.830078125
765.0,-1523.19335938,0.4541015625
765.3,-1524.0234375,0.4150390625
765.6,-1523.19335938,0.5810546875
765.9,-1524.0234375,0.7177734375
766.2,-1524.0234375,0.5517578125
766.5,-1524.85351562,0.68359375
766.8,-1525.68359375,0.56640625
767.1,-1524.85351562,0.5322265625
767.4,-1525.68359375,0.5712890625
767.7,-1525.68359375,0.6884765625
768.0,-1527.34375,0.791015625
768.3,-1525.68359375,0.7861328125
768.6,-1527.34375,0.615234375
768.9,-1527.34375,0.546875
769.2,-1528.17382812,0.712890625
769.5,-1529.00390625,0.5322265625
769.8,-1529.00390625,0.6396484375
770.1,-1529.00390625,0.703125
770.4,-1529.00390625,0.6591796875
770.7,-1529.83398438,0.6005859375
771.0,-1530.6640625,0.76171875
771.3,-1531.49414062,0.87890625
771.6,-1530.6640625,1.064453125
771.9,-1531.49414062,1.083984375
772.2,-1531.49414062,0.8984375
772.5,-1532.32421875,1.11328125
772.8,-1532.32421875,1.2158203125
773.1,-1533.15429688,1.357421875
773.4,-1533.15429688,1.3525390625
773.7,-1533.984375,1.25
774.0,-1533.984375,1.1669921875
774.3,-1533.984375,0.8349609375
774.6,-1534.81445312,0.7861328125
774.9,-1535.64453125,0.732421875
775.2,-1534.81445312,0.703125
775.5,-1535.64453125,0.8056640625
775.8,-1535.64453125,0.791015625
776.1,-1536.47460938,0.8984375
776.4,-1537.3046875,0.7958984375
776.7,-1537.3046875,1.0888671875
777.0,-1538.96484375,1.025390625
777.3,-1537.3046875,0.986328125
777.6,-1538.96484375,1.0009765625
777.9,-1538.13476562,1.240234375
778.2,-1538.96484375,1.0888671875
778.5,-1539.79492188,1.083984375
778.8,-1539.79492188,0.966796875
779.1,-1539.79492188,1.181640625
779.4,-1540.625,1.220703125
779.7,-1540.625,1.3916015625
780.0,-1540.625,1.708984375
780.3,-1542.28515625,1.40625
780.6,-1542.28515625,1.5185546875
780.9,-1542.28515625,1.4453125
781.2,-1542.28515625,1.50390625
781.5,-1543.9453125,1.4697265625
781.8,-1543.11523438,1.2841796875
782.1,-1543.11523438,1.11328125
782.4,-1544.77539062,0.8642578125
782.7,-1543.11523438,0.8251953125
783.0,-1545.60546875,0.7177734375
783.3,-1543.9453125,0.8447265625
783.6,-1545.60546875,0.7763671875
783.9,-1545.60546875,1.1181640625
784.2,-1546.43554688,1.38671875
784.5,-1547.265625,1.4892578125
784.8,-1547.265625,1.435546875
785.1,-1547.265625,1.513671875
785.4,-1547.265625,1.2939453125
785.7,-1548.92578125,1.11328125
786.0,-1548.09570312,0.9375
786.3,-1548.92578125,0.927734375
786.6,-1548.92578125,1.0302734375
786.9,-1549.75585938,1.2353515625
787.2,-1549.75585938,1.1572265625
787.5,-1550.5859375,1.2744140625
787.8,-1550.5859375,1.23046875
788.1,-1551.41601562,0.95703125
788.4,-1551.41601562,0.9521484375
788.7,-1552.24609375,0.8349609375
789.0,-1551.41601562,0.9130859375
789.3,-1552.24609375,1.30859375
789.6,-1553.90625,1.435546875
789.9,-1553.90625,1.396484375
790.2,-1553.07617188,1.26953125
790.5,-1553.90625,0.9619140625
790.8,-1554.73632812,0.9521484375
791.1,-1554.73632812,1.015625
791.4,-1554.73632812,1.1083984375
791.7,-1554.73632812,1.171875
792.0,-1555.56640625,1.34765625
792.3,-1555.56640625,1.357421875
792.6,-1556.39648438,1.7626953125
792.9,-1557.2265625,1.484375
793.2,-1557.2265625,1.38671875
793.5,-1558.05664062,1.5380859375
793.8,-1558.05664062,1.826171875
794.1,-1558.88671875,1.953125
794.4,-1558.88671875,1.9921875
794.7,-1558.88671875,1.7822265625
795.0,-1559.71679688,1.640625
795.3,-1560.546875,1.5234375
795.6,-1560.546875,1.416015625
795.9,-1560.546875,1.15234375
796.2,-1560.546875,1.328125
796.5,-1560.546875,1.123046875
796.8,-1561.37695312,1.0595703125
797.1,-1562.20703125,0.8935546875
797.4,-1562.20703125,0.7470703125
797.7,-1562.20703125,0.537109375
798.0,-1563.03710938,0.634765625
798.3,-1563.8671875,0.458984375
798.6,-1563.8671875,0.3857421875
798.9,-1563.8671875,0.419921875
799.2,-1563.8671875,0.4443359375
799.5,-1564.69726562,0.44921875
799.8,-1565.52734375,0.25390625
800.1,-1565.52734375,-0.126953125
800.4,-1566.35742188,-0.185546875
800.7,-1566.35742188,-0.3515625
801.0,-1567.1875,0.0
801.3,-1568.01757812,0.1953125
801.6,-1567.1875,0.1318359375
801.9,-1568.01757812,0.17578125
802.2,-1568.01757812,0.05859375
802.5,-1568.84765625,0.0341796875
802.8,-1568.84765625,0.322265625
803.1,-1568.84765625,0.3759765625
803.4,-1569.67773438,0.5029296875
803.7,-1569.67773438,0.5078125
804.0,-1570.5078125,0.5029296875
804.3,-1570.5078125,0.5078125
804.6,-1571.33789062,0.3076171875
804.9,-1572.16796875,0.4052734375
805.2,-1571.33789062,0.09765625
805.5,-1572.16796875,0.224609375
805.8,-1572.99804688,0.37109375
806.1,-1572.99804688,0.09765625
806.4,-1572.99804688,0.0
806.7,-1573.828125,-0.2685546875
807.0,-1573.828125,-0.1513671875
807.3,-1575.48828125,-0.09765625
807.6,-1573.828125,0.2685546875
807.9,-1575.48828125,0.3955078125
808.2,-1575.48828125,0.4296875
808.5,-1575.48828125,0.52734375
808.8,-1576.31835938,0.732421875
809.1,-1575.48828125,0.8251953125
809.4,-1577.1484375,1.0693359375
809.7,-1577.1484375,1.2060546875
810.0,-1577.1484375,1.259765625
810.3,-1577.97851562,1.0888671875
810.6,-1577.97851562,1.0693359375
810.9,-1578.80859375,0.9375
811.2,-1578.80859375,0.7470703125
811.5,-1580.46875,0.6884765625
811.8,-1579.63867188,0.498046875
812.1,-1579.63867188,0.498046875
812.4,-1580.46875,0.556640625
812.7,-1580.46875,0.576171875
813.0,-1581.29882812,0.595703125
813.3,-1581.29882812,0.5810546875
813.6,-1582.12890625,0.76171875
813.9,-1582.12890625,1.142578125
814.2,-1582.95898438,1.2890625
814.5,-1582.95898438,1.240234375
814.8,-1582.95898438,1.123046875
815.1,-1582.95898438,1.11328125
815.4,-1584.61914062,0.95703125
815.7,-1583.7890625,1.1767578125
816.0,-1583.7890625,1.50390625
816.3,-1585.44921875,1.7431640625
816.6,-1584.61914062,1.767578125
816.9,-1586.27929688,1.3232421875
817.2,-1586.27929688,1.1279296875
817.5,-1587.109375,1.201171875
817.8,-1585.44921875,0.9814453125
818.1,-1587.109375,0.8984375
818.4,-1587.109375,0.9912109375
818.7,-1588.76953125,1.0595703125
819.0,-1588.76953125,1.0107421875
819.3,-1588.76953125,1.0009765625
819.6,-1589.59960938,0.9814453125
819.9,-1589.59960938,0.9130859375
820.2,-1590.4296875,1.0107421875
820.5,-1591.25976562,0.869140625
820.8,-1590.4296875,0.8935546875
821.1,-1591.25976562,0.7861328125
821.4,-1591.25976562,0.52734375
821.7,-1592.08984375,0.4150390625
822.0,-1592.08984375,0.498046875
822.3,-1592.08984375,0.4248046875
822.6,-1592.91992188,0.7763671875
822.9,-1592.91992188,1.0400390625
823.2,-1592.91992188,1.11328125
823.5,-1593.75,1.15234375
823.8,-1593.75,1.1083984375
824.1,-1594.58007812,1.337890625
824.4,-1596.24023438,1.0400390625
824.7,-1594.58007812,1.0498046875
825.0,-1596.24023438,1.220703125
825.3,-1596.24023438,1.5576171875
825.6,-1597.0703125,1.650390625
825.9,-1597.0703125,1.474609375
826.2,-1597.0703125,1.1376953125
826.5,-1597.0703125,1.34765625
826.8,-1598.73046875,1.4990234375
827.1,-1598.73046875,1.5625
827.4,-1599.56054688,1.7041015625
827.7,-1598.73046875,1.42578125
828.0,-1599.56054688,1.3427734375
828.3,-1599.56054688,1.5283203125
828.6,-1600.390625,1.298828125
828.9,-1602.05078125,0.9326171875
829.2,-1599.56054688,1.0498046875
829.5,-1601.22070312,0.9326171875
829.8,-1602.05078125,1.025390625
830.1,-1602.05078125,0.9033203125
830.4,-1602.88085938,1.07421875
830.7,-1602.88085938,1.1083984375
831.0,-1603.7109375,1.3525390625
831.3,-1603.7109375,1.42578125
831.6,-1603.7109375,1.552734375
831.9,-1604.54101562,1.58203125
832.2,-1604.54101562,1.748046875
832.5,-1605.37109375,1.748046875
832.8,-1605.37109375,1.611328125
833.1,-1606.20117188,1.7333984375
833.4,-1607.03125,1.435546875
833.7,-1607.03125,1.3427734375
834.0,-1607.03125,1.2548828125
834.3,-1607.86132812,1.0693359375
834.6,-1607.86132812,1.396484375
834.9,-1609.52148438,1.318359375
835.2,-1608.69140625,1.2255859375
835.5,-1608.69140625,1.5576171875
835.8,-1609.52148438,1.77734375
836.1,-1609.52148438,2.1142578125
836.4,-1610.3515625,1.9970703125
836.7,-1611.18164062,1.748046875
837.0,-1611.18164062,1.6796875
837.3,-1611.18164062,1.6552734375
837.6,-1612.01171875,1.484375
837.9,-1612.01171875,1.50390625
838.2,-1612.84179688,1.2451171875
838.5,-1612.84179688,1.2158203125
838.8,-1613.671875,1.38671875
839.1,-1612.84179688,1.4990234375
839.4,-1614.50195312,1.2353515625
839.7,-1614.50195312,1.435546875
840.0,-1614.50195312,1.58203125
840.3,-1616.16210938,1.6162109375
840.6,-1616.16210938,1.7724609375
840.9,-1616.16210938,1.4111328125
841.2,-1616.16210938,1.3427734375
841.5,-1617.82226562,1.1181640625
841.8,-1616.9921875,1.1767578125
842.1,-1617.82226562,1.1279296875
842.4,-1617.82226562,1.5087890625
842.7,-1619.48242188,1.42578125
843.0,-1618.65234375,1.103515625
843.3,-1620.3125,0.9375
843.6,-1619.48242188,1.09375
843.9,-1620.3125,0.9228515625
844.2,-1620.3125,0.927734375
844.5,-1620.3125,1.1669921875
844.8,-1621.97265625,1.181640625
845.1,-1621.97265625,1.42578125
845.4,-1622.80273438,1.46484375
845.7,-1622.80273438,1.2646484375
846.0,-1623.6328125,1.2548828125
846.3,-1623.6328125,0.99609375
846.6,-1623.6328125,0.849609375
846.9,-1623.6328125,0.83984375
847.2,-1623.6328125,1.07421875
847.5,-1626.12304688,1.2060546875
847.8,-1625.29296875,0.9423828125
848.1,-1625.29296875,1.005859375
848.4,-1626.12304688,1.2646484375
848.7,-1626.953125,1.25
849.0,-1626.953125,1.0546875
849.3,-1626.953125,0.888671875
849.6,-1627.78320312,0.72265625
849.9,-1627.78320312,0.625
850.2,-1628.61328125,0.64453125
850.5,-1628.61328125,0.5859375
850.8,-1630.2734375,0.6689453125
851.1,-1629.44335938,0.654296875
851.4,-1631.10351562,0.6494140625
851.7,-1630.2734375,0.634765625
852.0,-1631.10351562,0.6005859375
852.3,-1631.10351562,0.56640625
852.6,-1631.93359375,0.56640625
852.9,-1631.93359375,0.5419921875
853.2,-1632.76367188,0.46875
853.5,-1631.93359375,0.4833984375
853.8,-1633.59375,0.498046875
854.1,-1634.42382812,0.419921875
854.4,-1634.42382812,0.5615234375
854.7,-1634.42382812,0.5712890625
855.0,-1633.59375,0.6298828125
855.3,-1635.25390625,0.5322265625
855.6,-1635.25390625,0.4541015625
855.9,-1636.9140625,0.3271484375
856.2,-1636.08398438,0.224609375
856.5,-1636.08398438,0.15625
856.8,-1636.9140625,0.1025390625
857.1,-1637.74414062,-0.009765625
857.4,-1638.57421875,0.009765625
857.7,-1638.57421875,0.029296875
858.0,-1638.57421875,0.0146484375
858.3,-1638.57421875,0.0
858.6,-1639.40429688,0.01953125
858.9,-1640.234375,0.0390625
859.2,-1640.234375,0.048828125
859.5,-1641.89453125,0.068359375
859.8,-1641.89453125,0.078125
860.1,-1641.89453125,0.087890625
860.4,-1641.89453125,0.09765625
860.7,-1641.89453125,0.1025390625
861.0,-1642.72460938,0.1123046875
861.3,-1643.5546875,0.1171875
861.6,-1643.5546875,0.1171875
861.9,-1643.5546875,0.126953125
862.2,-1645.21484375,0.126953125
862.5,-1644.38476562,0.1123046875
862.8,-1645.21484375,0.1025390625
863.1,-1645.21484375,0.09765625
863.4,-1646.04492188,0.1318359375
863.7,-1646.04492188,0.166015625
864.0,-1646.04492188,0.146484375
864.3,-1646.875,0.126953125
864.6,-1646.875,0.1123046875
864.9,-1648.53515625,0.09765625
865.2,-1647.70507812,0.0830078125
865.5,-1649.36523438,0.078125
865.8,-1648.53515625,0.0634765625
866.1,-1649.36523438,0.05859375
866.4,-1648.53515625,0.048828125
866.7,-1650.1953125,-0.0146484375
867.0,-1650.1953125,0.0634765625
867.3,-1651.02539062,-0.5224609375
867.6,-1651.02539062,-0.5615234375
867.9,-1424.4140625,-0.5908203125
868.2,-1424.4140625,-0.615234375
868.5,-1423.58398438,-0.6298828125
868.8,-143.603515625,-0.64453125
869.1,-156.0546875,-0.6689453125
869.4,-148.583984375,-0.68359375
869.7,-146.923828125,-0.693359375
870.0,-147.75390625,-0.712890625
870.3,-147.75390625,-0.7177734375
870.6,-148.583984375,-0.72265625
870.9,-147.75390625,-0.72265625
871.2,-148.583984375,-0.7275390625
871.5,-149.4140625,-0.732421875
871.8,-148.583984375,-0.7275390625
872.1,-149.4140625,-0.7275390625
872.4,-149.4140625,-0.7275390625
872.7,-149.4140625,-0.732421875
873.0,-148.583984375,-0.732421875
873.3,-149.4140625,-0.732421875
873.6,-149.4140625,-0.732421875
873.9,-148.583984375,-0.732421875
874.2,-149.4140625,-0.732421875
874.5,-149.4140625,-0.7373046875
874.8,-149.4140625,-0.732421875
875.1,-148.583984375,-0.732421875
875.4,-150.244140625,-0.7373046875
875.7,-148.583984375,-0.7373046875
876.0,-149.4140625,-0.7373046875
876.3,-149.4140625,-0.7421875
876.6,-149.4140625,-0.732421875
876.9,-149.4140625,-0.7373046875
877.2,-149.4140625,-0.7373046875
877.5,-148.583984375,-0.7421875
877.8,-149.4140625,-0.7421875
878.1,-149.4140625,-0.7421875
