0.0,-159.375,-0.869140625
0.3,-159.375,-0.869140625
0.6,-159.375,-0.869140625
0.9,-159.375,-0.8642578125
1.2,-159.375,-0.869140625
1.5,-159.375,-0.869140625
1.8,-159.375,-0.869140625
2.1,-159.375,-0.869140625
2.4,-159.375,-0.869140625
2.7,-159.375,-0.8642578125
3.0,-159.375,-0.869140625
3.3,-159.375,-0.869140625
3.6,-159.375,-0.869140625
3.9,-160.205078125,-0.8740234375
4.2,-160.205078125,-0.869140625
4.5,-158.544921875,-0.869140625
4.8,-159.375,-0.8740234375
5.1,-159.375,-0.8642578125
5.4,-159.375,-0.869140625
5.7,-158.544921875,-0.869140625
6.0,-159.375,-0.869140625
6.3,-159.375,-0.869140625
6.6,-159.375,-0.869140625
6.9,-159.375,-0.869140625
7.2,-159.375,-0.869140625
7.5,-159.375,-0.869140625
7.8,-159.375,-0.8642578125
8.1,-159.375,-0.869140625
8.4,-159.375,-0.869140625
8.7,-159.375,-0.8740234375
9.0,-159.375,-0.8740234375
9.3,-159.375,-0.869140625
9.6,-159.375,-0.869140625
9.9,-159.375,-0.8740234375
10.2,-160.205078125,-0.8740234375
10.5,-159.375,-0.869140625
10.8,-159.375,-0.8642578125
11.1,-158.544921875,-0.869140625
11.4,-160.205078125,-0.8642578125
11.7,-159.375,-0.8740234375
12.0,-159.375,-0.869140625
12.3,-159.375,-0.869140625
12.6,-159.375,-0.869140625
12.9,-159.375,-0.869140625
13.2,-159.375,-0.869140625
13.5,-159.375,-0.869140625
13.8,-160.205078125,-0.869140625
14.1,-160.205078125,-0.869140625
14.4,-160.205078125,-0.869140625
14.7,-159.375,-0.869140625
15.0,-160.205078125,-0.869140625
15.3,-160.205078125,-0.869140625
15.6,-159.375,-0.869140625
15.9,-159.375,-0.869140625
16.2,-159.375,-0.869140625
16.5,-160.205078125,-0.8740234375
16.8,-159.375,-0.869140625
17.1,-159.375,-0.869140625
17.4,-159.375,-0.8740234375
17.7,-159.375,-0.869140625
18.0,-159.375,-0.869140625
18.3,-159.375,-0.869140625
18.6,-159.375,-0.869140625
18.9,-159.375,-0.869140625
19.2,-160.205078125,-0.869140625
19.5,-159.375,-0.869140625
19.8,-159.375,-0.869140625
20.1,-159.375,-0.869140625
20.4,-159.375,-0.8642578125
20.7,-159.375,-0.8740234375
21.0,-160.205078125,-0.869140625
21.3,-159.375,-0.869140625
21.6,-160.205078125,-0.869140625
21.9,-159.375,-0.869140625
22.2,-159.375,-0.8642578125
22.5,-160.205078125,-0.869140625
22.8,-159.375,-0.869140625
23.1,-159.375,-0.8642578125
23.4,-159.375,-0.869140625
23.7,-159.375,-0.869140625
24.0,-159.375,-0.869140625
24.3,-159.375,-0.869140625
24.6,-159.375,-0.869140625
24.9,-160.205078125,-0.869140625
25.2,-159.375,-0.8642578125
25.5,-160.205078125,-0.869140625
25.8,-159.375,-0.869140625
26.1,-159.375,-0.869140625
26.4,-158.544921875,-0.869140625
26.7,-159.375,-0.869140625
27.0,-159.375,-0.869140625
27.3,-159.375,-0.8740234375
27.6,-160.205078125,-0.8642578125
27.9,-159.375,-0.869140625
28.2,-159.375,-0.869140625
28.5,-159.375,-0.869140625
28.8,-158.544921875,-0.869140625
29.1,-160.205078125,-0.869140625
29.4,-159.375,-0.869140625
29.7,-160.205078125,-0.869140625
30.0,-159.375,-0.869140625
30.3,-159.375,-0.869140625
30.6,-159.375,-0.869140625
30.9,-159.375,-0.8642578125
31.2,-159.375,-0.869140625
31.5,-159.375,-0.869140625
31.8,-159.375,-0.869140625
32.1,-159.375,-0.8740234375
32.4,-159.375,-0.8642578125
32.7,-159.375,-0.869140625
33.0,-159.375,-0.8740234375
33.3,-158.544921875,-0.8642578125
33.6,-160.205078125,-0.869140625
33.9,-159.375,-0.869140625
34.2,-159.375,-0.869140625
34.5,-159.375,-0.8642578125
34.8,-160.205078125,-0.869140625
35.1,-159.375,-0.869140625
35.4,-160.205078125,-0.8642578125
35.7,-159.375,-0.869140625
36.0,-159.375,-0.869140625
36.3,-159.375,-0.869140625
36.6,-159.375,-0.869140625
36.9,-160.205078125,-0.869140625
37.2,-159.375,-0.869140625
37.5,-160.205078125,-0.869140625
37.8,-159.375,-0.869140625
38.1,-160.205078125,-0.869140625
38.4,-159.375,-0.869140625
38.7,-160.205078125,-0.8642578125
39.0,-159.375,-0.869140625
39.3,-159.375,-0.869140625
39.6,-158.544921875,-0.8740234375
39.9,-159.375,-0.869140625
40.2,-159.375,-0.869140625
40.5,-159.375,-0.869140625
40.8,-159.375,-0.869140625
41.1,-159.375,-0.869140625
41.4,-159.375,-0.869140625
41.7,-159.375,-0.869140625
42.0,-159.375,-0.869140625
42.3,-159.375,-0.869140625
42.6,-160.205078125,-0.869140625
42.9,-159.375,-0.869140625
43.2,-159.375,-0.869140625
43.5,-159.375,-0.869140625
43.8,-159.375,-0.869140625
44.1,-160.205078125,-0.8642578125
44.4,-159.375,-0.869140625
44.7,-159.375,-0.869140625
45.0,-159.375,-0.8642578125
45.3,-160.205078125,-0.869140625
45.6,-159.375,-0.8642578125
45.9,-159.375,-0.8642578125
46.2,-159.375,-0.869140625
46.5,-160.205078125,-0.8642578125
46.8,-159.375,-0.869140625
47.1,-159.375,-0.869140625
47.4,-159.375,-0.869140625
47.7,-159.375,-0.869140625
48.0,-160.205078125,-0.869140625
48.3,-159.375,-0.869140625
48.6,-159.375,-0.869140625
48.9,-159.375,-0.869140625
49.2,-159.375,-0.869140625
49.5,-160.205078125,-0.869140625
49.8,-159.375,-0.8642578125
50.1,-159.375,-0.8642578125
50.4,-159.375,-0.869140625
50.7,-158.544921875,-0.8642578125
51.0,-159.375,-0.869140625
51.3,-159.375,-0.869140625
51.6,-159.375,-0.869140625
51.9,-159.375,-0.869140625
52.2,-159.375,-0.869140625
52.5,-158.544921875,-0.869140625
52.8,-159.375,-0.869140625
53.1,-159.375,-0.8642578125
53.4,-159.375,-0.869140625
53.7,-159.375,-0.869140625
54.0,-159.375,-0.8642578125
54.3,-160.205078125,-0.869140625
54.6,-159.375,-0.869140625
54.9,-159.375,-0.869140625
55.2,-159.375,-0.869140625
55.5,-160.205078125,-0.869140625
55.8,-159.375,-0.869140625
56.1,-160.205078125,-0.869140625
56.4,-159.375,-0.8642578125
56.7,-160.205078125,-0.869140625
57.0,-159.375,-0.869140625
57.3,-160.205078125,-0.869140625
57.6,-159.375,-0.869140625
57.9,-160.205078125,-0.869140625
58.2,-159.375,-0.869140625
58.5,-159.375,-0.8642578125
58.8,-159.375,-0.869140625
59.1,-159.375,-0.869140625
59.4,-159.375,-0.8740234375
59.7,-159.375,-0.869140625
60.0,-159.375,-0.869140625
60.3,-159.375,-0.8740234375
60.6,-159.375,-0.869140625
60.9,-158.544921875,-0.869140625
61.2,-159.375,-0.8642578125
61.5,-159.375,-0.869140625
61.8,-159.375,-0.869140625
62.1,-158.544921875,-0.869140625
62.4,-159.375,-0.869140625
62.7,-159.375,-0.8642578125
63.0,-160.205078125,-0.869140625
63.3,-159.375,-0.869140625
63.6,-159.375,-0.869140625
63.9,-159.375,-0.869140625
64.2,-159.375,-0.869140625
64.5,-159.375,-0.869140625
64.8,-159.375,-0.869140625
65.1,-159.375,-0.869140625
65.4,-158.544921875,-0.869140625
65.7,-159.375,-0.869140625
66.0,-159.375,-0.869140625
66.3,-159.375,-0.869140625
66.6,-159.375,-0.869140625
66.9,-159.375,-0.869140625
67.2,-159.375,-0.8642578125
67.5,-158.544921875,-0.8642578125
67.8,-158.544921875,-0.869140625
68.1,-159.375,-0.869140625
68.4,-159.375,-0.869140625
68.7,-159.375,-0.8642578125
69.0,-159.375,-0.869140625
69.3,-159.375,-0.8642578125
69.6,-159.375,-0.869140625
69.9,-159.375,-0.869140625
70.2,-160.205078125,-0.869140625
70.5,-159.375,-0.869140625
70.8,-159.375,-0.869140625
71.1,-159.375,-0.869140625
71.4,-158.544921875,-0.869140625
71.7,-159.375,-0.869140625
72.0,-159.375,-0.869140625
72.3,-159.375,-0.869140625
72.6,-159.375,-0.869140625
72.9,-160.205078125,-0.869140625
73.2,-159.375,-0.869140625
73.5,-159.375,-0.869140625
73.8,-159.375,-0.869140625
74.1,-160.205078125,-0.8642578125
74.4,-158.544921875,-0.869140625
74.7,-159.375,-0.8740234375
75.0,-159.375,-0.869140625
75.3,-159.375,-0.869140625
75.6,-160.205078125,-0.869140625
75.9,-158.544921875,-0.8642578125
76.2,-159.375,-0.869140625
76.5,-159.375,-0.8642578125
76.8,-159.375,-0.8642578125
77.1,-160.205078125,-0.869140625
77.4,-159.375,-0.869140625
77.7,-159.375,-0.869140625
78.0,-158.544921875,-0.869140625
78.3,-160.205078125,-0.869140625
78.6,-159.375,-0.869140625
78.9,-159.375,-0.869140625
79.2,-159.375,-0.869140625
79.5,-160.205078125,-0.8642578125
79.8,-158.544921875,-0.869140625
80.1,-159.375,-0.869140625
80.4,-159.375,-0.869140625
80.7,-158.544921875,-0.869140625
81.0,-159.375,-0.869140625
81.3,-159.375,-0.869140625
81.6,-159.375,-0.8740234375
81.9,-158.544921875,-0.869140625
82.2,-159.375,-0.8740234375
82.5,-158.544921875,-0.869140625
82.8,-160.205078125,-0.869140625
83.1,-158.544921875,-0.869140625
83.4,-159.375,-0.8740234375
83.7,-159.375,-0.8642578125
84.0,-160.205078125,-0.869140625
84.3,-159.375,-0.869140625
84.6,-159.375,-0.869140625
84.9,-159.375,-0.869140625
85.2,-159.375,-0.869140625
85.5,-159.375,-0.869140625
85.8,-159.375,-0.869140625
86.1,-159.375,-0.8740234375
86.4,-159.375,-0.869140625
86.7,-159.375,-0.869140625
87.0,-159.375,-0.869140625
87.3,-159.375,-0.869140625
87.6,-159.375,-0.869140625
87.9,-158.544921875,-0.869140625
88.2,-159.375,-0.869140625
88.5,-159.375,-0.8740234375
88.8,-159.375,-0.869140625
89.1,-159.375,-0.8642578125
89.4,-159.375,-0.869140625
89.7,-159.375,-0.869140625
90.0,-159.375,-0.8642578125
90.3,-159.375,-0.869140625
90.6,-159.375,-0.869140625
90.9,-159.375,-0.869140625
91.2,-159.375,-0.869140625
91.5,-159.375,-0.869140625
91.8,-159.375,-0.869140625
92.1,-159.375,-0.8642578125
92.4,-159.375,-0.869140625
92.7,-159.375,-0.869140625
93.0,-159.375,-0.869140625
93.3,-160.205078125,-0.869140625
93.6,-159.375,-0.8642578125
93.9,-160.205078125,-0.869140625
94.2,-159.375,-0.8642578125
94.5,-159.375,-0.8740234375
94.8,-158.544921875,-0.8642578125
95.1,-159.375,-0.869140625
95.4,-159.375,-0.869140625
95.7,-159.375,-0.869140625
96.0,-159.375,-0.869140625
96.3,-159.375,-0.8642578125
96.6,-159.375,-0.8740234375
96.9,-160.205078125,-0.869140625
97.2,-160.205078125,-0.869140625
97.5,-159.375,-0.8642578125
97.8,-160.205078125,-0.8642578125
98.1,-159.375,-0.869140625
98.4,-159.375,-0.869140625
98.7,-160.205078125,-0.8642578125
99.0,-159.375,-0.869140625
99.3,-159.375,-0.8642578125
99.6,-159.375,-0.869140625
99.9,-159.375,-0.869140625
100.2,-159.375,-0.869140625
100.5,-159.375,-0.869140625
100.8,-160.205078125,-0.869140625
101.1,-159.375,-0.869140625
101.4,-159.375,-0.869140625
101.7,-159.375,-0.869140625
102.0,-159.375,-0.869140625
102.3,-159.375,-0.869140625
102.6,-160.205078125,-0.869140625
102.9,-159.375,-0.869140625
103.2,-159.375,-0.869140625
103.5,-159.375,-0.869140625
103.8,-159.375,-0.869140625
104.1,-159.375,-0.869140625
104.4,-160.205078125,-0.869140625
104.7,-158.544921875,-0.869140625
105.0,-159.375,-0.869140625
105.3,-160.205078125,-0.8642578125
105.6,-160.205078125,-0.869140625
105.9,-159.375,-0.869140625
106.2,-159.375,-0.869140625
106.5,-159.375,-0.869140625
106.8,-159.375,-0.8642578125
107.1,-159.375,-0.869140625
107.4,-158.544921875,-0.869140625
107.7,-159.375,-0.8642578125
108.0,-160.205078125,-0.869140625
108.3,-159.375,-0.8642578125
108.6,-159.375,-0.869140625
108.9,-159.375,-0.869140625
109.2,-159.375,-0.869140625
109.5,-159.375,-0.869140625
109.8,-159.375,-0.869140625
110.1,-159.375,-0.869140625
110.4,-160.205078125,-0.869140625
110.7,-159.375,-0.869140625
111.0,-160.205078125,-0.869140625
111.3,-159.375,-0.8642578125
111.6,-159.375,-0.869140625
111.9,-159.375,-0.869140625
112.2,-160.205078125,-0.8642578125
112.5,-159.375,-0.869140625
112.8,-159.375,-0.869140625
113.1,-160.205078125,-0.869140625
113.4,-159.375,-0.869140625
113.7,-159.375,-0.8740234375
114.0,-159.375,-0.869140625
114.3,-159.375,-0.869140625
114.6,-159.375,-0.869140625
114.9,-159.375,-0.869140625
115.2,-159.375,-0.869140625
115.5,-159.375,-0.8642578125
115.8,-159.375,-0.869140625
116.1,-160.205078125,-0.869140625
116.4,-158.544921875,-0.8642578125
116.7,-159.375,-0.869140625
117.0,-158.544921875,-0.869140625
117.3,-160.205078125,-0.8642578125
117.6,-159.375,-0.869140625
117.9,-159.375,-0.869140625
118.2,-159.375,-0.869140625
118.5,-159.375,-0.8642578125
118.8,-159.375,-0.869140625
119.1,-159.375,-0.8740234375
119.4,-160.205078125,-0.869140625
119.7,-160.205078125,-0.869140625
120.0,-159.375,-0.869140625
120.3,-159.375,-0.869140625
120.6,-159.375,-0.8740234375
120.9,-160.205078125,-0.869140625
121.2,-159.375,-0.869140625
121.5,-159.375,-0.8642578125
121.8,-159.375,-0.869140625
122.1,-159.375,-0.869140625
122.4,-159.375,-0.869140625
122.7,-159.375,-0.869140625
123.0,-159.375,-0.869140625
123.3,-158.544921875,-0.8740234375
123.6,-159.375,-0.869140625
123.9,-159.375,-0.869140625
124.2,-160.205078125,-0.869140625
124.5,-158.544921875,-0.869140625
124.8,-160.205078125,-0.869140625
125.1,-159.375,-0.869140625
125.4,-159.375,-0.869140625
125.7,-159.375,-0.869140625
126.0,-159.375,-0.869140625
126.3,-159.375,-0.869140625
126.6,-159.375,-0.869140625
126.9,-159.375,-0.869140625
127.2,-160.205078125,-0.869140625
127.5,-159.375,-0.869140625
127.8,-159.375,-0.8642578125
128.1,-159.375,-0.869140625
128.4,-159.375,-0.869140625
128.7,-159.375,-0.869140625
129.0,-159.375,-0.8642578125
129.3,-159.375,-0.869140625
129.6,-159.375,-0.8740234375
129.9,-159.375,-0.869140625
130.2,-159.375,-0.869140625
130.5,-159.375,-0.8642578125
130.8,-160.205078125,-0.869140625
131.1,-159.375,-0.869140625
131.4,-159.375,-0.869140625
131.7,-158.544921875,-0.8642578125
132.0,-159.375,-0.869140625
132.3,-159.375,-0.869140625
132.6,-159.375,-0.8642578125
132.9,-158.544921875,-0.8642578125
133.2,-159.375,-0.869140625
133.5,-159.375,-0.869140625
133.8,-160.205078125,-0.869140625
134.1,-159.375,-0.869140625
134.4,-159.375,-0.8642578125
134.7,-159.375,-0.869140625
135.0,-159.375,-0.869140625
135.3,-159.375,-0.869140625
135.6,-159.375,-0.8642578125
135.9,-158.544921875,-0.869140625
136.2,-159.375,-0.869140625
136.5,-158.544921875,-0.869140625
136.8,-159.375,-0.869140625
137.1,-159.375,-0.869140625
137.4,-159.375,-0.869140625
137.7,-159.375,-0.869140625
138.0,-160.205078125,-0.8642578125
138.3,-160.205078125,-0.869140625
138.6,-160.205078125,-0.869140625
138.9,-159.375,-0.869140625
139.2,-159.375,-0.8642578125
139.5,-159.375,-0.869140625
139.8,-159.375,-0.869140625
140.1,-160.205078125,-0.869140625
140.4,-159.375,-0.869140625
140.7,-160.205078125,-0.869140625
141.0,-159.375,-0.869140625
141.3,-159.375,-0.869140625
141.6,-159.375,-0.869140625
141.9,-159.375,-0.869140625
142.2,-159.375,-0.869140625
142.5,-159.375,-0.869140625
142.8,-158.544921875,-0.8740234375
143.1,-159.375,-0.8642578125
143.4,-159.375,-0.869140625
143.7,-159.375,-0.8642578125
144.0,-159.375,-0.8642578125
144.3,-159.375,-0.869140625
144.6,-158.544921875,-0.869140625
144.9,-159.375,-0.869140625
145.2,-159.375,-0.869140625
145.5,-160.205078125,-0.869140625
145.8,-160.205078125,-0.869140625
146.1,-160.205078125,-0.869140625
146.4,-159.375,-0.869140625
146.7,-159.375,-0.869140625
147.0,-159.375,-0.869140625
147.3,-159.375,-0.869140625
147.6,-159.375,-0.869140625
147.9,-159.375,-0.8642578125
148.2,-160.205078125,-0.8642578125
148.5,-159.375,-0.869140625
148.8,-159.375,-0.869140625
149.1,-159.375,-0.8642578125
149.4,-160.205078125,-0.869140625
149.7,-159.375,-0.869140625
150.0,-159.375,-0.869140625
150.3,-159.375,-0.869140625
150.6,-159.375,-0.869140625
150.9,-159.375,-0.869140625
151.2,-160.205078125,-0.869140625
151.5,-159.375,-0.869140625
151.8,-159.375,-0.8642578125
152.1,-159.375,-0.859375
152.4,-159.375,-0.869140625
152.7,-159.375,-0.869140625
153.0,-159.375,-0.869140625
153.3,-158.544921875,-0.869140625
153.6,-159.375,-0.8642578125
153.9,-160.205078125,-0.869140625
154.2,-159.375,-0.869140625
154.5,-160.205078125,-0.869140625
154.8,-159.375,-0.8642578125
155.1,-160.205078125,-0.869140625
155.4,-159.375,-0.8642578125
155.7,-160.205078125,-0.8642578125
156.0,-159.375,-0.869140625
156.3,-159.375,-0.869140625
156.6,-159.375,-0.869140625
156.9,-159.375,-0.8642578125
157.2,-160.205078125,-0.869140625
157.5,-159.375,-0.869140625
157.8,-159.375,-0.869140625
158.1,-159.375,-0.869140625
158.4,-158.544921875,-0.869140625
158.7,-160.205078125,-0.8642578125
159.0,-159.375,-0.869140625
159.3,-158.544921875,-0.8740234375
159.6,-159.375,-0.869140625
159.9,-159.375,-0.869140625
160.2,-159.375,-0.869140625
160.5,-159.375,-0.869140625
160.8,-159.375,-0.869140625
161.1,-158.544921875,-0.869140625
161.4,-159.375,-0.869140625
161.7,-159.375,-0.869140625
162.0,-159.375,-0.869140625
162.3,-159.375,-0.8642578125
162.6,-159.375,-0.869140625
162.9,-158.544921875,-0.8642578125
163.2,-160.205078125,-0.8642578125
163.5,-158.544921875,-0.8642578125
163.8,-159.375,-0.8642578125
164.1,-158.544921875,-0.869140625
164.4,-159.375,-0.869140625
164.7,-159.375,-0.8642578125
165.0,-159.375,-0.869140625
165.3,-159.375,-0.8642578125
165.6,-159.375,-0.869140625
165.9,-159.375,-0.869140625
166.2,-159.375,-0.869140625
166.5,-159.375,-0.869140625
166.8,-159.375,-0.869140625
167.1,-159.375,-0.8642578125
167.4,-159.375,-0.869140625
167.7,-159.375,-0.869140625
168.0,-159.375,-0.869140625
168.3,-159.375,-0.869140625
168.6,-159.375,-0.869140625
168.9,-159.375,-0.869140625
169.2,-159.375,-0.8642578125
169.5,-160.205078125,-0.869140625
169.8,-159.375,-0.8642578125
170.1,-160.205078125,-0.869140625
170.4,-159.375,-0.869140625
170.7,-159.375,-0.869140625
171.0,-159.375,-0.869140625
171.3,-159.375,-0.869140625
171.6,-159.375,-0.869140625
171.9,-159.375,-0.869140625
172.2,-159.375,-0.869140625
172.5,-159.375,-0.869140625
172.8,-160.205078125,-0.869140625
173.1,-159.375,-0.8642578125
173.4,-160.205078125,-0.869140625
173.7,-159.375,-0.8642578125
174.0,-159.375,-0.869140625
174.3,-159.375,-0.869140625
174.6,-159.375,-0.869140625
174.9,-159.375,-0.869140625
175.2,-158.544921875,-0.869140625
175.5,-160.205078125,-0.869140625
175.8,-159.375,-0.869140625
176.1,-160.205078125,-0.869140625
176.4,-158.544921875,-0.869140625
176.7,-159.375,-0.869140625
177.0,-159.375,-0.869140625
177.3,-160.205078125,-0.869140625
177.6,-158.544921875,-0.869140625
177.9,-159.375,-0.869140625
178.2,-159.375,-0.869140625
178.5,-159.375,-0.869140625
178.8,-158.544921875,-0.8642578125
179.1,-159.375,-0.869140625
179.4,-159.375,-0.869140625
179.7,-159.375,-0.8642578125
180.0,-159.375,-0.8740234375
180.3,-158.544921875,-0.869140625
180.6,-160.205078125,-0.8740234375
180.9,-159.375,-0.8642578125
181.2,-159.375,-0.869140625
181.5,-159.375,-0.869140625
181.8,-159.375,-0.869140625
182.1,-159.375,-0.869140625
182.4,-159.375,-0.869140625
182.7,-159.375,-0.869140625
183.0,-160.205078125,-0.869140625
183.3,-159.375,-0.869140625
183.6,-159.375,-0.869140625
183.9,-159.375,-0.869140625
184.2,-159.375,-0.869140625
184.5,-160.205078125,-0.869140625
184.8,-159.375,-0.869140625
185.1,-160.205078125,-0.869140625
185.4,-160.205078125,-0.8642578125
185.7,-159.375,-0.869140625
186.0,-159.375,-0.869140625
186.3,-160.205078125,-0.869140625
186.6,-159.375,-0.869140625
186.9,-159.375,-0.869140625
187.2,-158.544921875,-0.869140625
187.5,-159.375,-0.869140625
187.8,-159.375,-0.8642578125
188.1,-160.205078125,-0.869140625
188.4,-159.375,-0.8642578125
188.7,-159.375,-0.8642578125
189.0,-159.375,-0.869140625
189.3,-159.375,-0.869140625
189.6,-159.375,-0.869140625
189.9,-160.205078125,-0.869140625
190.2,-158.544921875,-0.869140625
190.5,-159.375,-0.869140625
190.8,-158.544921875,-0.869140625
191.1,-159.375,-0.8740234375
191.4,-158.544921875,-0.869140625
191.7,-160.205078125,-0.869140625
192.0,-159.375,-0.869140625
192.3,-160.205078125,-0.869140625
192.6,-159.375,-0.869140625
192.9,-159.375,-0.869140625
193.2,-159.375,-0.869140625
193.5,-159.375,-0.869140625
193.8,-160.205078125,-0.869140625
194.1,-159.375,-0.869140625
194.4,-159.375,-0.869140625
194.7,-159.375,-0.8642578125
195.0,-159.375,-0.869140625
195.3,-159.375,-0.869140625
195.6,-159.375,-0.8740234375
195.9,-159.375,-0.869140625
196.2,-159.375,-0.869140625
196.5,-159.375,-0.8642578125
196.8,-159.375,-0.8642578125
197.1,-159.375,-0.869140625
197.4,-159.375,-0.869140625
197.7,-159.375,-0.869140625
198.0,-159.375,-0.869140625
198.3,-158.544921875,-0.8642578125
198.6,-159.375,-0.869140625
198.9,-158.544921875,-0.8642578125
199.2,-160.205078125,-0.869140625
199.5,-158.544921875,-0.869140625
199.8,-159.375,-0.869140625
200.1,-159.375,-0.869140625
200.4,-159.375,-0.869140625
200.7,-159.375,-0.869140625
201.0,-159.375,-0.869140625
201.3,-159.375,-0.869140625
201.6,-159.375,-0.869140625
201.9,-159.375,-0.8642578125
202.2,-159.375,-0.869140625
202.5,-159.375,-0.869140625
202.8,-159.375,-0.869140625
203.1,-158.544921875,-0.869140625
203.4,-159.375,-0.869140625
203.7,-159.375,-0.8642578125
204.0,-159.375,-0.869140625
204.3,-159.375,-0.869140625
204.6,-159.375,-0.8642578125
204.9,-160.205078125,-0.869140625
205.2,-159.375,-0.869140625
205.5,-159.375,-0.869140625
205.8,-159.375,-0.869140625
206.1,-159.375,-0.869140625
206.4,-159.375,-0.869140625
206.7,-159.375,-0.869140625
207.0,-159.375,-0.869140625
207.3,-159.375,-0.869140625
207.6,-159.375,-0.869140625
207.9,-159.375,-0.8642578125
208.2,-159.375,-0.869140625
208.5,-160.205078125,-0.8740234375
208.8,-159.375,-0.869140625
209.1,-160.205078125,-0.869140625
209.4,-158.544921875,-0.869140625
209.7,-159.375,-0.869140625
210.0,-158.544921875,-0.869140625
210.3,-160.205078125,-0.8642578125
210.6,-159.375,-0.869140625
210.9,-159.375,-0.869140625
211.2,-159.375,-0.869140625
211.5,-160.205078125,-0.869140625
211.8,-158.544921875,-0.869140625
212.1,-160.205078125,-0.869140625
212.4,-158.544921875,-0.8740234375
212.7,-159.375,-0.869140625
213.0,-158.544921875,-0.869140625
213.3,-159.375,-0.869140625
213.6,-159.375,-0.869140625
213.9,-159.375,-0.869140625
214.2,-159.375,-0.869140625
214.5,-159.375,-0.869140625
214.8,-159.375,-0.8642578125
215.1,-158.544921875,-0.869140625
215.4,-159.375,-0.869140625
215.7,-159.375,-0.8642578125
216.0,-160.205078125,-0.869140625
216.3,-159.375,-0.869140625
216.6,-159.375,-0.869140625
216.9,-159.375,-0.869140625
217.2,-159.375,-0.869140625
217.5,-158.544921875,-0.8642578125
217.8,-159.375,-0.869140625
218.1,-159.375,-0.869140625
218.4,-159.375,-0.869140625
218.7,-159.375,-0.8642578125
219.0,-159.375,-0.869140625
219.3,-159.375,-0.869140625
219.6,-159.375,-0.869140625
219.9,-160.205078125,-0.869140625
220.2,-159.375,-0.8740234375
220.5,-159.375,-0.869140625
220.8,-160.205078125,-0.869140625
221.1,-158.544921875,-0.869140625
221.4,-159.375,-0.8642578125
221.7,-160.205078125,-0.8642578125
222.0,-159.375,-0.8642578125
222.3,-160.205078125,-0.8642578125
222.6,-158.544921875,-0.8642578125
222.9,-159.375,-0.869140625
223.2,-159.375,-0.869140625
223.5,-159.375,-0.869140625
223.8,-158.544921875,-0.869140625
224.1,-159.375,-0.869140625
224.4,-159.375,-0.869140625
224.7,-159.375,-0.869140625
225.0,-159.375,-0.869140625
225.3,-160.205078125,-0.869140625
225.6,-159.375,-0.869140625
225.9,-160.205078125,-0.869140625
226.2,-159.375,-0.8642578125
226.5,-160.205078125,-0.8642578125
226.8,-159.375,-0.869140625
227.1,-159.375,-0.8642578125
227.4,-159.375,-0.8642578125
227.7,-159.375,-0.8740234375
228.0,-159.375,-0.869140625
228.3,-159.375,-0.869140625
228.6,-159.375,-0.869140625
228.9,-159.375,-0.869140625
229.2,-159.375,-0.869140625
229.5,-159.375,-0.869140625
229.8,-160.205078125,-0.869140625
230.1,-159.375,-0.8740234375
230.4,-159.375,-0.869140625
230.7,-159.375,-0.869140625
231.0,-159.375,-0.869140625
231.3,-159.375,-0.869140625
231.6,-159.375,-0.869140625
231.9,-159.375,-0.869140625
232.2,-159.375,-0.869140625
232.5,-159.375,-0.8642578125
232.8,-159.375,-0.869140625
233.1,-159.375,-0.869140625
233.4,-160.205078125,-0.869140625
233.7,-159.375,-0.869140625
234.0,-159.375,-0.869140625
234.3,-160.205078125,-0.869140625
234.6,-158.544921875,-0.869140625
234.9,-159.375,-0.8642578125
235.2,-159.375,-0.8642578125
235.5,-159.375,-0.869140625
235.8,-158.544921875,-0.869140625
236.1,-160.205078125,-0.8740234375
236.4,-159.375,-0.8642578125
236.7,-160.205078125,-0.869140625
237.0,-159.375,-0.8642578125
237.3,-159.375,-0.869140625
237.6,-159.375,-0.869140625
237.9,-160.205078125,-0.869140625
238.2,-159.375,-0.869140625
238.5,-160.205078125,-0.869140625
238.8,-159.375,-0.869140625
239.1,-160.205078125,-0.869140625
239.4,-159.375,-0.8740234375
239.7,-159.375,-0.869140625
240.0,-160.205078125,-0.8740234375
240.3,-159.375,-0.869140625
240.6,-159.375,-0.869140625
240.9,-159.375,-0.8642578125
241.2,-159.375,-0.869140625
241.5,-159.375,-0.8642578125
241.8,-159.375,-0.869140625
242.1,-159.375,-0.8642578125
242.4,-159.375,-0.869140625
242.7,-158.544921875,-0.869140625
243.0,-160.205078125,-0.869140625
243.3,-159.375,-0.869140625
243.6,-159.375,-0.869140625
243.9,-159.375,-0.869140625
244.2,-160.205078125,-0.869140625
244.5,-159.375,-0.8740234375
244.8,-160.205078125,-0.869140625
245.1,-159.375,-0.869140625
245.4,-159.375,-0.869140625
245.7,-158.544921875,-0.869140625
246.0,-159.375,-0.869140625
246.3,-159.375,-0.869140625
246.6,-159.375,-0.869140625
246.9,-159.375,-0.869140625
247.2,-159.375,-0.869140625
247.5,-159.375,-0.869140625
247.8,-159.375,-0.8642578125
248.1,-159.375,-0.869140625
248.4,-160.205078125,-0.869140625
248.7,-159.375,-0.869140625
249.0,-160.205078125,-0.8642578125
249.3,-159.375,-0.869140625
249.6,-160.205078125,-0.869140625
249.9,-159.375,-0.869140625
250.2,-161.03515625,-0.869140625
250.5,-158.544921875,-0.8642578125
250.8,-160.205078125,-0.869140625
251.1,-159.375,-0.869140625
251.4,-159.375,-0.869140625
251.7,-158.544921875,-0.869140625
252.0,-159.375,-0.869140625
252.3,-159.375,-0.8740234375
252.6,-159.375,-0.869140625
252.9,-159.375,-0.869140625
253.2,-159.375,-0.869140625
253.5,-159.375,-0.8740234375
253.8,-160.205078125,-0.869140625
254.1,-159.375,-0.8642578125
254.4,-159.375,-0.8642578125
254.7,-159.375,-0.869140625
255.0,-159.375,-0.869140625
255.3,-159.375,-0.8642578125
255.6,-160.205078125,-0.869140625
255.9,-159.375,-0.869140625
256.2,-160.205078125,-0.869140625
256.5,-159.375,-0.869140625
256.8,-159.375,-0.869140625
257.1,-159.375,-0.869140625
257.4,-159.375,-0.869140625
257.7,-160.205078125,-0.869140625
258.0,-159.375,-0.869140625
258.3,-159.375,-0.869140625
258.6,-159.375,-0.8642578125
258.9,-159.375,-0.869140625
259.2,-159.375,-0.869140625
259.5,-159.375,-0.8642578125
259.8,-159.375,-0.8642578125
260.1,-160.205078125,-0.8642578125
260.4,-158.544921875,-0.869140625
260.7,-160.205078125,-0.869140625
261.0,-159.375,-0.869140625
261.3,-159.375,-0.869140625
261.6,-159.375,-0.869140625
261.9,-159.375,-0.8642578125
262.2,-159.375,-0.869140625
262.5,-159.375,-0.869140625
262.8,-159.375,-0.8642578125
263.1,-159.375,-0.869140625
263.4,-159.375,-0.869140625
263.7,-159.375,-0.8642578125
264.0,-159.375,-0.869140625
264.3,-159.375,-0.869140625
264.6,-159.375,-0.869140625
264.9,-159.375,-0.869140625
265.2,-159.375,-0.869140625
265.5,-159.375,-0.869140625
265.8,-159.375,-0.869140625
266.1,-159.375,-0.869140625
266.4,-159.375,-0.869140625
266.7,-159.375,-0.869140625
267.0,-159.375,-0.869140625
267.3,-159.375,-0.869140625
267.6,-160.205078125,-0.869140625
267.9,-159.375,-0.8642578125
268.2,-159.375,-0.869140625
268.5,-159.375,-0.869140625
268.8,-159.375,-0.869140625
269.1,-159.375,-0.8642578125
269.4,-160.205078125,-0.8642578125
269.7,-160.205078125,-0.8740234375
270.0,-159.375,-0.869140625
270.3,-159.375,-0.869140625
270.6,-160.205078125,-0.869140625
270.9,-159.375,-0.8642578125
271.2,-159.375,-0.869140625
271.5,-160.205078125,-0.869140625
271.8,-159.375,-0.869140625
272.1,-160.205078125,-0.8740234375
272.4,-159.375,-0.8642578125
272.7,-160.205078125,-0.869140625
273.0,-160.205078125,-0.869140625
273.3,-159.375,-0.869140625
273.6,-159.375,-0.869140625
273.9,-159.375,-0.869140625
274.2,-159.375,-0.869140625
274.5,-159.375,-0.8642578125
274.8,-159.375,-0.869140625
275.1,-159.375,-0.8642578125
275.4,-159.375,-0.869140625
275.7,-159.375,-0.869140625
276.0,-160.205078125,-0.869140625
276.3,-159.375,-0.8642578125
276.6,-159.375,-0.869140625
276.9,-158.544921875,-0.8642578125
277.2,-159.375,-0.869140625
277.5,-159.375,-0.869140625
277.8,-159.375,-0.869140625
278.1,-159.375,-0.869140625
278.4,-159.375,-0.869140625
278.7,-158.544921875,-0.869140625
279.0,-159.375,-0.869140625
279.3,-159.375,-0.869140625
279.6,-159.375,-0.869140625
279.9,-159.375,-0.8642578125
280.2,-160.205078125,-0.869140625
280.5,-159.375,-0.869140625
280.8,-159.375,-0.869140625
281.1,-159.375,-0.8642578125
281.4,-159.375,-0.869140625
281.7,-159.375,-0.869140625
282.0,-159.375,-0.869140625
282.3,-159.375,-0.869140625
282.6,-159.375,-0.869140625
282.9,-159.375,-0.869140625
283.2,-159.375,-0.869140625
283.5,-159.375,-0.869140625
283.8,-159.375,-0.869140625
284.1,-159.375,-0.869140625
284.4,-159.375,-0.8642578125
284.7,-159.375,-0.869140625
285.0,-159.375,-0.869140625
285.3,-159.375,-0.8642578125
285.6,-159.375,-0.869140625
285.9,-159.375,-0.869140625
286.2,-159.375,-0.869140625
286.5,-159.375,-0.8740234375
286.8,-159.375,-0.869140625
287.1,-159.375,-0.869140625
287.4,-159.375,-0.8642578125
287.7,-159.375,-0.869140625
288.0,-158.544921875,-0.869140625
288.3,-159.375,-0.869140625
288.6,-159.375,-0.869140625
288.9,-159.375,-0.869140625
289.2,-159.375,-0.869140625
289.5,-159.375,-0.869140625
289.8,-159.375,-0.869140625
290.1,-160.205078125,-0.869140625
290.4,-159.375,-0.869140625
290.7,-159.375,-0.869140625
291.0,-160.205078125,-0.869140625
291.3,-159.375,-0.869140625
291.6,-159.375,-0.8740234375
291.9,-159.375,-0.8642578125
292.2,-159.375,-0.869140625
292.5,-159.375,-0.8642578125
292.8,-159.375,-0.869140625
293.1,-160.205078125,-0.8642578125
293.4,-159.375,-0.8642578125
293.7,-160.205078125,-0.8642578125
294.0,-159.375,-0.869140625
294.3,-160.205078125,-0.869140625
294.6,-159.375,-0.869140625
294.9,-160.205078125,-0.869140625
295.2,-158.544921875,-0.869140625
295.5,-159.375,-0.8740234375
295.8,-159.375,-0.869140625
296.1,-159.375,-0.869140625
296.4,-160.205078125,-0.869140625
296.7,-159.375,-0.869140625
297.0,-159.375,-0.869140625
297.3,-159.375,-0.869140625
297.6,-159.375,-0.869140625
297.9,-159.375,-0.8642578125
298.2,-160.205078125,-0.869140625
298.5,-158.544921875,-0.869140625
298.8,-159.375,-0.8642578125
299.1,-159.375,-0.869140625
299.4,-160.205078125,-0.869140625
299.7,-159.375,-0.8740234375
300.0,-159.375,-0.869140625
300.3,-158.544921875,-0.8642578125
300.6,-159.375,-0.8740234375
300.9,-158.544921875,-0.869140625
301.2,-159.375,-0.869140625
301.5,-159.375,-0.869140625
301.8,-159.375,-0.869140625
302.1,-159.375,-0.8642578125
302.4,-159.375,-0.869140625
302.7,-159.375,-0.869140625
303.0,-159.375,-0.869140625
303.3,-159.375,-0.869140625
303.6,-160.205078125,-0.8642578125
303.9,-159.375,-0.8642578125
304.2,-160.205078125,-0.869140625
304.5,-159.375,-0.8642578125
304.8,-159.375,-0.869140625
305.1,-159.375,-0.869140625
305.4,-159.375,-0.869140625
305.7,-159.375,-0.869140625
306.0,-159.375,-0.8642578125
306.3,-159.375,-0.869140625
306.6,-158.544921875,-0.8642578125
306.9,-160.205078125,-0.869140625
307.2,-159.375,-0.869140625
307.5,-159.375,-0.869140625
307.8,-159.375,-0.869140625
308.1,-159.375,-0.8642578125
308.4,-159.375,-0.869140625
308.7,-160.205078125,-0.869140625
309.0,-159.375,-0.869140625
309.3,-159.375,-0.869140625
309.6,-159.375,-0.8642578125
309.9,-159.375,-0.869140625
310.2,-159.375,-0.869140625
310.5,-159.375,-0.869140625
310.8,-160.205078125,-0.869140625
311.1,-159.375,-0.869140625
311.4,-159.375,-0.8642578125
311.7,-160.205078125,-0.8642578125
312.0,-159.375,-0.869140625
312.3,-160.205078125,-0.8642578125
312.6,-159.375,-0.869140625
312.9,-159.375,-0.869140625
313.2,-158.544921875,-0.8642578125
313.5,-159.375,-0.869140625
313.8,-158.544921875,-0.8642578125
314.1,-159.375,-0.869140625
314.4,-159.375,-0.869140625
314.7,-159.375,-0.869140625
315.0,-159.375,-0.869140625
315.3,-159.375,-0.8642578125
315.6,-159.375,-0.869140625
315.9,-159.375,-0.8642578125
316.2,-159.375,-0.869140625
316.5,-160.205078125,-0.869140625
316.8,-159.375,-0.869140625
317.1,-159.375,-0.8642578125
317.4,-159.375,-0.869140625
317.7,-159.375,-0.869140625
318.0,-160.205078125,-0.869140625
318.3,-159.375,-0.8642578125
318.6,-159.375,-0.869140625
318.9,-159.375,-0.8642578125
319.2,-159.375,-0.869140625
319.5,-158.544921875,-0.869140625
319.8,-160.205078125,-0.869140625
320.1,-158.544921875,-0.869140625
320.4,-159.375,-0.869140625
320.7,-159.375,-0.869140625
321.0,-160.205078125,-0.869140625
321.3,-158.544921875,-0.8740234375
321.6,-159.375,-0.869140625
321.9,-159.375,-0.8642578125
322.2,-160.205078125,-0.869140625
322.5,-159.375,-0.8642578125
322.8,-159.375,-0.869140625
323.1,-159.375,-0.869140625
323.4,-159.375,-0.869140625
323.7,-159.375,-0.869140625
324.0,-159.375,-0.8642578125
324.3,-159.375,-0.869140625
324.6,-158.544921875,-0.8642578125
324.9,-159.375,-0.869140625
325.2,-159.375,-0.869140625
325.5,-159.375,-0.869140625
325.8,-159.375,-0.869140625
326.1,-159.375,-0.869140625
326.4,-159.375,-0.869140625
326.7,-159.375,-0.8642578125
327.0,-159.375,-0.869140625
327.3,-159.375,-0.869140625
327.6,-159.375,-0.869140625
327.9,-159.375,-0.869140625
328.2,-159.375,-0.8642578125
328.5,-159.375,-0.869140625
328.8,-159.375,-0.869140625
329.1,-159.375,-0.869140625
329.4,-159.375,-0.869140625
329.7,-159.375,-0.869140625
330.0,-159.375,-0.869140625
330.3,-159.375,-0.8642578125
330.6,-158.544921875,-0.8740234375
330.9,-160.205078125,-0.869140625
331.2,-159.375,-0.869140625
331.5,-159.375,-0.869140625
331.8,-159.375,-0.869140625
332.1,-160.205078125,-0.869140625
332.4,-159.375,-0.8740234375
332.7,-159.375,-0.8740234375
333.0,-159.375,-0.869140625
333.3,-158.544921875,-0.8740234375
333.6,-159.375,-0.869140625
333.9,-159.375,-0.869140625
334.2,-159.375,-0.869140625
334.5,-159.375,-0.869140625
334.8,-159.375,-0.869140625
335.1,-159.375,-0.8642578125
335.4,-158.544921875,-0.869140625
335.7,-160.205078125,-0.869140625
336.0,-159.375,-0.869140625
336.3,-159.375,-0.8740234375
336.6,-159.375,-0.8642578125
336.9,-159.375,-0.869140625
337.2,-158.544921875,-0.869140625
337.5,-159.375,-0.8642578125
337.8,-159.375,-0.869140625
338.1,-159.375,-0.8740234375
338.4,-159.375,-0.869140625
338.7,-158.544921875,-0.869140625
339.0,-159.375,-0.8642578125
339.3,-159.375,-0.869140625
339.6,-159.375,-0.869140625
339.9,-159.375,-0.869140625
340.2,-159.375,-0.869140625
340.5,-160.205078125,-0.869140625
340.8,-160.205078125,-0.869140625
341.1,-160.205078125,-0.869140625
341.4,-160.205078125,-0.869140625
341.7,-158.544921875,-0.869140625
342.0,-159.375,-0.869140625
342.3,-159.375,-0.869140625
342.6,-159.375,-0.8642578125
342.9,-159.375,-0.869140625
343.2,-159.375,-0.869140625
343.5,-160.205078125,-0.869140625
343.8,-159.375,-0.869140625
344.1,-160.205078125,-0.8642578125
344.4,-158.544921875,-0.869140625
344.7,-160.205078125,-0.869140625
345.0,-159.375,-0.869140625
345.3,-159.375,-0.869140625
345.6,-159.375,-0.8642578125
345.9,-159.375,-0.869140625
346.2,-159.375,-0.8642578125
346.5,-159.375,-0.869140625
346.8,-160.205078125,-0.869140625
347.1,-159.375,-0.869140625
347.4,-158.544921875,-0.869140625
347.7,-159.375,-0.869140625
348.0,-159.375,-0.869140625
348.3,-160.205078125,-0.869140625
348.6,-159.375,-0.8642578125
348.9,-159.375,-0.869140625
349.2,-159.375,-0.869140625
349.5,-159.375,-0.869140625
349.8,-159.375,-0.8642578125
350.1,-159.375,-0.869140625
350.4,-159.375,-0.869140625
350.7,-158.544921875,-0.869140625
351.0,-159.375,-0.869140625
351.3,-159.375,-0.869140625
351.6,-159.375,-0.869140625
351.9,-160.205078125,-0.869140625
352.2,-158.544921875,-0.869140625
352.5,-159.375,-0.8642578125
352.8,-159.375,-0.869140625
353.1,-158.544921875,-0.869140625
353.4,-159.375,-0.869140625
353.7,-159.375,-0.869140625
354.0,-159.375,-0.869140625
354.3,-159.375,-0.869140625
354.6,-159.375,-0.8642578125
354.9,-159.375,-0.869140625
355.2,-159.375,-0.869140625
355.5,-159.375,-0.869140625
355.8,-160.205078125,-0.8642578125
356.1,-159.375,-0.869140625
356.4,-159.375,-0.869140625
356.7,-159.375,-0.869140625
357.0,-159.375,-0.869140625
357.3,-159.375,-0.869140625
357.6,-158.544921875,-0.8740234375
357.9,-159.375,-0.869140625
358.2,-159.375,-0.869140625
358.5,-159.375,-0.869140625
358.8,-159.375,-0.8642578125
359.1,-159.375,-0.869140625
359.4,-159.375,-0.8740234375
359.7,-159.375,-0.8642578125
360.0,-160.205078125,-0.869140625
360.3,-159.375,-0.869140625
360.6,-159.375,-0.8642578125
360.9,-159.375,-0.869140625
361.2,-158.544921875,-0.869140625
361.5,-159.375,-0.869140625
361.8,-159.375,-0.869140625
362.1,-160.205078125,-0.869140625
362.4,-158.544921875,-0.869140625
362.7,-159.375,-0.869140625
363.0,-159.375,-0.8642578125
363.3,-158.544921875,-0.869140625
363.6,-159.375,-0.869140625
363.9,-159.375,-0.869140625
364.2,-159.375,-0.8642578125
364.5,-159.375,-0.8740234375
364.8,-159.375,-0.869140625
365.1,-159.375,-0.869140625
365.4,-159.375,-0.8642578125
365.7,-159.375,-0.869140625
366.0,-159.375,-0.869140625
366.3,-160.205078125,-0.869140625
366.6,-159.375,-0.8642578125
366.9,-160.205078125,-0.869140625
367.2,-159.375,-0.869140625
367.5,-158.544921875,-0.8642578125
367.8,-160.205078125,-0.869140625
368.1,-159.375,-0.869140625
368.4,-159.375,-0.869140625
368.7,-158.544921875,-0.869140625
369.0,-158.544921875,-0.869140625
369.3,-159.375,-0.869140625
369.6,-160.205078125,-0.8642578125
369.9,-158.544921875,-0.869140625
370.2,-159.375,-0.8642578125
370.5,-159.375,-0.869140625
370.8,-160.205078125,-0.869140625
371.1,-159.375,-0.869140625
371.4,-159.375,-0.8642578125
371.7,-158.544921875,-0.869140625
372.0,-159.375,-0.869140625
372.3,-159.375,-0.869140625
372.6,-159.375,-0.869140625
372.9,-159.375,-0.869140625
373.2,-158.544921875,-0.869140625
373.5,-159.375,-0.8642578125
373.8,-158.544921875,-0.869140625
374.1,-159.375,-0.869140625
374.4,-159.375,-0.869140625
374.7,-158.544921875,-0.869140625
375.0,-160.205078125,-0.869140625
375.3,-160.205078125,-0.869140625
375.6,-159.375,-0.8642578125
375.9,-159.375,-0.869140625
376.2,-159.375,-0.869140625
376.5,-159.375,-0.869140625
376.8,-159.375,-0.869140625
377.1,-159.375,-0.869140625
377.4,-159.375,-0.8740234375
377.7,-159.375,-0.8642578125
378.0,-159.375,-0.869140625
378.3,-159.375,-0.869140625
378.6,-159.375,-0.8642578125
378.9,-159.375,-0.869140625
379.2,-159.375,-0.869140625
379.5,-159.375,-0.869140625
379.8,-160.205078125,-0.869140625
380.1,-159.375,-0.869140625
380.4,-159.375,-0.869140625
380.7,-159.375,-0.8642578125
381.0,-159.375,-0.869140625
381.3,-159.375,-0.869140625
381.6,-159.375,-0.869140625
381.9,-158.544921875,-0.869140625
382.2,-159.375,-0.869140625
382.5,-159.375,-0.869140625
382.8,-159.375,-0.869140625
383.1,-159.375,-0.869140625
383.4,-159.375,-0.869140625
383.7,-158.544921875,-0.869140625
384.0,-159.375,-0.869140625
384.3,-160.205078125,-0.869140625
384.6,-159.375,-0.8642578125
384.9,-159.375,-0.869140625
385.2,-159.375,-0.869140625
385.5,-160.205078125,-0.8642578125
385.8,-159.375,-0.869140625
386.1,-159.375,-0.8642578125
386.4,-159.375,-0.869140625
386.7,-160.205078125,-0.8642578125
387.0,-159.375,-0.869140625
387.3,-160.205078125,-0.869140625
387.6,-159.375,-0.8642578125
387.9,-159.375,-0.869140625
388.2,-159.375,-0.869140625
388.5,-159.375,-0.869140625
388.8,-159.375,-0.869140625
389.1,-159.375,-0.869140625
389.4,-159.375,-0.869140625
389.7,-159.375,-0.869140625
390.0,-160.205078125,-0.869140625
390.3,-158.544921875,-0.869140625
390.6,-159.375,-0.869140625
390.9,-158.544921875,-0.869140625
391.2,-159.375,-0.869140625
391.5,-159.375,-0.869140625
391.8,-159.375,-0.8642578125
392.1,-159.375,-0.869140625
392.4,-159.375,-0.869140625
392.7,-159.375,-0.869140625
393.0,-159.375,-0.869140625
393.3,-159.375,-0.869140625
393.6,-159.375,-0.869140625
393.9,-160.205078125,-0.869140625
394.2,-159.375,-0.8642578125
394.5,-159.375,-0.869140625
394.8,-159.375,-0.869140625
395.1,-159.375,-0.869140625
395.4,-159.375,-0.869140625
395.7,-159.375,-0.8642578125
396.0,-160.205078125,-0.869140625
396.3,-159.375,-0.8642578125
396.6,-159.375,-0.869140625
396.9,-159.375,-0.8740234375
397.2,-160.205078125,-0.869140625
397.5,-160.205078125,-0.869140625
397.8,-159.375,-0.869140625
398.1,-160.205078125,-0.869140625
398.4,-158.544921875,-0.869140625
398.7,-159.375,-0.869140625
399.0,-159.375,-0.869140625
399.3,-159.375,-0.869140625
399.6,-159.375,-0.869140625
399.9,-160.205078125,-0.869140625
400.2,-158.544921875,-0.869140625
400.5,-160.205078125,-0.869140625
400.8,-158.544921875,-0.869140625
401.1,-159.375,-0.869140625
401.4,-159.375,-0.8642578125
401.7,-159.375,-0.869140625
402.0,-160.205078125,-0.869140625
402.3,-159.375,-0.8642578125
402.6,-159.375,-0.8642578125
402.9,-159.375,-0.8740234375
403.2,-159.375,-0.8642578125
403.5,-159.375,-0.869140625
403.8,-159.375,-0.869140625
404.1,-159.375,-0.869140625
404.4,-159.375,-0.869140625
404.7,-159.375,-0.8740234375
405.0,-160.205078125,-0.8740234375
405.3,-160.205078125,-0.8740234375
405.6,-159.375,-0.8642578125
405.9,-159.375,-0.869140625
406.2,-159.375,-0.8642578125
406.5,-160.205078125,-0.8740234375
406.8,-159.375,-0.8642578125
407.1,-160.205078125,-0.869140625
407.4,-159.375,-0.8642578125
407.7,-159.375,-0.869140625
408.0,-159.375,-0.869140625
408.3,-159.375,-0.8642578125
408.6,-159.375,-0.869140625
408.9,-159.375,-0.869140625
409.2,-159.375,-0.869140625
409.5,-159.375,-0.869140625
409.8,-160.205078125,-0.8642578125
410.1,-159.375,-0.8642578125
410.4,-159.375,-0.869140625
410.7,-158.544921875,-0.8642578125
411.0,-159.375,-0.869140625
411.3,-159.375,-0.869140625
411.6,-159.375,-0.869140625
411.9,-158.544921875,-0.8642578125
412.2,-159.375,-0.869140625
412.5,-159.375,-0.8740234375
412.8,-159.375,-0.869140625
413.1,-159.375,-0.8642578125
413.4,-159.375,-0.869140625
413.7,-159.375,-0.8642578125
414.0,-159.375,-0.869140625
414.3,-159.375,-0.869140625
414.6,-160.205078125,-0.869140625
414.9,-159.375,-0.8642578125
415.2,-160.205078125,-0.869140625
415.5,-159.375,-0.8642578125
415.8,-160.205078125,-0.869140625
416.1,-160.205078125,-0.8740234375
416.4,-159.375,-0.8642578125
416.7,-160.205078125,-0.869140625
417.0,-159.375,-0.869140625
417.3,-159.375,-0.869140625
417.6,-160.205078125,-0.869140625
417.9,-159.375,-0.869140625
418.2,-160.205078125,-0.8642578125
418.5,-159.375,-0.869140625
418.8,-159.375,-0.869140625
419.1,-158.544921875,-0.8642578125
419.4,-159.375,-0.869140625
419.7,-159.375,-0.8642578125
420.0,-160.205078125,-0.8642578125
420.3,-159.375,-0.869140625
420.6,-159.375,-0.869140625
420.9,-159.375,-0.869140625
421.2,-160.205078125,-0.869140625
421.5,-159.375,-0.869140625
421.8,-160.205078125,-0.869140625
422.1,-159.375,-0.8642578125
422.4,-159.375,-0.8642578125
422.7,-158.544921875,-0.869140625
423.0,-159.375,-0.869140625
423.3,-159.375,-0.869140625
423.6,-159.375,-0.869140625
423.9,-160.205078125,-0.869140625
424.2,-159.375,-0.8642578125
424.5,-161.03515625,-0.869140625
424.8,-158.544921875,-0.8642578125
425.1,-159.375,-0.869140625
425.4,-159.375,-0.869140625
425.7,-159.375,-0.8642578125
426.0,-159.375,-0.869140625
426.3,-159.375,-0.8642578125
426.6,-159.375,-0.869140625
426.9,-159.375,-0.869140625
427.2,-158.544921875,-0.869140625
427.5,-159.375,-0.869140625
427.8,-158.544921875,-0.8642578125
428.1,-159.375,-0.869140625
428.4,-159.375,-0.869140625
428.7,-159.375,-0.869140625
429.0,-159.375,-0.869140625
429.3,-160.205078125,-0.8642578125
429.6,-158.544921875,-0.8642578125
429.9,-159.375,-0.869140625
430.2,-159.375,-0.869140625
430.5,-159.375,-0.869140625
430.8,-159.375,-0.869140625
431.1,-159.375,-0.869140625
431.4,-159.375,-0.8642578125
431.7,-159.375,-0.869140625
432.0,-159.375,-0.869140625
432.3,-159.375,-0.8642578125
432.6,-159.375,-0.869140625
432.9,-159.375,-0.8642578125
433.2,-159.375,-0.869140625
433.5,-159.375,-0.869140625
433.8,-159.375,-0.869140625
434.1,-159.375,-0.869140625
434.4,-159.375,-0.869140625
434.7,-158.544921875,-0.869140625
435.0,-159.375,-0.869140625
435.3,-159.375,-0.869140625
435.6,-159.375,-0.8642578125
435.9,-159.375,-0.869140625
436.2,-159.375,-0.869140625
436.5,-159.375,-0.8642578125
436.8,-160.205078125,-0.869140625
437.1,-159.375,-0.869140625
437.4,-160.205078125,-0.869140625
437.7,-159.375,-0.869140625
438.0,-159.375,-0.869140625
438.3,-159.375,-0.869140625
438.6,-159.375,-0.869140625
438.9,-158.544921875,-0.869140625
439.2,-160.205078125,-0.8740234375
439.5,-159.375,-0.869140625
439.8,-159.375,-0.869140625
440.1,-160.205078125,-0.869140625
440.4,-160.205078125,-0.869140625
440.7,-159.375,-0.8642578125
441.0,-159.375,-0.869140625
441.3,-159.375,-0.869140625
441.6,-159.375,-0.869140625
441.9,-159.375,-0.8740234375
442.2,-159.375,-0.869140625
442.5,-159.375,-0.869140625
442.8,-159.375,-0.869140625
443.1,-160.205078125,-0.869140625
443.4,-159.375,-0.8642578125
443.7,-159.375,-0.869140625
444.0,-159.375,-0.8642578125
444.3,-159.375,-0.869140625
444.6,-159.375,-0.869140625
444.9,-159.375,-0.869140625
445.2,-159.375,-0.869140625
445.5,-159.375,-0.8642578125
445.8,-158.544921875,-0.8642578125
446.1,-159.375,-0.8642578125
446.4,-159.375,-0.869140625
446.7,-160.205078125,-0.869140625
447.0,-159.375,-0.869140625
447.3,-160.205078125,-0.8642578125
447.6,-158.544921875,-0.8642578125
447.9,-159.375,-0.869140625
448.2,-159.375,-0.869140625
448.5,-158.544921875,-0.869140625
448.8,-160.205078125,-0.869140625
449.1,-159.375,-0.869140625
449.4,-159.375,-0.869140625
449.7,-160.205078125,-0.8642578125
450.0,-159.375,-0.869140625
450.3,-159.375,-0.869140625
450.6,-159.375,-0.869140625
450.9,-160.205078125,-0.8642578125
451.2,-159.375,-0.8642578125
451.5,-159.375,-0.869140625
451.8,-159.375,-0.8642578125
452.1,-159.375,-0.869140625
452.4,-159.375,-0.869140625
452.7,-159.375,-0.869140625
453.0,-159.375,-0.869140625
453.3,-159.375,-0.869140625
453.6,-159.375,-0.869140625
453.9,-160.205078125,-0.869140625
454.2,-159.375,-0.869140625
454.5,-159.375,-0.8642578125
454.8,-159.375,-0.869140625
455.1,-160.205078125,-0.869140625
455.4,-159.375,-0.869140625
455.7,-159.375,-0.869140625
456.0,-159.375,-0.8642578125
456.3,-159.375,-0.8740234375
456.6,-158.544921875,-0.869140625
456.9,-159.375,-0.869140625
457.2,-159.375,-0.8642578125
457.5,-159.375,-0.869140625
457.8,-159.375,-0.8642578125
458.1,-159.375,-0.869140625
458.4,-159.375,-0.8642578125
458.7,-160.205078125,-0.8642578125
459.0,-159.375,-0.869140625
459.3,-159.375,-0.869140625
459.6,-159.375,-0.869140625
459.9,-159.375,-0.8740234375
460.2,-159.375,-0.869140625
460.5,-159.375,-0.869140625
460.8,-160.205078125,-0.869140625
461.1,-159.375,-0.869140625
461.4,-159.375,-0.8642578125
461.7,-158.544921875,-0.869140625
462.0,-157.71484375,-0.8642578125
462.3,-159.375,-0.869140625
462.6,-159.375,-0.869140625
462.9,-159.375,-0.8642578125
463.2,-159.375,-0.8642578125
463.5,-159.375,-0.8642578125
463.8,-159.375,-0.869140625
464.1,-160.205078125,-0.8642578125
464.4,-159.375,-0.8642578125
464.7,-159.375,-0.8740234375
465.0,-159.375,-0.869140625
465.3,-159.375,-0.869140625
465.6,-159.375,-0.8642578125
465.9,-159.375,-0.869140625
466.2,-160.205078125,-0.869140625
466.5,-159.375,-0.869140625
466.8,-159.375,-0.869140625
467.1,-159.375,-0.869140625
467.4,-159.375,-0.869140625
467.7,-159.375,-0.869140625
468.0,-159.375,-0.869140625
468.3,-159.375,-0.8642578125
468.6,-159.375,-0.869140625
468.9,-159.375,-0.869140625
469.2,-159.375,-0.8642578125
469.5,-159.375,-0.869140625
469.8,-159.375,-0.869140625
