0.0,-441.89453125,-0.1220703125
0.3,-436.5234375,0.2783203125
0.6,-445.3125,0.458984375
0.9,-442.87109375,0.7958984375
1.2,-432.12890625,0.6201171875
1.5,-420.41015625,0.634765625
1.8,-425.29296875,0.595703125
2.1,-419.921875,0.458984375
2.4,-416.50390625,0.4736328125
2.7,-418.45703125,0.6640625
3.0,-404.78515625,0.732421875
3.3,-394.53125,0.9521484375
3.6,-404.78515625,0.68359375
3.9,-399.4140625,0.3271484375
4.2,-409.66796875,0.400390625
4.5,-394.04296875,0.4345703125
4.8,-387.6953125,0.46875
5.1,-369.140625,0.52734375
5.4,-372.0703125,0.5126953125
5.7,-346.19140625,0.4638671875
6.0,-330.078125,0.5517578125
6.3,-315.4296875,0.537109375
6.6,-243.65234375,0.625
6.9,-307.6171875,0.7666015625
7.2,-259.27734375,0.83984375
7.5,-9.765625,8.6572265625
7.8,-9.27734375,9.9951171875
8.1,-10.25390625,9.9951171875
8.4,-9.765625,9.9951171875
8.7,-9.765625,9.9951171875
9.0,-9.27734375,9.9951171875
9.3,-9.765625,9.9951171875
9.6,-9.27734375,9.9951171875
9.9,-10.25390625,9.9951171875
10.2,-9.765625,9.9951171875
10.5,-10.25390625,9.9951171875
10.8,-9.765625,9.9951171875
11.1,-10.25390625,9.9951171875
11.4,-9.27734375,9.9951171875
11.7,-9.765625,9.9951171875
12.0,-728.515625,9.9951171875
12.3,-729.00390625,9.9951171875
12.6,-729.98046875,9.9951171875
12.9,-730.46875,9.9951171875
13.2,-731.93359375,9.9951171875
13.5,-731.93359375,9.9951171875
13.8,-732.421875,9.9951171875
14.1,-732.91015625,9.9951171875
14.4,-733.3984375,9.9951171875
14.7,-733.88671875,9.9951171875
15.0,-735.83984375,9.9951171875
15.3,-735.3515625,9.9951171875
15.6,-736.328125,9.9951171875
15.9,-735.83984375,9.9951171875
16.2,-736.81640625,9.9951171875
16.5,-737.79296875,9.9951171875
16.8,-738.76953125,9.9951171875
17.1,-739.74609375,9.9951171875
17.4,-740.234375,9.8095703125
17.7,-740.72265625,8.662109375
18.0,-741.2109375,7.3876953125
18.3,-742.1875,6.3720703125
18.6,-742.67578125,5.9033203125
18.9,-742.67578125,5.341796875
19.2,-742.67578125,4.55078125
19.5,-744.140625,3.8427734375
19.8,-744.62890625,3.6865234375
20.1,-745.60546875,3.076171875
20.4,-746.09375,2.3681640625
20.7,-746.58203125,2.08984375
21.0,-747.55859375,1.8798828125
21.3,-748.046875,1.9140625
21.6,-749.0234375,1.4892578125
21.9,-749.0234375,1.11328125
22.2,-750.0,1.3818359375
22.5,-750.9765625,0.9716796875
22.8,-751.953125,0.9521484375
23.1,-752.44140625,0.927734375
23.4,-751.953125,0.4443359375
23.7,-752.9296875,0.185546875
24.0,-752.9296875,-0.078125
24.3,-754.8828125,-0.107421875
24.6,-754.8828125,0.25390625
24.9,-755.859375,0.1171875
25.2,-755.859375,0.5078125
25.5,-756.8359375,0.4296875
25.8,-757.32421875,0.5322265625
26.1,-758.30078125,0.4541015625
26.4,-758.7890625,0.283203125
26.7,-759.765625,0.05859375
27.0,-759.765625,0.498046875
27.3,-760.25390625,0.3466796875
27.6,-760.7421875,0.107421875
27.9,-761.23046875,0.009765625
28.2,-762.20703125,0.3955078125
28.5,-763.18359375,0.4638671875
28.8,-763.18359375,0.712890625
29.1,-764.16015625,0.3466796875
29.4,-764.6484375,0.322265625
29.7,-764.6484375,0.3955078125
30.0,-766.6015625,0.44921875
30.3,-766.6015625,0.4345703125
30.6,-768.06640625,0.29296875
30.9,-767.578125,0.5078125
31.2,-768.06640625,0.615234375
31.5,-768.5546875,0.732421875
31.8,-769.53125,0.6494140625
32.1,-770.5078125,0.712890625
32.4,-771.484375,1.064453125
32.7,-771.484375,0.8935546875
33.0,-771.97265625,0.966796875
33.3,-772.4609375,0.6005859375
33.6,-773.4375,0.1904296875
33.9,-773.92578125,-0.419921875
34.2,-774.90234375,-0.1806640625
34.5,-775.390625,0.0341796875
34.8,-775.87890625,-0.2099609375
35.1,-777.34375,-0.2294921875
35.4,-777.34375,0.2294921875
35.7,-778.3203125,0.6201171875
36.0,-777.83203125,0.4345703125
36.3,-778.80859375,0.5859375
36.6,-779.296875,0.3466796875
36.9,-780.76171875,0.4443359375
37.2,-781.25,0.5615234375
37.5,-781.25,0.2685546875
0.0,-785.15625,0.341796875
0.3,-786.1328125,0.4150390625
0.6,-786.1328125,0.3271484375
0.9,-787.109375,0.0927734375
1.2,-786.62109375,-0.1904296875
1.5,-788.57421875,-0.5224609375
1.8,-789.0625,-0.2001953125
2.1,-790.0390625,-0.009765625
2.4,-790.0390625,0.1123046875
2.7,-791.015625,0.078125
3.0,-791.015625,0.5078125
3.3,-792.48046875,0.390625
3.6,-792.96875,0.576171875
3.9,-793.9453125,0.4443359375
4.2,-793.9453125,0.8154296875
4.5,-793.9453125,0.634765625
4.8,-794.921875,0.625
5.1,-795.41015625,0.703125
5.4,-796.875,0.8984375
5.7,-796.875,1.015625
6.0,-797.36328125,1.0107421875
6.3,-798.33984375,1.4697265625
6.6,-799.8046875,1.2890625
6.9,-799.8046875,1.6259765625
7.2,-799.8046875,1.40625
7.5,-800.29296875,1.357421875
7.8,-801.26953125,1.58203125
8.1,-802.24609375,1.4306640625
8.4,-803.22265625,0.91796875
8.7,-802.734375,0.9130859375
9.0,-803.7109375,0.732421875
9.3,-803.7109375,0.1025390625
9.6,-805.17578125,0.146484375
9.9,-806.15234375,0.185546875
10.2,-806.640625,0.1953125
10.5,-807.12890625,0.0146484375
10.8,-807.12890625,-0.0146484375
11.1,-808.10546875,0.1123046875
11.4,-808.59375,0.390625
11.7,-809.5703125,0.5224609375
12.0,-811.03515625,0.390625
12.3,-811.03515625,0.595703125
12.6,-811.03515625,1.0302734375
12.9,-812.01171875,1.0302734375
13.2,-812.5,0.76171875
13.5,-812.5,0.5908203125
13.8,-813.4765625,0.5517578125
14.1,-813.96484375,0.5615234375
14.4,-815.4296875,0.4345703125
14.7,-815.4296875,0.09765625
15.0,-816.89453125,0.1904296875
15.3,-816.40625,0.1513671875
15.6,-817.3828125,-0.0244140625
15.9,-817.87109375,-0.1708984375
16.2,-818.84765625,-0.05859375
16.5,-819.3359375,-0.2197265625
16.8,-820.3125,0.0927734375
17.1,-820.3125,0.29296875
17.4,-820.80078125,0.1025390625
17.7,-821.2890625,0.15625
18.0,-822.265625,0.0732421875
18.3,-823.2421875,0.4638671875
18.6,-824.21875,0.3369140625
18.9,-824.70703125,0.546875
19.2,-824.70703125,0.5078125
19.5,-825.68359375,0.625
19.8,-825.68359375,0.3759765625
20.1,-826.66015625,0.3759765625
20.4,-827.63671875,0.21484375
20.7,-828.61328125,0.4296875
21.0,-828.125,0.44921875
21.3,-829.1015625,-0.029296875
21.6,-829.1015625,-0.2001953125
21.9,-830.56640625,-0.7177734375
22.2,-831.54296875,-0.7861328125
22.5,-832.03125,-0.9814453125
22.8,-832.51953125,-1.07421875
23.1,-833.0078125,-0.5859375
23.4,-833.0078125,-0.6005859375
23.7,-833.984375,-0.80078125
24.0,-834.47265625,-0.693359375
24.3,-835.9375,-0.703125
24.6,-836.9140625,-0.41015625
24.9,-836.9140625,-0.576171875
25.2,-836.9140625,-0.5908203125
25.5,-837.40234375,-0.46875
25.8,-838.8671875,-0.6494140625
26.1,-839.35546875,-0.7080078125
26.4,-840.33203125,-0.9130859375
26.7,-840.33203125,-1.3232421875
27.0,-840.8203125,-1.0009765625
27.3,-841.796875,-0.83984375
27.6,-842.28515625,-0.9326171875
27.9,-842.7734375,-0.771484375
28.2,-844.23828125,-0.7470703125
28.5,-844.23828125,-0.419921875
28.8,-845.21484375,-0.1953125
29.1,-846.19140625,0.2685546875
29.4,-846.19140625,-0.0048828125
29.7,-846.19140625,-0.3662109375
30.0,-847.16796875,-0.3369140625
30.3,-848.14453125,-0.3271484375
30.6,-848.6328125,-0.6396484375
30.9,-849.609375,-0.634765625
31.2,-850.09765625,-0.6005859375
31.5,-850.09765625,-0.625
31.8,-851.07421875,-0.6201171875
32.1,-851.5625,-0.9375
32.4,-853.02734375,-0.9423828125
32.7,-853.515625,-0.9765625
33.0,-854.4921875,-1.103515625
33.3,-854.00390625,-1.3525390625
33.6,-854.4921875,-1.2109375
33.9,-854.98046875,-1.0546875
34.2,-856.4453125,-1.0302734375
34.5,-856.93359375,-0.78125
34.8,-857.421875,-0.3076171875
35.1,-857.421875,-0.5126953125
35.4,-857.91015625,-0.37109375
35.7,-858.3984375,-0.5078125
36.0,-859.375,-0.4736328125
36.3,-860.83984375,-0.17578125
36.6,-861.328125,-0.2197265625
36.9,-861.81640625,-0.146484375
37.2,-862.79296875,-0.341796875
37.5,-862.79296875,-0.3466796875
37.8,-863.76953125,-0.4736328125
38.1,-863.76953125,-0.2880859375
38.4,-865.234375,-0.1904296875
38.7,-865.72265625,0.087890625
39.0,-865.72265625,-0.009765625
39.3,-866.2109375,-0.29296875
39.6,-867.1875,-0.3857421875
39.9,-867.67578125,-0.0439453125
40.2,-869.140625,0.01953125
40.5,-869.140625,-0.2001953125
40.8,-870.1171875,-0.634765625
41.1,-870.1171875,-0.78125
41.4,-870.60546875,-1.03515625
41.7,-871.09375,-1.162109375
42.0,-872.0703125,-1.4501953125
42.3,-873.53515625,-1.318359375
42.6,-873.53515625,-1.0791015625
42.9,-874.0234375,-0.927734375
43.2,-874.0234375,-0.64453125
43.5,-875.0,-0.5712890625
43.8,-729.4921875,-0.3466796875
44.1,-730.46875,-0.2978515625
44.4,-730.46875,-0.126953125
44.7,-730.95703125,-0.2685546875
45.0,-730.95703125,-0.126953125
45.3,-732.91015625,0.05859375
45.6,-732.91015625,0.224609375
45.9,-734.375,0.17578125
46.2,-734.86328125,0.009765625
46.5,-734.86328125,0.234375
46.8,-735.3515625,0.2392578125
47.1,-735.3515625,0.56640625
47.4,-736.81640625,0.6787109375
47.7,-737.79296875,0.458984375
48.0,-737.79296875,0.1220703125
48.3,-739.2578125,-0.0927734375
48.6,-739.74609375,-0.1416015625
48.9,-740.234375,0.146484375
49.2,-740.72265625,0.537109375
49.5,-741.2109375,0.4931640625
49.8,-742.67578125,0.3173828125
50.1,-742.67578125,0.224609375
50.4,-743.1640625,0.0
50.7,-743.65234375,0.0439453125
51.0,-744.62890625,0.0048828125
51.3,-745.60546875,-0.1708984375
51.6,-745.1171875,-0.2734375
51.9,-747.0703125,-0.68359375
52.2,-747.0703125,-0.341796875
52.5,-747.55859375,-0.4345703125
52.8,-747.55859375,-0.1953125
53.1,-748.53515625,0.4296875
53.4,-749.0234375,0.3125
53.7,-750.48828125,0.8740234375
54.0,-750.9765625,0.7763671875
54.3,-751.953125,1.044921875
54.6,-751.46484375,0.9130859375
54.9,-751.46484375,0.6787109375
55.2,-752.9296875,0.146484375
55.5,-753.90625,0.361328125
55.8,-754.8828125,0.15625
56.1,-754.39453125,0.322265625
56.4,-755.37109375,0.546875
56.7,-756.34765625,0.8251953125
57.0,-756.8359375,0.7666015625
57.3,-757.8125,1.1767578125
57.6,-758.30078125,1.1669921875
57.9,-758.30078125,1.0498046875
58.2,-759.765625,1.142578125
58.5,-759.765625,1.1767578125
58.8,-760.7421875,1.2939453125
59.1,-761.71875,0.87890625
59.4,-762.6953125,0.60546875
59.7,-762.6953125,0.2490234375
60.0,-763.18359375,0.01953125
60.3,-763.671875,-0.21484375
60.6,-764.6484375,0.0439453125
60.9,-765.13671875,0.1611328125
61.2,-765.625,0.5078125
61.5,-766.6015625,0.9765625
61.8,-767.08984375,1.064453125
62.1,-768.06640625,0.9375
62.4,-768.06640625,0.9423828125
62.7,-769.04296875,0.8642578125
63.0,-768.5546875,1.064453125
63.3,-770.01953125,1.1083984375
63.6,-770.99609375,0.99609375
63.9,-771.97265625,0.830078125
64.2,-772.4609375,0.8544921875
64.5,-772.4609375,0.966796875
64.8,-772.94921875,0.68359375
65.1,-773.4375,0.7373046875
65.4,-774.4140625,0.595703125
65.7,-775.390625,0.6201171875
66.0,-776.3671875,0.1513671875
66.3,-775.87890625,0.0537109375
66.6,-776.85546875,0.234375
66.9,-777.34375,0.3271484375
67.2,-777.83203125,0.1171875
67.5,-779.296875,0.3271484375
67.8,-779.78515625,0.458984375
68.1,-779.78515625,0.3662109375
68.4,-780.2734375,0.46875
68.7,-781.25,0.6103515625
69.0,-782.2265625,0.712890625
69.3,-782.71484375,0.712890625
69.6,-782.71484375,0.2685546875
69.9,-783.69140625,0.2978515625
70.2,-784.66796875,0.166015625
70.5,-785.15625,0.029296875
70.8,-786.62109375,-0.244140625
71.1,-786.1328125,0.09765625
71.4,-786.62109375,-0.1318359375
71.7,-787.109375,-0.283203125
72.0,-788.0859375,-0.400390625
72.3,-788.57421875,-0.4052734375
72.6,-790.0390625,-0.673828125
72.9,-790.0390625,-0.64453125
73.2,-791.015625,-0.859375
73.5,-791.50390625,-0.8935546875
73.8,-791.9921875,-0.9375
74.1,-791.9921875,-1.025390625
74.4,-792.96875,-0.8447265625
74.7,-793.9453125,-0.859375
75.0,-794.921875,-0.4345703125
75.3,-795.41015625,-0.5126953125
75.6,-795.8984375,-0.283203125
75.9,-795.8984375,-0.185546875
76.2,-796.875,-0.1708984375
76.5,-796.875,-0.1025390625
76.8,-798.33984375,0.05859375
77.1,-799.31640625,0.1318359375
77.4,-799.31640625,0.21484375
77.7,-799.8046875,0.05859375
78.0,-800.29296875,-0.4150390625
78.3,-800.78125,-0.4541015625
78.6,-802.24609375,-0.4833984375
78.9,-802.734375,-0.595703125
79.2,-803.7109375,-0.8837890625
79.5,-803.7109375,-0.4541015625
79.8,-804.19921875,-0.44921875
80.1,-805.17578125,-0.56640625
80.4,-805.17578125,-0.1171875
80.7,-807.12890625,0.224609375
81.0,-806.640625,0.4443359375
81.3,-807.6171875,0.3173828125
81.6,-808.10546875,0.4296875
81.9,-809.08203125,0.078125
82.2,-809.08203125,0.2734375
82.5,-809.5703125,0.205078125
82.8,-810.05859375,-0.0634765625
83.1,-811.5234375,-0.0146484375
83.4,-811.5234375,0.029296875
83.7,-812.5,0.1416015625
84.0,-812.01171875,0.3564453125
84.3,-813.4765625,0.52734375
84.6,-814.453125,0.537109375
84.9,-815.4296875,0.7373046875
85.2,-815.91796875,0.5859375
85.5,-815.4296875,0.791015625
85.8,-817.3828125,-0.8642578125
86.1,-816.89453125,1.0107421875
86.4,-817.3828125,3.8427734375
86.7,-817.87109375,3.5791015625
87.0,-819.3359375,1.8310546875
87.3,-819.82421875,0.5029296875
87.6,-820.80078125,0.0341796875
87.9,-820.80078125,0.458984375
88.2,-822.265625,-1.09375
88.5,-821.77734375,-0.8984375
88.8,-822.75390625,-0.7080078125
89.1,-823.2421875,-0.595703125
89.4,-824.70703125,-0.5224609375
89.7,-825.1953125,-0.3369140625
90.0,-825.1953125,-0.2294921875
90.3,-825.68359375,-0.185546875
90.6,-826.171875,-0.166015625
90.9,-827.1484375,-0.2001953125
91.2,-828.125,-0.2880859375
91.5,-828.61328125,-0.2783203125
91.8,-829.58984375,-0.2099609375
92.1,-829.58984375,-0.126953125
92.4,-830.078125,-0.0244140625
92.7,-831.0546875,-0.0244140625
93.0,-831.54296875,0.0341796875
93.3,-833.0078125,0.029296875
93.6,-833.0078125,0.05859375
93.9,-833.49609375,0.0048828125
94.2,-834.47265625,0.0
94.5,-835.44921875,0.05859375
94.8,-834.9609375,-0.0537109375
95.1,-835.9375,-0.0146484375
95.4,-836.42578125,0.01953125
95.7,-836.9140625,0.1220703125
96.0,-837.890625,0.087890625
96.3,-838.37890625,0.087890625
96.6,-839.35546875,-0.009765625
96.9,-839.84375,-0.0439453125
97.2,-840.33203125,-0.1318359375
97.5,-840.8203125,-0.087890625
97.8,-841.30859375,-0.0439453125
98.1,-842.28515625,-0.107421875
98.4,-842.7734375,-0.0146484375
98.7,-843.75,0.0439453125
99.0,-843.75,0.078125
99.3,-844.23828125,-0.0146484375
99.6,-845.703125,0.048828125
99.9,-845.703125,0.0732421875
100.2,-846.6796875,0.0146484375
100.5,-847.16796875,0.0634765625
100.8,-847.65625,-0.048828125
101.1,-848.14453125,-0.029296875
101.4,-848.6328125,0.0439453125
101.7,-849.609375,0.0439453125
102.0,-850.5859375,0.01953125
102.3,-851.07421875,0.048828125
102.6,-852.05078125,0.029296875
102.9,-852.05078125,0.05859375
103.2,-852.5390625,0.107421875
103.5,-852.5390625,0.0244140625
103.8,-854.4921875,0.0439453125
104.1,-854.98046875,0.1708984375
104.4,-855.95703125,0.21484375
104.7,-855.46875,0.1904296875
105.0,-856.4453125,0.224609375
105.3,-856.93359375,0.244140625
105.6,-857.91015625,0.3515625
105.9,-858.3984375,0.48828125
106.2,-859.375,0.5029296875
106.5,-859.86328125,0.46875
106.8,-859.86328125,0.4833984375
107.1,-859.86328125,0.5126953125
107.4,-860.83984375,0.52734375
107.7,-861.81640625,0.4931640625
108.0,-863.28125,0.56640625
108.3,-863.76953125,0.5224609375
108.6,-864.2578125,0.44921875
108.9,-864.2578125,0.3662109375
109.2,-864.74609375,0.322265625
109.5,-865.72265625,0.390625
109.8,-867.1875,0.3759765625
110.1,-867.1875,0.4248046875
110.4,-867.67578125,0.48828125
110.7,-868.1640625,0.5419921875
111.0,-868.1640625,0.41015625
111.3,-869.62890625,0.48828125
111.6,-870.1171875,0.4638671875
111.9,-871.09375,0.3173828125
112.2,-871.58203125,0.2392578125
112.5,-871.58203125,0.224609375
112.8,-872.0703125,0.1904296875
113.1,-873.046875,0.1904296875
113.4,-874.0234375,0.13671875
113.7,-875.0,0.1220703125
114.0,-875.48828125,0.087890625
114.3,-875.9765625,0.1904296875
114.6,-728.515625,0.3515625
114.9,-729.98046875,0.2490234375
115.2,-730.95703125,0.322265625
115.5,-731.93359375,0.2978515625
115.8,-732.421875,0.3125
116.1,-732.91015625,0.400390625
116.4,-733.3984375,0.2880859375
116.7,-733.3984375,0.1806640625
117.0,-734.86328125,0.0927734375
117.3,-735.3515625,0.1708984375
117.6,-736.328125,0.205078125
117.9,-736.81640625,0.1708984375
118.2,-737.3046875,0.283203125
118.5,-737.79296875,0.380859375
118.8,-738.76953125,0.4443359375
119.1,-738.76953125,0.4443359375
119.4,-740.234375,0.341796875
119.7,-740.72265625,0.302734375
120.0,-741.69921875,0.2001953125
120.3,-741.2109375,0.234375
120.6,-742.1875,0.1708984375
120.9,-742.67578125,0.0634765625
121.2,-744.140625,0.1220703125
121.5,-744.140625,0.1708984375
121.8,-745.1171875,0.224609375
122.1,-745.1171875,0.146484375
122.4,-746.09375,0.0537109375
122.7,-746.09375,0.0439453125
123.0,-747.55859375,0.0927734375
123.3,-748.53515625,0.166015625
123.6,-749.0234375,0.1513671875
123.9,-749.51171875,0.1953125
124.2,-749.51171875,0.2490234375
124.5,-750.0,0.1806640625
124.8,-750.9765625,0.166015625
125.1,-751.46484375,0.1171875
125.4,-752.9296875,0.1123046875
125.7,-753.41796875,0.302734375
126.0,-753.41796875,0.2197265625
126.3,-754.39453125,0.1513671875
126.6,-754.39453125,0.1220703125
126.9,-755.859375,0.205078125
127.2,-756.34765625,0.2685546875
127.5,-757.32421875,0.2099609375
127.8,-757.8125,0.2001953125
128.1,-757.8125,0.1416015625
128.4,-757.8125,0.087890625
128.7,-758.7890625,0.2099609375
129.0,-759.765625,0.1953125
129.3,-760.7421875,0.2734375
129.6,-761.23046875,0.33203125
129.9,-762.20703125,0.2392578125
130.2,-761.71875,0.2880859375
130.5,-762.6953125,0.263671875
130.8,-763.671875,0.3125
131.1,-764.6484375,0.2099609375
131.4,-764.6484375,0.1123046875
131.7,-765.13671875,0.0341796875
132.0,-765.13671875,0.087890625
132.3,-767.08984375,0.1611328125
132.6,-767.08984375,0.107421875
132.9,-767.578125,0.1318359375
133.2,-768.06640625,0.1513671875
133.5,-769.04296875,0.107421875
133.8,-770.01953125,0.0830078125
134.1,-770.99609375,0.21484375
134.4,-770.99609375,0.2099609375
134.7,-770.99609375,0.244140625
135.0,-771.97265625,0.1806640625
135.3,-772.94921875,0.2734375
135.6,-773.92578125,0.3076171875
135.9,-774.4140625,0.2392578125
136.2,-774.90234375,0.205078125
136.5,-774.90234375,0.1904296875
136.8,-776.3671875,0.078125
137.1,-776.85546875,0.1513671875
137.4,-777.83203125,0.1904296875
137.7,-777.34375,0.17578125
0.0,-788.57421875,0.263671875
0.3,-789.0625,0.361328125
0.6,-788.57421875,0.37109375
0.9,-789.55078125,0.322265625
1.2,-790.0390625,0.21484375
1.5,-791.50390625,0.185546875
1.8,-792.48046875,0.1708984375
2.1,-792.48046875,0.224609375
2.4,-792.48046875,0.1904296875
2.7,-792.96875,0.2734375
3.0,-793.45703125,0.1904296875
3.3,-794.921875,0.1904296875
3.6,-795.41015625,0.2099609375
3.9,-796.875,0.087890625
4.2,-796.875,0.078125
4.5,-796.875,0.15625
4.8,-796.38671875,0.2392578125
5.1,-798.828125,0.21484375
5.4,-798.828125,0.263671875
5.7,-798.828125,0.263671875
6.0,-800.78125,0.302734375
6.3,-801.26953125,0.29296875
6.6,-801.7578125,0.21484375
6.9,-802.24609375,0.0732421875
7.2,-802.734375,-0.0439453125
7.5,-803.22265625,-0.0537109375
7.8,-804.19921875,-0.1318359375
8.1,-805.17578125,0.0048828125
8.4,-805.6640625,0.17578125
8.7,-806.15234375,0.146484375
9.0,-806.640625,0.17578125
9.3,-807.12890625,0.1708984375
9.6,-807.6171875,0.1708984375
9.9,-808.10546875,0.1318359375
10.2,-809.08203125,0.1806640625
10.5,-809.5703125,0.2392578125
10.8,-810.546875,0.2734375
11.1,-810.546875,0.2783203125
11.4,-811.5234375,0.25390625
11.7,-812.5,0.234375
12.0,-812.98828125,0.2685546875
12.3,-813.4765625,0.234375
12.6,-813.96484375,0.263671875
12.9,-813.96484375,0.3271484375
13.2,-814.94140625,0.33203125
13.5,-815.91796875,0.4052734375
13.8,-816.89453125,0.4052734375
14.1,-817.3828125,0.4736328125
14.4,-817.3828125,0.5322265625
14.7,-817.87109375,0.3955078125
15.0,-818.84765625,0.3271484375
15.3,-819.3359375,0.3271484375
15.6,-820.80078125,0.302734375
15.9,-820.80078125,0.146484375
16.2,-821.2890625,0.0244140625
16.5,-821.77734375,0.01953125
16.8,-822.265625,-0.009765625
17.1,-822.75390625,0.0732421875
17.4,-824.70703125,0.0
17.7,-824.70703125,-0.0439453125
18.0,-825.68359375,0.0
18.3,-825.1953125,0.0634765625
18.6,-826.171875,0.1318359375
18.9,-826.66015625,0.09765625
19.2,-827.63671875,0.0732421875
19.5,-828.61328125,0.0
19.8,-829.1015625,-0.01953125
20.1,-829.58984375,0.0390625
20.4,-829.58984375,0.1171875
20.7,-830.56640625,0.1953125
21.0,-831.0546875,0.341796875
21.3,-832.51953125,0.2734375
21.6,-833.0078125,0.2197265625
21.9,-833.0078125,0.185546875
22.2,-834.47265625,0.2392578125
22.5,-833.984375,0.17578125
22.8,-834.9609375,0.2099609375
23.1,-835.44921875,0.185546875
23.4,-836.42578125,0.17578125
23.7,-837.40234375,0.1171875
24.0,-837.890625,0.0341796875
24.3,-837.890625,0.126953125
24.6,-839.35546875,0.1123046875
24.9,-838.8671875,0.1513671875
25.2,-840.33203125,0.185546875
25.5,-840.8203125,0.2197265625
25.8,-841.30859375,0.185546875
26.1,-841.796875,0.2001953125
26.4,-842.7734375,0.15625
26.7,-843.26171875,0.05859375
27.0,-844.23828125,0.009765625
27.3,-844.7265625,0.029296875
27.6,-845.21484375,0.0537109375
27.9,-844.7265625,0.087890625
28.2,-845.703125,0.224609375
28.5,-846.6796875,0.3125
28.8,-847.16796875,0.3271484375
29.1,-848.6328125,0.2099609375
29.4,-848.6328125,0.068359375
29.7,-849.12109375,0.13671875
30.0,-850.5859375,0.09765625
30.3,-850.5859375,0.126953125
30.6,-851.07421875,0.1318359375
30.9,-851.07421875,0.166015625
31.2,-852.5390625,0.2880859375
31.5,-853.515625,0.2685546875
31.8,-854.4921875,0.2880859375
32.1,-854.4921875,0.33203125
32.4,-854.98046875,0.4150390625
32.7,-854.98046875,0.341796875
33.0,-856.4453125,0.3173828125
33.3,-856.4453125,0.2880859375
33.6,-857.91015625,0.2880859375
33.9,-858.3984375,0.263671875
34.2,-858.3984375,0.2587890625
34.5,-858.88671875,0.205078125
34.8,-859.86328125,0.1904296875
35.1,-860.3515625,0.1513671875
35.4,-861.81640625,0.126953125
35.7,-862.3046875,0.0927734375
36.0,-862.79296875,0.01953125
36.3,-862.79296875,0.048828125
36.6,-863.28125,0.1123046875
36.9,-864.2578125,0.185546875
37.2,-864.74609375,0.1611328125
37.5,-865.72265625,0.1416015625
37.8,-866.2109375,0.1904296875
38.1,-867.1875,0.2685546875
38.4,-867.1875,0.1904296875
38.7,-867.67578125,0.17578125
39.0,-868.65234375,0.29296875
39.3,-869.140625,0.3515625
39.6,-870.1171875,0.283203125
39.9,-871.09375,0.302734375
40.2,-870.60546875,0.302734375
40.5,-872.0703125,0.3466796875
40.8,-872.0703125,0.3076171875
41.1,-873.046875,0.263671875
41.4,-874.0234375,0.25390625
41.7,-875.0,0.2392578125
42.0,-875.0,0.2783203125
42.3,-875.48828125,0.2197265625
42.6,-875.48828125,0.146484375
42.9,-730.46875,-0.0048828125
43.2,-729.98046875,-0.0634765625
43.5,-731.93359375,-0.0390625
43.8,-731.93359375,0.068359375
44.1,-732.421875,0.1806640625
44.4,-732.91015625,0.1708984375
44.7,-733.88671875,0.21484375
45.0,-734.375,0.2685546875
45.3,-735.83984375,0.2587890625
45.6,-736.328125,0.2685546875
45.9,-736.81640625,0.2685546875
46.2,-736.81640625,0.1904296875
46.5,-737.79296875,0.0927734375
46.8,-738.28125,0.029296875
47.1,-739.2578125,0.01953125
47.4,-740.234375,0.1318359375
47.7,-740.234375,0.1220703125
48.0,-741.2109375,0.2197265625
48.3,-741.2109375,0.2587890625
48.6,-741.69921875,0.2099609375
48.9,-743.1640625,0.205078125
49.2,-743.65234375,0.2490234375
49.5,-744.62890625,0.25390625
49.8,-744.62890625,0.1708984375
50.1,-745.1171875,0.224609375
50.4,-746.58203125,0.2099609375
50.7,-746.58203125,0.17578125
51.0,-748.046875,0.1123046875
51.3,-747.55859375,0.1611328125
51.6,-748.046875,0.2880859375
51.9,-748.53515625,0.3076171875
52.2,-749.51171875,0.4150390625
52.5,-750.48828125,0.322265625
52.8,-751.46484375,0.33203125
53.1,-750.9765625,0.4638671875
53.4,-751.953125,0.5224609375
53.7,-752.44140625,0.4296875
54.0,-753.41796875,0.37109375
54.3,-754.39453125,0.3515625
54.6,-755.37109375,0.41015625
54.9,-755.37109375,0.5029296875
55.2,-755.859375,0.5517578125
55.5,-755.859375,0.5810546875
55.8,-756.8359375,0.64453125
56.1,-757.8125,0.537109375
56.4,-759.765625,0.4541015625
56.7,-759.27734375,0.4248046875
57.0,-759.765625,0.3125
57.3,-759.765625,0.2685546875
57.6,-760.25390625,0.25390625
57.9,-761.71875,0.37109375
58.2,-762.20703125,0.33203125
58.5,-763.18359375,0.37109375
58.8,-763.671875,0.4150390625
59.1,-764.16015625,0.341796875
59.4,-764.16015625,0.25390625
59.7,-764.6484375,0.2587890625
60.0,-765.625,0.1953125
60.3,-767.08984375,0.1318359375
60.6,-767.578125,0.15625
60.9,-768.06640625,0.166015625
61.2,-768.06640625,0.09765625
61.5,-768.5546875,0.0244140625
61.8,-769.04296875,0.1171875
62.1,-770.01953125,0.126953125
62.4,-770.99609375,0.126953125
62.7,-771.97265625,0.15625
63.0,-771.97265625,0.0439453125
63.3,-772.4609375,0.0390625
63.6,-772.94921875,0.0
63.9,-774.4140625,0.0830078125
64.2,-774.90234375,0.078125
64.5,-775.87890625,0.13671875
64.8,-775.87890625,0.2734375
65.1,-776.3671875,0.3369140625
65.4,-776.3671875,0.3173828125
65.7,-777.34375,0.3125
66.0,-777.83203125,0.2490234375
66.3,-779.296875,0.1513671875
66.6,-779.78515625,0.2294921875
66.9,-779.78515625,0.1318359375
67.2,-780.2734375,0.009765625
67.5,-781.73828125,0.0341796875
67.8,-781.73828125,-0.01953125
68.1,-783.203125,-0.048828125
68.4,-783.69140625,-0.1953125
68.7,-784.1796875,-0.17578125
69.0,-784.66796875,-0.087890625
69.3,-785.15625,-0.068359375
69.6,-785.15625,-0.0244140625
69.9,-786.62109375,-0.1611328125
70.2,-787.109375,-0.1708984375
70.5,-788.0859375,-0.1416015625
70.8,-788.57421875,-0.0390625
71.1,-788.57421875,0.0341796875
71.4,-789.0625,-0.048828125
71.7,-790.0390625,-0.0634765625
72.0,-791.015625,-0.1416015625
72.3,-791.9921875,-0.13671875
72.6,-792.48046875,-0.0390625
72.9,-792.48046875,0.0048828125
73.2,-792.48046875,0.0
73.5,-793.9453125,0.01953125
73.8,-794.43359375,0.078125
74.1,-795.8984375,0.1171875
74.4,-795.8984375,0.1025390625
74.7,-795.8984375,0.0390625
75.0,-796.38671875,0.1171875
75.3,-797.36328125,0.205078125
75.6,-798.33984375,0.2587890625
75.9,-799.31640625,0.3271484375
76.2,-799.31640625,0.3076171875
76.5,-800.29296875,0.25390625
76.8,-800.29296875,0.2685546875
77.1,-800.78125,0.3271484375
77.4,-802.24609375,0.3466796875
77.7,-802.734375,0.4638671875
78.0,-803.7109375,0.4638671875
78.3,-804.19921875,0.419921875
78.6,-803.7109375,0.3857421875
78.9,-805.6640625,0.380859375
79.2,-805.6640625,0.37109375
79.5,-806.640625,0.234375
79.8,-806.640625,0.126953125
80.1,-807.12890625,0.1611328125
80.4,-808.10546875,0.0830078125
80.7,-808.10546875,0.09765625
81.0,-810.05859375,0.0927734375
81.3,-810.05859375,0.1416015625
81.6,-810.546875,0.21484375
81.9,-811.03515625,0.1953125
82.2,-811.5234375,0.17578125
82.5,-812.01171875,0.1611328125
82.8,-813.4765625,0.185546875
83.1,-813.96484375,0.2197265625
83.4,-814.94140625,0.1904296875
83.7,-814.94140625,0.302734375
84.0,-815.4296875,0.244140625
84.3,-815.91796875,0.15625
84.6,-816.89453125,0.1708984375
84.9,-817.3828125,0.1220703125
85.2,-818.359375,0.1904296875
85.5,-818.359375,0.2197265625
85.8,-819.3359375,0.1708984375
86.1,-819.3359375,0.15625
86.4,-820.80078125,0.0927734375
86.7,-820.3125,0.1513671875
87.0,-821.2890625,0.078125
87.3,-822.75390625,0.0439453125
87.6,-823.2421875,0.0146484375
87.9,-823.73046875,-0.009765625
88.2,-824.70703125,-0.029296875
88.5,-824.70703125,-0.009765625
88.8,-825.1953125,0.0
89.1,-825.68359375,-0.009765625
89.4,-826.66015625,0.009765625
89.7,-827.63671875,-0.0244140625
90.0,-828.61328125,0.126953125
90.3,-829.1015625,0.1904296875
90.6,-829.1015625,0.21484375
90.9,-829.58984375,0.2685546875
91.2,-830.56640625,0.2783203125
91.5,-831.54296875,0.2978515625
91.8,-832.51953125,0.263671875
92.1,-832.51953125,0.3173828125
92.4,-833.49609375,0.29296875
92.7,-833.984375,0.234375
93.0,-833.984375,0.2197265625
93.3,-834.9609375,0.2490234375
93.6,-834.9609375,0.1953125
93.9,-835.9375,0.2392578125
94.2,-836.9140625,0.1953125
94.5,-837.890625,0.2783203125
94.8,-838.37890625,0.302734375
95.1,-838.37890625,0.3759765625
95.4,-838.8671875,0.3466796875
95.7,-839.84375,0.3076171875
96.0,-839.84375,0.3564453125
96.3,-841.796875,0.322265625
96.6,-841.796875,0.1513671875
96.9,-842.28515625,0.078125
97.2,-843.26171875,0.068359375
0.0,-1483.34960938,0.37109375
0.3,-1484.1796875,0.3125
0.6,-1485.83984375,0.234375
0.9,-1487.5,0.263671875
1.2,-1488.33007812,0.3125
1.5,-1489.99023438,0.2490234375
1.8,-1241.796875,0.2294921875
2.1,-1242.62695312,0.25390625
2.4,-1240.96679688,0.29296875
2.7,-1244.28710938,0.3564453125
3.0,-1245.1171875,0.3466796875
3.3,-1246.77734375,0.3125
3.6,-1248.4375,0.33203125
3.9,-1250.09765625,0.2734375
4.2,-1249.26757812,0.2587890625
4.5,-1250.09765625,0.2783203125
4.8,-1251.7578125,0.2685546875
5.1,-1254.24804688,0.3125
5.4,-1254.24804688,0.3759765625
5.7,-1255.078125,0.3515625
6.0,-1255.90820312,0.2783203125
6.3,-1256.73828125,0.2587890625
6.6,-1258.3984375,0.185546875
6.9,-1258.3984375,0.1708984375
7.2,-1260.05859375,0.146484375
7.5,-1260.88867188,0.09765625
7.8,-1262.54882812,0.029296875
8.1,-1263.37890625,0.0244140625
8.4,-1265.0390625,-0.0146484375
8.7,-1265.86914062,-0.0634765625
9.0,-1266.69921875,-0.1416015625
9.3,-1267.52929688,-0.0390625
9.6,-1269.18945312,0.029296875
9.9,-1269.18945312,0.0537109375
10.2,-1270.84960938,-0.0048828125
10.5,-1271.6796875,0.0830078125
10.8,-1273.33984375,0.1318359375
11.1,-1275.0,0.0244140625
11.4,-1275.0,-0.0439453125
11.7,-1276.66015625,-0.068359375
12.0,-1275.83007812,-0.1171875
12.3,-1277.49023438,-0.1171875
12.6,-1279.98046875,-0.01953125
12.9,-1281.640625,-0.0390625
13.2,-1281.640625,0.0
13.5,-1282.47070312,0.0048828125
13.8,-1283.30078125,0.1123046875
14.1,-1284.9609375,0.2197265625
14.4,-1284.9609375,0.185546875
14.7,-1286.62109375,0.2734375
15.0,-1287.45117188,0.283203125
15.3,-1289.94140625,0.29296875
15.6,-1290.77148438,0.2783203125
15.9,-1290.77148438,0.17578125
16.2,-1291.6015625,0.29296875
16.5,-1292.43164062,0.380859375
16.8,-1294.09179688,0.4345703125
17.1,-1296.58203125,0.439453125
17.4,-1296.58203125,0.4638671875
17.7,-1298.2421875,0.4345703125
18.0,-1298.2421875,0.2685546875
18.3,-1299.07226562,0.25390625
18.6,-1299.90234375,0.2099609375
18.9,-1302.39257812,0.2099609375
19.2,-1303.22265625,0.1318359375
19.5,-1304.8828125,0.1953125
19.8,-1304.8828125,0.244140625
20.1,-1305.71289062,0.2294921875
20.4,-1306.54296875,0.1953125
20.7,-1308.203125,0.205078125
21.0,-1309.03320312,0.1171875
21.3,-1310.69335938,0.1171875
21.6,-1312.35351562,0.1611328125
21.9,-1311.5234375,0.2001953125
22.2,-1313.18359375,0.1806640625
22.5,-1314.01367188,0.126953125
22.8,-1315.67382812,0.0
23.1,-1316.50390625,-0.0048828125
23.4,-1317.33398438,0.0341796875
23.7,-1318.1640625,0.15625
24.0,-1319.82421875,0.2099609375
24.3,-1320.65429688,0.3125
24.6,-1323.14453125,0.244140625
24.9,-1322.31445312,0.25390625
25.2,-1324.8046875,0.205078125
25.5,-1323.97460938,0.29296875
25.8,-1325.63476562,0.25390625
26.1,-1327.29492188,0.224609375
26.4,-1328.95507812,0.1611328125
26.7,-1329.78515625,0.078125
27.0,-1329.78515625,0.05859375
27.3,-1330.61523438,0.0634765625
27.6,-1332.27539062,0.0146484375
27.9,-1333.93554688,0.009765625
28.2,-1334.765625,-0.0390625
28.5,-1335.59570312,-0.0341796875
28.8,-1336.42578125,0.0537109375
29.1,-1338.0859375,-0.0048828125
29.4,-1338.91601562,0.0244140625
29.7,-1339.74609375,-0.0390625
30.0,-1340.57617188,-0.09765625
30.3,-1340.57617188,-0.126953125
30.6,-1342.23632812,-0.0341796875
30.9,-1343.89648438,-0.0634765625
31.2,-1344.7265625,-0.09765625
31.5,-1347.21679688,0.048828125
31.8,-1348.046875,-0.0048828125
32.1,-1348.87695312,0.0830078125
32.4,-1348.87695312,0.13671875
32.7,-1349.70703125,0.1904296875
33.0,-1351.3671875,0.234375
33.3,-1353.02734375,0.29296875
33.6,-1353.02734375,0.15625
33.9,-1354.6875,0.107421875
34.2,-1355.51757812,0.224609375
34.5,-1356.34765625,0.1416015625
34.8,-1358.0078125,0.107421875
35.1,-1359.66796875,0.029296875
35.4,-1360.49804688,-0.0341796875
35.7,-1362.15820312,-0.01953125
36.0,-1362.15820312,0.0341796875
36.3,-1362.15820312,0.1904296875
36.6,-1364.6484375,0.263671875
36.9,-1364.6484375,0.3125
37.2,-1367.13867188,0.25390625
37.5,-1367.96875,0.2783203125
37.8,-1368.79882812,0.3173828125
38.1,-1368.79882812,0.302734375
38.4,-1370.45898438,0.302734375
38.7,-1371.2890625,0.25390625
39.0,-1374.609375,0.1953125
39.3,-1374.609375,0.1953125
39.6,-1375.43945312,0.2587890625
39.9,-1375.43945312,0.224609375
40.2,-1376.26953125,0.224609375
40.5,-1377.09960938,0.2197265625
40.8,-1378.75976562,0.17578125
41.1,-1381.25,0.244140625
41.4,-1382.08007812,0.2490234375
41.7,-1382.91015625,0.3271484375
42.0,-1382.08007812,0.263671875
42.3,-1383.74023438,0.302734375
42.6,-1384.5703125,0.380859375
42.9,-1387.06054688,0.3759765625
43.2,-1387.890625,0.5224609375
43.5,-1389.55078125,0.556640625
43.8,-1388.72070312,0.5419921875
44.1,-1390.38085938,0.4345703125
44.4,-1389.55078125,0.4052734375
44.7,-1392.87109375,0.380859375
45.0,-1394.53125,0.3857421875
45.3,-1394.53125,0.380859375
45.6,-1394.53125,0.4345703125
45.9,-1397.02148438,0.4541015625
46.2,-1398.68164062,0.4296875
46.5,-1400.34179688,0.361328125
46.8,-1401.171875,0.4052734375
47.1,-1402.00195312,0.3564453125
47.4,-1402.00195312,0.3955078125
47.7,-1402.83203125,0.4248046875
48.0,-1404.4921875,0.41015625
48.3,-1405.32226562,0.263671875
48.6,-1406.98242188,0.2880859375
48.9,-1408.64257812,0.41015625
49.2,-1408.64257812,0.439453125
49.5,-1408.64257812,0.3857421875
49.8,-1410.30273438,0.3564453125
50.1,-1411.96289062,0.4296875
50.4,-1414.453125,0.3857421875
50.7,-1414.453125,0.341796875
51.0,-1416.11328125,0.3466796875
51.3,-1415.28320312,0.25390625
51.6,-1416.94335938,0.1953125
51.9,-1416.94335938,0.1220703125
52.2,-1419.43359375,0.078125
52.5,-1421.09375,-0.0634765625
52.8,-1421.92382812,-0.078125
53.1,-1422.75390625,-0.0390625
53.4,-1422.75390625,-0.029296875
53.7,-1424.4140625,0.05859375
54.0,-1426.07421875,0.1220703125
54.3,-1426.90429688,0.1953125
54.6,-1428.56445312,0.263671875
54.9,-1429.39453125,0.2734375
55.2,-1429.39453125,0.29296875
55.5,-1430.22460938,0.3271484375
55.8,-1431.0546875,0.380859375
56.1,-1433.54492188,0.44921875
56.4,-1434.375,0.498046875
56.7,-1436.03515625,0.458984375
57.0,-1436.03515625,0.4736328125
57.3,-1436.03515625,0.341796875
57.6,-1437.6953125,0.3125
57.9,-1440.18554688,0.2880859375
58.2,-1441.84570312,0.263671875
58.5,-1442.67578125,0.224609375
58.8,-1442.67578125,0.1025390625
59.1,-1443.50585938,0.0927734375
59.4,-1443.50585938,0.13671875
59.7,-1445.16601562,0.205078125
60.0,-1446.82617188,0.2392578125
60.3,-1448.48632812,0.2978515625
60.6,-1449.31640625,0.2587890625
60.9,-1450.14648438,0.3076171875
61.2,-1450.14648438,0.3466796875
61.5,-1451.80664062,0.2685546875
61.8,-1452.63671875,0.1953125
62.1,-1455.12695312,0.1708984375
62.4,-1455.95703125,0.1708984375
62.7,-1455.12695312,0.1318359375
63.0,-1456.78710938,0.3076171875
63.3,-1458.44726562,0.46875
63.6,-1459.27734375,0.4296875
63.9,-1461.76757812,0.4638671875
64.2,-1461.76757812,0.44921875
64.5,-1462.59765625,0.4052734375
64.8,-1462.59765625,0.2734375
65.1,-1464.2578125,0.1171875
65.4,-1466.74804688,0.0634765625
65.7,-1466.74804688,0.029296875
66.0,-1469.23828125,-0.068359375
66.3,-1467.578125,-0.1123046875
66.6,-1470.06835938,-0.1123046875
66.9,-1470.06835938,-0.1611328125
67.2,-1472.55859375,-0.1806640625
67.5,-1473.38867188,-0.068359375
67.8,-1475.87890625,0.0048828125
68.1,-1475.87890625,-0.0048828125
68.4,-1475.87890625,0.048828125
68.7,-1476.70898438,-0.0341796875
69.0,-1478.36914062,-0.048828125
69.3,-1480.02929688,-0.009765625
69.6,-1481.68945312,-0.05859375
69.9,-1481.68945312,-0.0537109375
70.2,-1481.68945312,-0.0390625
70.5,-1483.34960938,0.0537109375
70.8,-1484.1796875,0.0537109375
71.1,-1485.83984375,0.1611328125
71.4,-1487.5,0.205078125
71.7,-1488.33007812,0.283203125
72.0,-1489.16015625,0.302734375
72.3,-1489.99023438,0.2294921875
72.6,-1240.96679688,0.1025390625
72.9,-1243.45703125,0.1513671875
73.2,-1243.45703125,0.2392578125
73.5,-1246.77734375,0.3369140625
73.8,-1245.1171875,0.3173828125
74.1,-1247.60742188,0.3173828125
74.4,-1248.4375,0.33203125
74.7,-1250.09765625,0.3369140625
75.0,-1250.92773438,0.322265625
75.3,-1252.58789062,0.4248046875
75.6,-1251.7578125,0.4833984375
75.9,-1253.41796875,0.5322265625
76.2,-1255.078125,0.3173828125
76.5,-1255.90820312,0.29296875
76.8,-1257.56835938,0.2392578125
77.1,-1259.22851562,0.17578125
77.4,-1259.22851562,0.1904296875
77.7,-1259.22851562,0.2197265625
78.0,-1261.71875,0.234375
78.3,-1262.54882812,0.234375
78.6,-1264.20898438,0.185546875
78.9,-1264.20898438,0.2490234375
79.2,-1265.0390625,0.3173828125
79.5,-1265.86914062,0.2685546875
79.8,-1267.52929688,0.185546875
80.1,-1268.359375,0.126953125
80.4,-1270.84960938,0.1025390625
80.7,-1270.84960938,0.087890625
81.0,-1271.6796875,0.078125
81.3,-1271.6796875,-0.0048828125
81.6,-1275.0,-0.048828125
81.9,-1275.83007812,-0.0048828125
82.2,-1277.49023438,-0.01953125
82.5,-1277.49023438,-0.0537109375
82.8,-1279.15039062,0.01953125
83.1,-1279.98046875,-0.0048828125
83.4,-1280.81054688,0.0244140625
83.7,-1281.640625,0.1416015625
84.0,-1284.13085938,0.2685546875
84.3,-1284.9609375,0.205078125
84.6,-1284.9609375,0.2001953125
84.9,-1285.79101562,0.107421875
85.2,-1286.62109375,-0.0048828125
85.5,-1288.28125,-0.0634765625
85.8,-1289.94140625,-0.0244140625
86.1,-1292.43164062,-0.107421875
86.4,-1292.43164062,-0.1416015625
86.7,-1292.43164062,-0.1904296875
87.0,-1294.09179688,-0.166015625
87.3,-1294.09179688,-0.09765625
87.6,-1295.75195312,-0.1416015625
87.9,-1298.2421875,-0.05859375
88.2,-1299.07226562,0.0146484375
88.5,-1299.90234375,0.1611328125
88.8,-1299.90234375,0.2294921875
89.1,-1300.73242188,0.2587890625
89.4,-1301.5625,0.3466796875
89.7,-1304.05273438,0.380859375
90.0,-1304.8828125,0.458984375
90.3,-1306.54296875,0.5029296875
90.6,-1305.71289062,0.4833984375
90.9,-1307.37304688,0.478515625
91.2,-1307.37304688,0.4638671875
91.5,-1309.86328125,0.4345703125
91.8,-1311.5234375,0.283203125
92.1,-1311.5234375,0.2001953125
92.4,-1312.35351562,0.4296875
92.7,-1313.18359375,0.2734375
93.0,-1315.67382812,0.2880859375
93.3,-1316.50390625,0.15625
93.6,-1318.1640625,0.1025390625
93.9,-1318.99414062,0.4736328125
94.2,-1318.99414062,0.6982421875
94.5,-1319.82421875,0.76171875
94.8,-1320.65429688,0.634765625
95.1,-1322.31445312,0.5126953125
95.4,-1324.8046875,0.3515625
95.7,-1324.8046875,0.2392578125
96.0,-1325.63476562,0.21484375
96.3,-1326.46484375,-0.0537109375
96.6,-1327.29492188,-0.166015625
96.9,-1328.95507812,-0.05859375
97.2,-1331.4453125,0.0
97.5,-1331.4453125,-0.078125
97.8,-1333.10546875,-0.0927734375
98.1,-1332.27539062,0.01953125
98.4,-1333.93554688,0.2392578125
98.7,-1334.765625,0.5859375
99.0,-1337.25585938,0.6201171875
99.3,-1337.25585938,0.4345703125
99.6,-1338.0859375,0.78125
99.9,-1340.57617188,0.9423828125
100.2,-1340.57617188,0.95703125
100.5,-1342.23632812,0.8935546875
100.8,-1342.23632812,0.849609375
101.1,-1343.89648438,0.7470703125
101.4,-1344.7265625,0.615234375
101.7,-1347.21679688,0.6494140625
102.0,-1347.21679688,0.7763671875
102.3,-1348.87695312,0.99609375
102.6,-1348.046875,0.9912109375
102.9,-1349.70703125,1.0400390625
103.2,-1350.53710938,0.966796875
103.5,-1351.3671875,0.703125
103.8,-1353.85742188,0.673828125
104.1,-1354.6875,0.4345703125
104.4,-1356.34765625,0.21484375
104.7,-1356.34765625,0.244140625
105.0,-1357.17773438,0.224609375
105.3,-1358.83789062,-0.0830078125
105.6,-1360.49804688,-0.1904296875
105.9,-1362.15820312,-0.21484375
106.2,-1362.98828125,-0.0830078125
106.5,-1362.15820312,-0.0146484375
106.8,-1363.81835938,0.0732421875
107.1,-1363.81835938,0.1171875
107.4,-1367.13867188,0.302734375
107.7,-1367.96875,0.400390625
108.0,-1369.62890625,0.5859375
108.3,-1369.62890625,0.3759765625
108.6,-1370.45898438,0.2978515625
108.9,-1370.45898438,0.341796875
109.2,-1372.94921875,0.048828125
109.5,-1372.94921875,0.419921875
109.8,-1375.43945312,0.3515625
110.1,-1376.26953125,0.3466796875
110.4,-1377.09960938,0.3271484375
110.7,-1377.09960938,0.3271484375
111.0,-1377.9296875,0.341796875
111.3,-1380.41992188,0.3271484375
111.6,-1382.08007812,0.390625
111.9,-1382.91015625,0.390625
112.2,-1382.91015625,0.234375
112.5,-1382.91015625,0.263671875
112.8,-1384.5703125,0.2197265625
113.1,-1386.23046875,0.1904296875
113.4,-1386.23046875,0.1513671875
113.7,-1387.06054688,0.0927734375
114.0,-1390.38085938,0.0537109375
114.3,-1391.2109375,0.068359375
114.6,-1392.87109375,0.0830078125
114.9,-1392.04101562,0.09765625
115.2,-1393.70117188,0.1171875
115.5,-1393.70117188,0.1171875
115.8,-1395.36132812,0.1318359375
116.1,-1397.8515625,0.13671875
116.4,-1398.68164062,0.1416015625
116.7,-1399.51171875,0.146484375
117.0,-1399.51171875,0.15625
117.3,-1400.34179688,0.15625
117.6,-1401.171875,0.1611328125
117.9,-1403.66210938,0.17578125
118.2,-1405.32226562,0.1806640625
118.5,-1405.32226562,0.1806640625
118.8,-1406.98242188,0.1806640625
119.1,-1407.8125,0.1806640625
119.4,-1409.47265625,0.185546875
119.7,-1408.64257812,0.185546875
120.0,-1410.30273438,0.185546875
120.3,-1411.1328125,0.1806640625
120.6,-1413.62304688,0.1904296875
120.9,-1414.453125,0.1904296875
121.2,-1416.11328125,0.185546875
121.5,-1416.11328125,0.185546875
121.8,-1416.94335938,0.185546875
122.1,-1416.94335938,0.1904296875
122.4,-1419.43359375,0.1904296875
122.7,-1421.09375,0.1806640625
123.0,-1421.92382812,0.185546875
123.3,-1422.75390625,0.1806640625
123.6,-1423.58398438,0.1806640625
123.9,-1425.24414062,0.1806640625
124.2,-1426.07421875,0.13671875
124.5,-1426.90429688,0.087890625
124.8,-1428.56445312,0.0927734375
125.1,-1428.56445312,0.1123046875
125.4,-1428.56445312,0.1220703125
125.7,-1430.22460938,0.1318359375
126.0,-1432.71484375,0.13671875
126.3,-1435.20507812,0.146484375
126.6,-1434.375,0.146484375
126.9,-1435.20507812,0.1513671875
127.2,-1436.03515625,0.15625
127.5,-1437.6953125,0.1611328125
127.8,-1437.6953125,0.166015625
128.1,-1440.18554688,0.166015625
128.4,-1441.015625,0.166015625
128.7,-1441.84570312,0.166015625
129.0,-1441.84570312,0.166015625
129.3,-1441.84570312,0.1708984375
129.6,-1444.3359375,0.17578125
129.9,-1445.99609375,0.17578125
130.2,-1241.796875,0.1708984375
130.5,-1242.62695312,0.17578125
130.8,-1240.96679688,0.17578125
131.1,-1240.96679688,0.1708984375
131.4,-1240.96679688,0.17578125
131.7,-1241.796875,0.1806640625
132.0,-1242.62695312,0.1806640625
132.3,-1242.62695312,0.17578125
132.6,-1242.62695312,0.1806640625
132.9,-1241.796875,0.263671875
133.2,-1241.796875,0.1806640625
133.5,-1242.62695312,0.2197265625
133.8,-1242.62695312,0.2099609375
134.1,-1241.796875,0.2001953125
134.4,-1241.796875,0.166015625
134.7,-1240.96679688,0.166015625
135.0,-1241.796875,0.166015625
135.3,-1241.796875,0.166015625
135.6,-1243.45703125,0.1708984375
135.9,-1242.62695312,0.1708984375
136.2,-1240.96679688,0.17578125
136.5,-1240.96679688,0.1806640625
136.8,-1241.796875,0.2099609375
137.1,-1241.796875,0.2392578125
137.4,-1241.796875,0.234375
137.7,-1241.796875,0.234375
138.0,-1242.62695312,0.2197265625
138.3,-1242.62695312,0.2197265625
138.6,-1242.62695312,0.2099609375
138.9,-1242.62695312,0.205078125
139.2,-1242.62695312,0.17578125
139.5,-1241.796875,0.17578125
139.8,-1243.45703125,1.8017578125
140.1,-1242.62695312,-0.4931640625
140.4,-1243.45703125,-0.5615234375
140.7,-1241.796875,-0.5859375
141.0,-533.740234375,-0.6103515625
141.3,-161.03515625,-0.6201171875
141.6,-154.39453125,-0.634765625
141.9,-147.75390625,-0.6640625
142.2,-147.75390625,-0.673828125
142.5,-148.583984375,-0.6884765625
142.8,-148.583984375,-0.703125
143.1,-149.4140625,-0.712890625
143.4,-148.583984375,-0.72265625
143.7,-149.4140625,-0.7275390625
144.0,-149.4140625,-0.732421875
144.3,-149.4140625,-0.732421875
144.6,-149.4140625,-0.732421875
144.9,-149.4140625,-0.7373046875
145.2,-149.4140625,-0.7373046875
145.5,-149.4140625,-0.7373046875
145.8,-149.4140625,-0.732421875
146.1,-150.244140625,-0.7421875
146.4,-150.244140625,-0.7373046875
146.7,-149.4140625,-0.7373046875
147.0,-149.4140625,-0.7373046875
147.3,-149.4140625,-0.7373046875
147.6,-150.244140625,-0.7373046875
147.9,-151.07421875,-0.7373046875
148.2,-150.244140625,-0.7421875
148.5,-149.4140625,-0.7421875
148.8,-149.4140625,-0.7373046875
149.1,-149.4140625,-0.7373046875
149.4,-150.244140625,-0.7421875
149.7,-149.4140625,-0.7373046875
150.0,-149.4140625,-0.7421875
150.3,-150.244140625,-0.7421875
150.6,-149.4140625,-0.7421875
150.9,-150.244140625,-0.7421875
151.2,-148.583984375,-0.7421875
151.5,-150.244140625,-0.7421875
151.8,-151.07421875,-0.7421875
152.1,-150.244140625,-0.7421875
152.4,-149.4140625,-0.7421875
