0.0,-5.2587890625,0.1953125
0.3,-5.2587890625,0.1953125
0.6,-5.2587890625,0.1953125
0.9,-5.2685546875,0.2001953125
1.2,-5.263671875,0.1904296875
1.5,-5.2587890625,0.2001953125
1.8,-5.25390625,0.2001953125
2.1,-5.2587890625,0.1953125
2.4,-5.2685546875,0.1953125
2.7,-5.263671875,0.2001953125
3.0,-5.2587890625,0.2001953125
3.3,-5.2685546875,0.2001953125
3.6,-5.2685546875,0.2001953125
3.9,-5.2685546875,0.2001953125
4.2,-5.263671875,0.205078125
4.5,-5.263671875,0.205078125
4.8,-5.2587890625,0.205078125
5.1,-5.263671875,0.205078125
5.4,-5.263671875,0.21484375
5.7,-5.2685546875,0.2099609375
6.0,-5.263671875,0.2099609375
6.3,-5.263671875,0.21484375
6.6,-5.2587890625,0.2197265625
6.9,-5.2587890625,0.21484375
7.2,-5.2685546875,0.2099609375
7.5,-5.2685546875,0.2099609375
7.8,-5.2685546875,0.2099609375
8.1,-5.2587890625,0.205078125
8.4,-5.263671875,0.2001953125
8.7,-5.2587890625,0.1904296875
9.0,-5.263671875,0.1904296875
9.3,-5.263671875,0.1904296875
9.6,-5.2685546875,0.1904296875
9.9,-5.263671875,0.1904296875
10.2,-5.263671875,0.1904296875
10.5,-5.2685546875,0.1953125
10.8,-5.2587890625,0.1904296875
11.1,-5.2587890625,0.1953125
11.4,-5.2587890625,0.2001953125
11.7,-5.263671875,0.2001953125
12.0,-5.263671875,0.2001953125
12.3,-5.263671875,0.205078125
12.6,-5.263671875,0.2001953125
12.9,-5.263671875,0.1953125
13.2,-5.263671875,0.1953125
13.5,-5.2685546875,0.1904296875
13.8,-5.263671875,0.185546875
14.1,-5.263671875,0.185546875
14.4,-5.2587890625,0.1806640625
14.7,-5.263671875,0.1904296875
15.0,-5.263671875,0.185546875
15.3,-5.2685546875,0.1904296875
15.6,-5.2685546875,0.1904296875
15.9,-5.2685546875,0.1953125
16.2,-5.25390625,0.2001953125
16.5,-5.263671875,0.2001953125
16.8,-5.2587890625,0.1953125
17.1,-5.2685546875,0.2001953125
17.4,-5.2685546875,0.1904296875
17.7,-5.263671875,0.185546875
18.0,-5.2685546875,0.1904296875
18.3,-5.2685546875,0.1904296875
18.6,-5.263671875,0.1904296875
18.9,-5.2587890625,0.1904296875
19.2,-5.2587890625,0.185546875
19.5,-5.263671875,0.1904296875
19.8,-5.2685546875,0.1904296875
20.1,-5.2685546875,0.1953125
20.4,-5.2685546875,0.1953125
20.7,-5.263671875,0.2001953125
21.0,-5.263671875,0.2001953125
21.3,-5.263671875,0.205078125
21.6,-5.263671875,0.2001953125
21.9,-5.2685546875,0.2001953125
22.2,-5.263671875,0.2001953125
22.5,-5.2685546875,0.205078125
22.8,-5.2587890625,0.2001953125
23.1,-5.263671875,0.2001953125
23.4,-5.263671875,0.1953125
23.7,-5.2685546875,0.1953125
24.0,-5.2685546875,0.2001953125
24.3,-5.2685546875,0.2001953125
24.6,-5.263671875,0.2001953125
24.9,-5.263671875,0.205078125
25.2,-5.263671875,0.2099609375
25.5,-5.263671875,0.2099609375
25.8,-5.2685546875,0.2099609375
26.1,-5.2685546875,0.2099609375
26.4,-5.263671875,0.2099609375
26.7,-5.263671875,0.205078125
27.0,-5.263671875,0.205078125
27.3,-5.2587890625,0.2001953125
27.6,-5.2685546875,0.2001953125
27.9,-5.263671875,0.205078125
28.2,-5.2685546875,0.205078125
28.5,-5.2587890625,0.2001953125
28.8,-5.263671875,0.2001953125
29.1,-5.263671875,0.2001953125
29.4,-5.263671875,0.2001953125
29.7,-5.263671875,0.205078125
30.0,-5.2685546875,0.205078125
30.3,-5.263671875,0.2099609375
30.6,-5.2685546875,0.205078125
30.9,-5.2587890625,0.1953125
31.2,-5.2685546875,0.1953125
31.5,-5.2685546875,0.2001953125
31.8,-5.2685546875,0.2001953125
32.1,-5.263671875,0.2001953125
32.4,-5.2685546875,0.2001953125
32.7,-5.2587890625,0.205078125
33.0,-5.263671875,0.205078125
33.3,-5.2587890625,0.2001953125
33.6,-5.263671875,0.205078125
33.9,-5.263671875,0.2001953125
34.2,-5.2587890625,0.2001953125
34.5,-5.2685546875,0.205078125
34.8,-5.2685546875,0.2099609375
35.1,-5.2685546875,0.2099609375
35.4,-5.263671875,0.205078125
35.7,-5.263671875,0.2099609375
36.0,-5.2587890625,0.2001953125
36.3,-5.263671875,0.2001953125
36.6,-5.2685546875,0.1953125
36.9,-5.2685546875,0.1904296875
37.2,-5.2685546875,0.1953125
37.5,-5.263671875,0.1904296875
37.8,-5.263671875,0.1904296875
38.1,-5.2685546875,0.1953125
38.4,-5.263671875,0.1904296875
38.7,-5.263671875,0.1904296875
39.0,-5.263671875,0.1953125
39.3,-5.2685546875,0.1904296875
39.6,-5.263671875,0.1904296875
39.9,-5.263671875,0.1904296875
40.2,-5.2685546875,0.1953125
40.5,-5.2587890625,0.1953125
40.8,-5.2685546875,0.1904296875
41.1,-5.2685546875,0.1953125
41.4,-5.263671875,0.1904296875
41.7,-5.2587890625,0.1904296875
42.0,-5.263671875,0.1904296875
42.3,-5.263671875,0.1904296875
42.6,-5.2685546875,0.1953125
42.9,-5.2685546875,0.1953125
43.2,-5.2685546875,0.1953125
43.5,-5.263671875,0.2001953125
43.8,-5.2587890625,0.2099609375
44.1,-5.263671875,0.205078125
44.4,-5.2685546875,0.205078125
44.7,-5.2734375,0.2001953125
45.0,-5.263671875,0.1953125
45.3,-5.263671875,0.1953125
45.6,-5.2587890625,0.1953125
45.9,-5.263671875,0.1904296875
46.2,-5.2685546875,0.1904296875
46.5,-5.2734375,0.1904296875
46.8,-5.263671875,0.1953125
47.1,-5.263671875,0.2001953125
47.4,-5.2587890625,0.205078125
47.7,-5.263671875,0.205078125
48.0,-5.2685546875,0.2001953125
48.3,-5.2685546875,0.2001953125
48.6,-5.2685546875,0.1953125
48.9,-5.263671875,0.1953125
49.2,-5.263671875,0.1953125
49.5,-5.263671875,0.205078125
49.8,-5.263671875,0.2001953125
50.1,-5.2685546875,0.1953125
50.4,-5.2734375,0.1953125
50.7,-5.263671875,0.2001953125
51.0,-5.263671875,0.1953125
51.3,-5.2587890625,0.1953125
51.6,-5.263671875,0.2001953125
51.9,-5.263671875,0.1904296875
52.2,-5.2734375,0.1953125
52.5,-5.2685546875,0.205078125
52.8,-5.263671875,0.205078125
53.1,-5.263671875,0.205078125
53.4,-5.2685546875,0.2001953125
53.7,-5.263671875,0.1953125
54.0,-5.2685546875,0.185546875
54.3,-5.2685546875,0.1904296875
54.6,-5.263671875,0.2001953125
54.9,-5.263671875,0.2001953125
55.2,-5.2587890625,0.2001953125
55.5,-5.263671875,0.2099609375
55.8,-5.2685546875,0.2001953125
56.1,-5.2685546875,0.2099609375
56.4,-5.2685546875,0.2001953125
56.7,-5.263671875,0.205078125
57.0,-5.2587890625,0.2099609375
57.3,-5.2685546875,0.2099609375
57.6,-5.2685546875,0.205078125
57.9,-5.2734375,0.205078125
58.2,-5.2685546875,0.2099609375
58.5,-5.2685546875,0.2099609375
58.8,-5.263671875,0.21484375
59.1,-5.263671875,0.2099609375
59.4,-5.263671875,0.2099609375
59.7,-5.2685546875,0.205078125
60.0,-5.2685546875,0.2099609375
60.3,-5.2685546875,0.2001953125
60.6,-5.2685546875,0.2099609375
60.9,-5.263671875,0.2099609375
61.2,-5.263671875,0.205078125
61.5,-5.263671875,0.205078125
61.8,-5.2685546875,0.2001953125
62.1,-5.2685546875,0.205078125
62.4,-5.2685546875,0.2001953125
62.7,-5.263671875,0.2001953125
63.0,-5.263671875,0.2001953125
63.3,-5.263671875,0.205078125
63.6,-5.2685546875,0.21484375
63.9,-5.2685546875,0.2099609375
64.2,-5.2734375,0.205078125
64.5,-5.2685546875,0.21484375
64.8,-5.263671875,0.2197265625
65.1,-5.263671875,0.21484375
65.4,-5.263671875,0.21484375
65.7,-5.2685546875,0.21484375
66.0,-5.2685546875,0.21484375
66.3,-5.2685546875,0.21484375
66.6,-5.263671875,0.2099609375
66.9,-5.263671875,0.2099609375
67.2,-5.2587890625,0.2099609375
67.5,-5.2685546875,0.2197265625
67.8,-5.2685546875,0.21484375
68.1,-5.2685546875,0.2099609375
68.4,-5.2685546875,0.205078125
68.7,-5.2685546875,0.1953125
69.0,-5.2587890625,0.2001953125
69.3,-5.263671875,0.2001953125
69.6,-5.263671875,0.2001953125
69.9,-5.2734375,0.1953125
70.2,-5.2685546875,0.1953125
70.5,-5.263671875,0.185546875
70.8,-5.263671875,0.1806640625
71.1,-5.263671875,0.185546875
71.4,-5.2685546875,0.185546875
71.7,-5.2685546875,0.185546875
72.0,-5.2734375,0.1904296875
72.3,-5.2685546875,0.0732421875
72.6,-5.2685546875,0.0830078125
72.9,-5.263671875,0.0927734375
73.2,-5.263671875,0.1025390625
73.5,-5.263671875,0.107421875
73.8,-5.2734375,0.126953125
74.1,-5.2685546875,0.13671875
74.4,-5.2685546875,0.146484375
74.7,-5.263671875,0.1513671875
75.0,-5.263671875,0.15625
75.3,-5.2685546875,0.1611328125
75.6,-5.2734375,0.17578125
75.9,-5.2685546875,0.185546875
76.2,-5.2734375,0.185546875
76.5,-5.263671875,0.1904296875
76.8,-5.2685546875,0.185546875
77.1,-5.2587890625,0.1904296875
77.4,-5.263671875,0.1806640625
77.7,-5.263671875,0.1904296875
78.0,-5.2734375,0.1904296875
78.3,-5.263671875,0.1953125
78.6,-5.2685546875,0.1953125
78.9,-5.2685546875,0.1904296875
79.2,-5.2685546875,0.1904296875
79.5,-5.2685546875,0.185546875
79.8,-5.263671875,0.1904296875
80.1,-5.263671875,0.2001953125
80.4,-5.263671875,0.1953125
80.7,-5.263671875,0.1904296875
81.0,-5.2734375,0.1904296875
81.3,-5.2685546875,0.1904296875
81.6,-5.2734375,0.185546875
81.9,-5.263671875,0.185546875
82.2,-5.263671875,0.1904296875
82.5,-5.263671875,0.1904296875
82.8,-5.2685546875,0.1904296875
83.1,-5.2685546875,0.185546875
83.4,-5.2685546875,0.1904296875
83.7,-5.2685546875,0.1904296875
84.0,-5.263671875,0.1904296875
84.3,-5.263671875,0.1953125
84.6,-5.2685546875,0.2001953125
84.9,-5.2734375,0.1953125
85.2,-5.2734375,0.1904296875
85.5,-5.2685546875,0.1953125
85.8,-5.263671875,0.1953125
86.1,-5.263671875,0.2001953125
86.4,-5.263671875,0.1953125
86.7,-5.2734375,0.1953125
87.0,-5.2685546875,0.2001953125
87.3,-5.2685546875,0.1953125
87.6,-5.2734375,0.1904296875
87.9,-5.2734375,0.1953125
88.2,-5.2734375,0.185546875
88.5,-5.2685546875,0.185546875
88.8,-5.263671875,0.1904296875
89.1,-5.263671875,0.15625
89.4,-5.2685546875,0.15625
89.7,-5.2685546875,0.1611328125
90.0,-5.2685546875,0.166015625
90.3,-5.263671875,0.1708984375
90.6,-5.263671875,0.1708984375
90.9,-5.263671875,0.17578125
91.2,-5.2685546875,0.185546875
91.5,-5.2734375,0.1904296875
91.8,-5.2685546875,0.185546875
92.1,-5.2734375,0.1953125
92.4,-5.263671875,0.1904296875
92.7,-5.263671875,0.1953125
93.0,-5.263671875,0.1953125
93.3,-5.2685546875,0.2001953125
93.6,-5.2685546875,0.205078125
93.9,-5.263671875,0.2001953125
94.2,-5.263671875,0.2001953125
94.5,-5.2685546875,0.2001953125
94.8,-5.2734375,0.1953125
95.1,-5.263671875,0.1904296875
95.4,-5.2734375,0.1904296875
95.7,-5.2685546875,0.1953125
96.0,-5.2734375,0.1806640625
96.3,-5.263671875,0.1806640625
96.6,-5.263671875,0.1806640625
96.9,-5.2685546875,0.185546875
97.2,-5.2685546875,0.1904296875
97.5,-5.2734375,0.185546875
97.8,-5.2734375,0.1953125
98.1,-5.263671875,0.1953125
98.4,-5.2734375,0.2001953125
98.7,-5.263671875,0.1904296875
99.0,-5.2685546875,0.1904296875
99.3,-5.263671875,0.185546875
99.6,-5.2685546875,0.185546875
99.9,-5.2685546875,0.185546875
100.2,-5.2685546875,0.1806640625
100.5,-5.263671875,0.17578125
100.8,-5.263671875,0.1806640625
101.1,-5.2685546875,0.17578125
101.4,-5.2685546875,0.1806640625
101.7,-5.2734375,0.17578125
102.0,-5.2685546875,0.1806640625
102.3,-5.2685546875,0.1708984375
102.6,-5.263671875,0.1806640625
102.9,-5.2685546875,0.1806640625
103.2,-5.2685546875,0.185546875
103.5,-5.2734375,0.1953125
103.8,-5.2685546875,0.1953125
104.1,-5.2685546875,0.1953125
104.4,-5.2734375,0.2001953125
104.7,-5.2685546875,0.2001953125
105.0,-5.263671875,0.1953125
105.3,-5.263671875,0.205078125
105.6,-5.263671875,0.2099609375
105.9,-5.2685546875,0.205078125
106.2,-5.2685546875,0.205078125
106.5,-5.2685546875,0.205078125
106.8,-5.2685546875,0.2001953125
107.1,-5.263671875,0.2001953125
107.4,-5.263671875,0.1953125
107.7,-5.2685546875,0.1953125
108.0,-5.2734375,0.185546875
108.3,-5.2734375,0.185546875
108.6,-5.2685546875,0.1904296875
108.9,-5.2685546875,0.2001953125
109.2,-5.263671875,0.2001953125
109.5,-5.2685546875,0.2099609375
109.8,-5.263671875,0.21484375
110.1,-5.2734375,0.2099609375
110.4,-5.2685546875,0.205078125
110.7,-5.2734375,0.2001953125
111.0,-5.263671875,0.205078125
111.3,-5.263671875,0.205078125
111.6,-5.2685546875,0.2001953125
111.9,-5.2734375,0.2099609375
112.2,-5.2734375,0.21484375
112.5,-5.2685546875,0.2099609375
112.8,-5.263671875,0.2099609375
113.1,-5.263671875,0.2099609375
113.4,-5.263671875,0.2001953125
113.7,-5.263671875,0.2001953125
114.0,-5.2734375,0.2001953125
114.3,-5.2734375,0.2099609375
114.6,-5.2734375,0.205078125
114.9,-5.263671875,0.205078125
115.2,-5.2685546875,0.1953125
115.5,-5.263671875,0.1953125
115.8,-5.2685546875,0.205078125
116.1,-5.2685546875,0.205078125
116.4,-5.2734375,0.2099609375
116.7,-5.263671875,0.205078125
117.0,-5.2685546875,0.205078125
117.3,-5.263671875,0.2001953125
117.6,-5.2685546875,0.2099609375
117.9,-5.2734375,0.21484375
118.2,-5.2685546875,0.2099609375
118.5,-5.2734375,0.2099609375
118.8,-5.2685546875,0.21484375
119.1,-5.263671875,0.21484375
119.4,-5.263671875,0.2001953125
119.7,-5.2734375,0.205078125
120.0,-5.2685546875,0.2001953125
120.3,-5.2734375,0.1904296875
120.6,-5.263671875,0.1953125
120.9,-5.2685546875,0.2001953125
121.2,-5.263671875,0.205078125
121.5,-5.2685546875,0.205078125
121.8,-5.2685546875,0.2001953125
122.1,-5.2734375,0.1953125
122.4,-5.2685546875,0.1904296875
122.7,-5.2685546875,0.1904296875
123.0,-5.2587890625,0.185546875
123.3,-5.2685546875,0.1904296875
123.6,-5.2685546875,0.185546875
123.9,-5.2685546875,0.1904296875
124.2,-5.2685546875,0.1953125
124.5,-5.2685546875,0.185546875
124.8,-5.263671875,0.17578125
125.1,-5.263671875,0.185546875
125.4,-5.2685546875,0.1806640625
125.7,-5.2685546875,0.1806640625
126.0,-5.2685546875,0.185546875
126.3,-5.2734375,0.1904296875
126.6,-5.2685546875,0.185546875
126.9,-5.263671875,0.1904296875
127.2,-5.2685546875,0.185546875
127.5,-5.2685546875,0.1904296875
127.8,-5.2734375,0.1806640625
128.1,-5.2734375,0.185546875
128.4,-5.2685546875,0.1904296875
128.7,-5.263671875,0.2001953125
129.0,-5.2685546875,0.2001953125
129.3,-5.263671875,0.205078125
129.6,-5.2685546875,0.2001953125
129.9,-5.2685546875,0.2001953125
130.2,-5.2685546875,0.205078125
130.5,-5.2685546875,0.2001953125
130.8,-5.263671875,0.1953125
131.1,-5.2685546875,0.1953125
131.4,-5.2685546875,0.2001953125
131.7,-5.2734375,0.2001953125
132.0,-5.2734375,0.1904296875
132.3,-5.2734375,0.185546875
132.6,-5.2587890625,0.1904296875
132.9,-5.2685546875,0.1806640625
133.2,-5.263671875,0.185546875
133.5,-5.2734375,0.185546875
133.8,-5.2685546875,0.1953125
134.1,-5.2734375,0.205078125
134.4,-5.2685546875,0.1953125
134.7,-5.263671875,0.2001953125
135.0,-5.2685546875,0.2001953125
135.3,-5.2685546875,0.2001953125
135.6,-5.2685546875,0.2001953125
135.9,-5.2734375,0.21484375
136.2,-5.2685546875,0.224609375
136.5,-5.2734375,0.224609375
136.8,-5.2734375,0.21484375
137.1,-5.2685546875,0.205078125
137.4,-5.2685546875,0.2099609375
137.7,-5.2685546875,0.2099609375
138.0,-5.263671875,0.2099609375
138.3,-5.2734375,0.2099609375
138.6,-5.2685546875,0.205078125
138.9,-5.2734375,0.2001953125
139.2,-5.2685546875,0.2001953125
139.5,-5.2685546875,0.1904296875
139.8,-5.263671875,0.185546875
140.1,-5.2685546875,0.185546875
140.4,-5.2685546875,0.1904296875
140.7,-5.2734375,0.185546875
141.0,-5.263671875,0.1806640625
141.3,-5.2685546875,0.1806640625
141.6,-5.263671875,0.185546875
141.9,-5.2685546875,0.185546875
142.2,-5.2734375,0.1220703125
142.5,-5.263671875,0.126953125
142.8,-5.2685546875,0.126953125
143.1,-5.2734375,0.13671875
143.4,-5.2734375,0.146484375
143.7,-5.2685546875,0.146484375
144.0,-5.263671875,0.1611328125
144.3,-5.2685546875,0.166015625
144.6,-5.2685546875,0.1806640625
144.9,-5.2685546875,0.1806640625
145.2,-5.2734375,0.185546875
145.5,-5.2734375,0.1904296875
145.8,-5.263671875,0.2001953125
146.1,-5.2685546875,0.1953125
146.4,-5.2587890625,0.1904296875
146.7,-5.2734375,0.185546875
147.0,-5.2685546875,0.185546875
147.3,-5.2734375,0.185546875
147.6,-5.2685546875,0.185546875
147.9,-5.2685546875,0.185546875
148.2,-5.2685546875,0.1904296875
148.5,-5.2685546875,0.1904296875
148.8,-5.2685546875,0.1953125
149.1,-5.2734375,0.2001953125
149.4,-5.2734375,0.2099609375
149.7,-5.263671875,0.2099609375
150.0,-5.2685546875,0.205078125
150.3,-5.2587890625,0.205078125
150.6,-5.2685546875,0.205078125
150.9,-5.2685546875,0.21484375
151.2,-5.2734375,0.2099609375
151.5,-5.2685546875,0.2099609375
151.8,-5.2685546875,0.2099609375
152.1,-5.263671875,0.205078125
152.4,-5.2685546875,0.2099609375
152.7,-5.263671875,0.205078125
153.0,-5.2734375,0.2099609375
153.3,-5.2685546875,0.21484375
153.6,-5.2685546875,0.2099609375
153.9,-5.2685546875,0.2099609375
154.2,-5.2685546875,0.2099609375
154.5,-5.263671875,0.1953125
154.8,-5.2734375,0.2099609375
155.1,-5.2734375,0.2099609375
155.4,-5.2734375,0.2197265625
155.7,-5.2685546875,0.21484375
156.0,-5.2587890625,0.21484375
156.3,-5.263671875,0.2099609375
156.6,-5.263671875,0.21484375
156.9,-5.2734375,0.2197265625
157.2,-5.2734375,0.21484375
157.5,-5.2734375,0.21484375
157.8,-5.2685546875,0.2099609375
158.1,-5.2685546875,0.21484375
158.4,-5.263671875,0.21484375
158.7,-5.2734375,0.21484375
159.0,-5.2734375,0.2099609375
159.3,-5.2783203125,0.205078125
159.6,-5.263671875,0.2099609375
159.9,-5.2685546875,0.205078125
160.2,-5.263671875,0.21484375
160.5,-5.2685546875,0.2197265625
160.8,-5.2685546875,0.21484375
161.1,-5.2734375,0.21484375
161.4,-5.263671875,0.2197265625
161.7,-5.2685546875,0.2197265625
162.0,-5.2685546875,0.2099609375
162.3,-5.263671875,0.21484375
162.6,-5.2734375,0.21484375
162.9,-5.2734375,0.21484375
163.2,-5.2734375,0.205078125
163.5,-5.2685546875,0.205078125
163.8,-5.263671875,0.205078125
164.1,-5.263671875,0.1953125
164.4,-5.2685546875,0.1953125
164.7,-5.2685546875,0.1953125
165.0,-5.2734375,0.1953125
165.3,-5.2685546875,0.205078125
165.6,-5.2685546875,0.2001953125
165.9,-5.263671875,0.205078125
166.2,-5.2685546875,0.205078125
166.5,-5.2685546875,0.205078125
166.8,-5.2734375,0.205078125
167.1,-5.2734375,0.1904296875
167.4,-5.2685546875,0.1904296875
167.7,-5.263671875,0.185546875
168.0,-5.263671875,0.185546875
168.3,-5.2734375,0.1953125
168.6,-5.2685546875,0.1953125
168.9,-5.2685546875,0.1953125
169.2,-5.263671875,0.1904296875
169.5,-5.2685546875,0.1953125
169.8,-5.2685546875,0.205078125
170.1,-5.2685546875,0.2099609375
170.4,-5.2734375,0.2099609375
170.7,-5.2685546875,0.2099609375
171.0,-5.263671875,0.2099609375
171.3,-5.263671875,0.2001953125
171.6,-5.2685546875,0.2001953125
171.9,-5.2783203125,0.1953125
172.2,-5.2783203125,0.1953125
172.5,-5.2685546875,0.2001953125
172.8,-5.2685546875,0.205078125
173.1,-5.263671875,0.21484375
173.4,-5.2685546875,0.21484375
173.7,-5.2685546875,0.205078125
174.0,-5.2734375,0.2001953125
174.3,-5.2685546875,0.2001953125
174.6,-5.2685546875,0.2099609375
174.9,-5.263671875,0.2099609375
175.2,-5.2685546875,0.2099609375
175.5,-5.263671875,0.205078125
175.8,-5.2734375,0.21484375
176.1,-5.2734375,0.1953125
176.4,-5.2685546875,0.2001953125
176.7,-5.263671875,0.205078125
177.0,-5.263671875,0.205078125
177.3,-5.2685546875,0.2001953125
177.6,-5.2685546875,0.205078125
177.9,-5.2734375,0.205078125
178.2,-5.2734375,0.1953125
178.5,-5.2734375,0.2001953125
178.8,-5.263671875,0.205078125
179.1,-5.2685546875,0.2001953125
179.4,-5.263671875,0.1953125
179.7,-5.2734375,0.1953125
180.0,-5.2685546875,0.1904296875
180.3,-5.2734375,0.1953125
180.6,-5.263671875,0.205078125
180.9,-5.263671875,0.2099609375
181.2,-5.263671875,0.205078125
181.5,-5.2734375,0.2001953125
181.8,-5.2685546875,0.1953125
182.1,-5.2734375,0.1953125
182.4,-5.2685546875,0.1904296875
182.7,-5.263671875,0.2001953125
183.0,-5.263671875,0.205078125
183.3,-5.263671875,0.205078125
183.6,-5.2734375,0.1953125
183.9,-5.2734375,0.2001953125
184.2,-5.2685546875,0.1953125
184.5,-5.2685546875,0.1953125
184.8,-5.2685546875,0.1953125
185.1,-5.263671875,0.2001953125
185.4,-5.2734375,0.2001953125
185.7,-5.2685546875,0.1953125
186.0,-5.2734375,0.1953125
186.3,-5.2685546875,0.1953125
186.6,-5.2685546875,0.1904296875
186.9,-5.2587890625,0.185546875
187.2,-5.2685546875,0.1806640625
187.5,-5.263671875,0.17578125
187.8,-5.2734375,0.17578125
188.1,-5.2685546875,0.1904296875
188.4,-5.2685546875,0.1953125
188.7,-5.263671875,0.1904296875
189.0,-5.2685546875,0.1904296875
189.3,-5.2685546875,0.1953125
189.6,-5.2685546875,0.2001953125
189.9,-5.2734375,0.1904296875
190.2,-5.2685546875,0.2001953125
190.5,-5.2685546875,0.1953125
190.8,-5.263671875,0.1953125
191.1,-5.2685546875,0.1953125
191.4,-5.2685546875,0.1904296875
191.7,-5.2734375,0.2099609375
192.0,-5.2734375,0.2099609375
192.3,-5.2734375,0.21484375
192.6,-5.2587890625,0.21484375
192.9,-5.2685546875,0.2197265625
193.2,-5.2685546875,0.2197265625
193.5,-5.2734375,0.2099609375
193.8,-5.2734375,0.2099609375
194.1,-5.2734375,0.2001953125
194.4,-5.263671875,0.1904296875
194.7,-5.2685546875,0.1904296875
195.0,-5.263671875,0.185546875
195.3,-5.2685546875,0.1904296875
195.6,-5.2734375,0.185546875
195.9,-5.2685546875,0.1806640625
196.2,-5.2685546875,0.17578125
196.5,-5.2685546875,0.1708984375
196.8,-5.2685546875,0.1708984375
197.1,-5.2685546875,0.17578125
197.4,-5.2734375,0.185546875
197.7,-5.2734375,0.185546875
198.0,-5.2685546875,0.185546875
198.3,-5.263671875,0.185546875
198.6,-5.2685546875,0.185546875
198.9,-5.263671875,0.1904296875
199.2,-5.2734375,0.1904296875
199.5,-5.2734375,0.185546875
199.8,-5.2734375,0.1904296875
200.1,-5.2783203125,0.1904296875
200.4,-5.2685546875,0.1953125
200.7,-5.263671875,0.205078125
201.0,-5.2685546875,0.1953125
201.3,-5.2685546875,0.1953125
201.6,-5.2734375,0.205078125
201.9,-5.2734375,0.263671875
202.2,-5.2685546875,0.25390625
202.5,-5.2685546875,0.244140625
202.8,-5.2685546875,0.2392578125
203.1,-5.2685546875,0.2392578125
203.4,-5.2734375,0.234375
203.7,-5.2783203125,0.2392578125
204.0,-5.2734375,0.2392578125
204.3,-5.2685546875,0.2294921875
204.6,-5.263671875,0.224609375
204.9,-5.2734375,0.2197265625
205.2,-5.2685546875,0.21484375
205.5,-5.2734375,0.2099609375
205.8,-5.2734375,0.2099609375
206.1,-5.2734375,0.2099609375
206.4,-5.263671875,0.205078125
206.7,-5.2685546875,0.205078125
207.0,-5.263671875,0.2001953125
207.3,-5.2734375,0.2001953125
207.6,-5.2734375,0.2001953125
207.9,-5.2685546875,0.1953125
208.2,-5.263671875,0.1904296875
208.5,-5.263671875,0.1904296875
208.8,-5.2685546875,0.1904296875
209.1,-5.2685546875,0.185546875
209.4,-5.2734375,0.185546875
209.7,-5.2685546875,0.185546875
210.0,-5.263671875,0.1806640625
210.3,-5.263671875,0.1904296875
210.6,-5.2685546875,0.1904296875
210.9,-5.263671875,0.1953125
211.2,-5.2734375,0.1904296875
211.5,-5.2734375,0.2001953125
211.8,-5.2734375,0.2001953125
212.1,-5.263671875,0.205078125
212.4,-5.2685546875,0.2001953125
212.7,-5.263671875,0.2001953125
213.0,-5.2685546875,0.205078125
213.3,-5.2685546875,0.205078125
213.6,-5.2734375,0.21484375
213.9,-5.2685546875,0.205078125
214.2,-5.2685546875,0.21484375
214.5,-5.263671875,0.205078125
214.8,-5.2685546875,0.205078125
215.1,-5.2734375,0.2099609375
215.4,-5.2734375,0.2099609375
215.7,-5.2734375,0.2099609375
216.0,-5.2685546875,0.2099609375
216.3,-5.263671875,0.2099609375
216.6,-5.2685546875,0.21484375
216.9,-5.263671875,0.2099609375
217.2,-5.2685546875,0.2197265625
217.5,-5.263671875,0.21484375
217.8,-5.2734375,0.2197265625
218.1,-5.2734375,0.21484375
218.4,-5.2734375,0.2099609375
218.7,-5.263671875,0.205078125
219.0,-5.2734375,0.205078125
219.3,-5.263671875,0.205078125
219.6,-5.2685546875,0.2001953125
219.9,-5.2685546875,0.1904296875
220.2,-5.2734375,0.185546875
220.5,-5.2685546875,0.185546875
220.8,-5.2685546875,0.1904296875
221.1,-5.263671875,0.1904296875
221.4,-5.2685546875,0.1953125
221.7,-5.2734375,0.1953125
222.0,-5.2734375,0.1904296875
222.3,-5.2734375,0.1904296875
222.6,-5.2685546875,0.1904296875
222.9,-5.2685546875,0.185546875
223.2,-5.2685546875,0.1953125
223.5,-5.2734375,0.1904296875
223.8,-5.2685546875,0.185546875
224.1,-5.2685546875,0.1953125
224.4,-5.2685546875,0.1953125
224.7,-5.2685546875,0.2001953125
225.0,-5.2685546875,0.205078125
225.3,-5.2783203125,0.166015625
225.6,-5.2685546875,0.166015625
225.9,-5.2734375,0.1708984375
226.2,-5.263671875,0.1708984375
226.5,-5.2685546875,0.1708984375
226.8,-5.2685546875,0.17578125
227.1,-5.2734375,0.17578125
227.4,-5.2685546875,0.17578125
227.7,-5.2734375,0.17578125
228.0,-5.263671875,0.17578125
228.3,-5.2685546875,0.1806640625
228.6,-5.263671875,0.185546875
228.9,-5.2685546875,0.185546875
229.2,-5.2734375,0.1904296875
229.5,-5.2685546875,0.185546875
229.8,-5.2734375,0.1904296875
230.1,-5.2734375,0.1904296875
230.4,-5.2783203125,0.1904296875
230.7,-5.2685546875,0.1904296875
231.0,-5.2685546875,0.1904296875
231.3,-5.263671875,0.1904296875
231.6,-5.263671875,0.1904296875
231.9,-5.2685546875,0.185546875
232.2,-5.2685546875,0.1806640625
232.5,-5.2734375,0.185546875
232.8,-5.2734375,0.185546875
233.1,-5.2685546875,0.1806640625
233.4,-5.2685546875,0.1806640625
233.7,-5.2685546875,0.185546875
234.0,-5.2734375,0.185546875
234.3,-5.2734375,0.1904296875
234.6,-5.263671875,0.1904296875
234.9,-5.263671875,0.1904296875
235.2,-5.2685546875,0.1904296875
235.5,-5.2734375,0.1904296875
235.8,-5.2685546875,0.1904296875
236.1,-5.2685546875,0.1904296875
236.4,-5.263671875,0.1953125
236.7,-5.2783203125,0.1904296875
237.0,-5.2734375,0.1953125
237.3,-5.2685546875,0.1904296875
237.6,-5.263671875,0.1953125
237.9,-5.2685546875,0.1953125
238.2,-5.2783203125,0.1904296875
238.5,-5.2783203125,0.1953125
238.8,-0.95703125,0.13671875
239.1,-0.9423828125,0.1025390625
239.4,-0.8984375,0.078125
239.7,-0.8984375,0.05859375
240.0,-0.9033203125,0.0390625
240.3,-0.908203125,0.712890625
240.6,-0.908203125,-0.537109375
240.9,-0.9033203125,-0.5908203125
241.2,-0.9033203125,-0.615234375
241.5,-0.908203125,-0.634765625
241.8,-0.9033203125,-0.6494140625
242.1,-0.9130859375,-0.673828125
242.4,-0.908203125,-0.6982421875
242.7,-0.9130859375,-0.7177734375
243.0,-0.9130859375,-0.7373046875
243.3,-0.908203125,-0.7421875
243.6,-0.91796875,-0.751953125
243.9,-0.9130859375,-0.7568359375
244.2,-0.9130859375,-0.76171875
244.5,-0.908203125,-0.76171875
244.8,-0.908203125,-0.76171875
245.1,-0.9130859375,-0.76171875
245.4,-0.908203125,-0.7666015625
245.7,-0.908203125,-0.7666015625
246.0,-0.908203125,-0.7666015625
246.3,-0.9130859375,-0.7666015625
246.6,-0.908203125,-0.7666015625
246.9,-0.9130859375,-0.7666015625
247.2,-0.908203125,-0.7666015625
247.5,-0.908203125,-0.771484375
247.8,-0.9130859375,-0.7666015625
248.1,-0.9130859375,-0.7666015625
248.4,-0.908203125,-0.7666015625
248.7,-0.908203125,-0.7666015625
249.0,-0.908203125,-0.771484375
249.3,-0.908203125,-0.771484375
249.6,-0.9130859375,-0.7666015625
249.9,-0.9033203125,-0.771484375
250.2,-0.908203125,-0.771484375
250.5,-0.9033203125,-0.771484375
250.8,-0.908203125,-0.771484375
251.1,-0.908203125,-0.771484375
251.4,-0.908203125,-0.771484375
251.7,-0.908203125,-0.7763671875
252.0,-0.9130859375,-0.771484375
252.3,-0.908203125,-0.771484375
252.6,-0.908203125,-0.771484375
252.9,-0.908203125,-0.771484375
253.2,-0.908203125,-0.7763671875
253.5,-0.908203125,-0.7763671875
253.8,-0.908203125,-0.7763671875
254.1,-0.908203125,-0.771484375
254.4,-0.908203125,-0.771484375
254.7,-0.908203125,-0.7763671875
255.0,-0.9130859375,-0.7763671875
255.3,-0.908203125,-0.7763671875
255.6,-0.908203125,-0.7763671875
255.9,-0.908203125,-0.7763671875
256.2,-0.908203125,-0.7763671875
256.5,-0.908203125,-0.78125
256.8,-0.908203125,-0.7763671875
257.1,-0.908203125,-0.7763671875
257.4,-0.908203125,-0.7763671875
257.7,-0.908203125,-0.7763671875
258.0,-0.908203125,-0.7763671875
258.3,-0.908203125,-0.7763671875
258.6,-0.908203125,-0.78125
258.9,-0.908203125,-0.7763671875
259.2,-0.908203125,-0.7763671875
259.5,-0.908203125,-0.78125
259.8,-0.908203125,-0.78125
260.1,-0.9130859375,-0.78125
260.4,-0.9130859375,-0.7861328125
260.7,-0.908203125,-0.78125
261.0,-0.9130859375,-0.78125
261.3,-0.908203125,-0.7861328125
261.6,-0.908203125,-0.78125
261.9,-0.908203125,-0.78125
262.2,-0.908203125,-0.78125
262.5,-0.9130859375,-0.78125
262.8,-0.908203125,-0.78125
263.1,-0.908203125,-0.78125
263.4,-0.9130859375,-0.78125
263.7,-0.9130859375,-0.7861328125
264.0,-0.9130859375,-0.78125
264.3,-0.908203125,-0.7861328125
264.6,-0.9130859375,-0.78125
264.9,-0.9130859375,-0.78125
265.2,-0.908203125,-0.78125
265.5,-0.908203125,-0.78125
265.8,-0.908203125,-0.7861328125
266.1,-0.908203125,-0.78125
266.4,-0.908203125,-0.78125
266.7,-0.908203125,-0.791015625
267.0,-0.908203125,-0.78125
267.3,-0.908203125,-0.7861328125
267.6,-0.908203125,-0.78125
