0.0,-4.794921875,0.3076171875
0.3,-4.8291015625,0.3515625
0.6,-4.8486328125,0.4052734375
0.9,-4.8681640625,0.44921875
1.2,-4.892578125,0.478515625
1.5,-4.912109375,0.46875
1.8,-4.9365234375,0.4296875
2.1,-4.970703125,0.37109375
2.4,-5.0,0.3662109375
2.7,-5.01953125,0.400390625
3.0,-5.048828125,0.4052734375
3.3,-5.068359375,0.380859375
3.6,-5.09765625,0.4541015625
3.9,-5.1220703125,0.4443359375
4.2,-5.1611328125,0.4296875
4.5,-5.185546875,0.458984375
4.8,-5.21484375,0.4052734375
5.1,-5.2392578125,0.3515625
5.4,-5.2685546875,0.2587890625
5.7,-5.2978515625,0.17578125
6.0,-5.3271484375,0.1123046875
6.3,-5.3564453125,0.05859375
6.6,-5.3857421875,0.0439453125
6.9,-5.4052734375,0.0146484375
7.2,-5.4345703125,-0.0341796875
7.5,-5.4541015625,-0.087890625
7.8,-5.48828125,-0.1416015625
8.1,-5.5126953125,-0.185546875
8.4,-5.5419921875,-0.244140625
8.7,-5.56640625,-0.25390625
9.0,-5.5859375,-0.244140625
9.3,-5.6103515625,-0.2490234375
9.6,-5.634765625,-0.244140625
9.9,-5.6591796875,-0.234375
10.2,-5.68359375,-0.2099609375
10.5,-5.712890625,-0.1611328125
10.8,-5.7275390625,-0.1171875
11.1,-5.751953125,-0.1123046875
11.4,-5.7763671875,-0.078125
11.7,-5.8056640625,-0.068359375
12.0,-5.830078125,-0.0341796875
12.3,-5.8642578125,0.0
12.6,-3.173828125,0.0
12.9,-3.1982421875,0.0439453125
13.2,-3.2177734375,0.0634765625
13.5,-3.2470703125,0.068359375
13.8,-3.271484375,0.1025390625
14.1,-3.30078125,0.15625
14.4,-3.3203125,0.2783203125
14.7,-3.349609375,0.2880859375
15.0,-3.3642578125,0.3173828125
15.3,-3.388671875,0.302734375
15.6,-3.408203125,0.1611328125
15.9,-3.447265625,0.09765625
16.2,-3.466796875,0.1318359375
16.5,-3.4912109375,0.087890625
16.8,-3.505859375,0.0830078125
17.1,-3.5302734375,0.05859375
17.4,-3.5546875,0.107421875
17.7,-3.5791015625,0.1220703125
18.0,-3.6083984375,0.1513671875
18.3,-3.6328125,0.224609375
18.6,-3.6572265625,0.1611328125
18.9,-3.6767578125,0.1708984375
19.2,-3.701171875,0.224609375
19.5,-3.73046875,0.1904296875
19.8,-3.7548828125,0.17578125
20.1,-3.76953125,0.126953125
20.4,-3.798828125,0.13671875
20.7,-3.8134765625,0.15625
21.0,-3.8427734375,0.1025390625
21.3,-3.8720703125,0.0927734375
21.6,-3.896484375,0.068359375
21.9,-3.9111328125,0.126953125
22.2,-3.935546875,0.1806640625
22.5,-3.955078125,0.2490234375
22.8,-3.9794921875,0.2685546875
23.1,-4.0087890625,0.244140625
23.4,-4.033203125,0.33203125
23.7,-4.0576171875,0.419921875
24.0,-4.072265625,0.4296875
24.3,-4.0966796875,0.4150390625
24.6,-4.1162109375,0.322265625
24.9,-4.140625,0.2685546875
25.2,-4.169921875,0.205078125
25.5,-4.1943359375,0.2880859375
25.8,-4.208984375,0.3173828125
26.1,-4.2333984375,0.3466796875
26.4,-4.248046875,0.380859375
26.7,-4.2724609375,0.341796875
27.0,-4.3017578125,0.2978515625
27.3,-4.3212890625,0.2685546875
27.6,-4.35546875,0.283203125
27.9,-4.3701171875,0.2734375
28.2,-4.3896484375,0.29296875
28.5,-4.4091796875,0.3759765625
28.8,-4.4384765625,0.400390625
29.1,-4.462890625,0.3369140625
29.4,-4.4873046875,0.283203125
29.7,-4.5068359375,0.263671875
30.0,-4.53125,0.3564453125
30.3,-4.55078125,0.3857421875
30.6,-4.5703125,0.3271484375
30.9,-4.6044921875,0.3759765625
31.2,-4.6240234375,0.3564453125
31.5,-4.6484375,0.2734375
31.8,-4.6728515625,0.1806640625
32.1,-4.6875,0.205078125
32.4,-4.7119140625,0.1611328125
32.7,-4.7314453125,0.1416015625
33.0,-4.7607421875,0.1904296875
33.3,-4.78515625,0.302734375
33.6,-4.8095703125,0.4248046875
33.9,-4.8291015625,0.478515625
34.2,-4.853515625,0.4833984375
34.5,-4.8681640625,0.556640625
34.8,-4.8974609375,0.5615234375
35.1,-4.921875,0.56640625
35.4,-4.951171875,0.595703125
35.7,-4.9755859375,0.5712890625
36.0,-4.9951171875,0.6005859375
36.3,-5.009765625,0.6494140625
36.6,-5.0390625,0.615234375
36.9,-5.0634765625,0.6494140625
37.2,-5.0927734375,0.68359375
37.5,-5.1171875,0.6494140625
37.8,-5.1416015625,0.5615234375
38.1,-5.1611328125,0.498046875
38.4,-5.1806640625,0.44921875
38.7,-5.2099609375,0.439453125
39.0,-5.2392578125,0.458984375
39.3,-5.2685546875,0.390625
39.6,-5.2880859375,0.33203125
39.9,-5.3173828125,0.25390625
40.2,-5.3369140625,0.2294921875
40.5,-5.37109375,0.15625
40.8,-5.400390625,0.1025390625
41.1,-5.439453125,0.0390625
41.4,-5.4638671875,-0.0390625
41.7,-5.498046875,-0.1904296875
42.0,-5.5224609375,-0.25390625
42.3,-5.546875,-0.283203125
42.6,-5.576171875,-0.302734375
42.9,-5.60546875,-0.2978515625
43.2,-5.625,-0.2978515625
43.5,-5.654296875,-0.2880859375
43.8,-5.673828125,-0.263671875
44.1,-5.693359375,-0.21484375
44.4,-5.7177734375,-0.166015625
44.7,-5.7421875,-0.1220703125
45.0,-5.7763671875,-0.087890625
45.3,-5.7958984375,-0.0732421875
45.6,-5.8203125,-0.0390625
45.9,-5.83984375,-0.029296875
46.2,-3.1591796875,-0.0048828125
46.5,-3.173828125,-0.0390625
46.8,-3.212890625,0.0048828125
47.1,-3.232421875,-0.0146484375
47.4,-3.26171875,0.0439453125
47.7,-3.2763671875,0.0048828125
48.0,-3.30078125,0.0
48.3,-3.3203125,-0.009765625
48.6,-3.349609375,-0.048828125
48.9,-3.3740234375,-0.0341796875
49.2,-3.3935546875,0.0244140625
49.5,-3.4130859375,0.0537109375
49.8,-3.4326171875,0.0439453125
50.1,-3.4619140625,-0.0048828125
50.4,-3.49609375,-0.0146484375
50.7,-3.5107421875,-0.01953125
51.0,-3.53515625,0.0146484375
51.3,-3.564453125,0.0244140625
51.6,-3.583984375,0.1025390625
51.9,-3.603515625,0.21484375
52.2,-3.6328125,0.146484375
52.5,-3.6572265625,0.126953125
52.8,-3.6767578125,0.2099609375
53.1,-3.69140625,0.15625
53.4,-3.7158203125,0.185546875
53.7,-3.7353515625,0.166015625
54.0,-3.7646484375,0.1611328125
54.3,-3.7841796875,0.1416015625
54.6,-3.80859375,0.1904296875
54.9,-3.828125,0.2587890625
55.2,-3.84765625,0.322265625
55.5,-3.8671875,0.2685546875
55.8,-3.896484375,0.2587890625
56.1,-3.916015625,0.3271484375
56.4,-3.9404296875,0.3564453125
56.7,-3.955078125,0.3271484375
57.0,-3.9892578125,0.3271484375
57.3,-4.0087890625,0.3125
57.6,-4.0234375,0.29296875
57.9,-4.0380859375,0.3076171875
58.2,-4.0625,0.283203125
58.5,-4.0869140625,0.2783203125
58.8,-4.111328125,0.3076171875
59.1,-4.1357421875,0.2587890625
59.4,-4.1552734375,0.234375
59.7,-4.1796875,0.21484375
60.0,-4.1943359375,0.2294921875
60.3,-4.2138671875,0.146484375
60.6,-4.248046875,0.0341796875
60.9,-4.267578125,-0.0341796875
61.2,-4.2919921875,0.0439453125
61.5,-4.306640625,0.0244140625
61.8,-4.326171875,0.087890625
62.1,-4.345703125,0.146484375
62.4,-4.375,0.2685546875
62.7,-4.3994140625,0.37109375
63.0,-4.423828125,0.322265625
63.3,-4.4384765625,0.244140625
63.6,-4.462890625,0.2685546875
63.9,-4.4873046875,0.21484375
64.2,-4.51171875,0.224609375
64.5,-4.541015625,0.2685546875
64.8,-4.560546875,0.361328125
65.1,-4.5849609375,0.3173828125
65.4,-4.599609375,0.33203125
65.7,-4.6240234375,0.3955078125
66.0,-4.6484375,0.4052734375
66.3,-4.6728515625,0.3662109375
66.6,-4.697265625,0.3564453125
66.9,-4.7265625,0.29296875
67.2,-4.736328125,0.3662109375
67.5,-4.765625,0.3857421875
67.8,-4.7802734375,0.4248046875
68.1,-4.8095703125,0.41015625
68.4,-4.8388671875,0.439453125
68.7,-4.8583984375,0.48828125
69.0,-4.8876953125,0.5078125
69.3,-4.9072265625,0.5322265625
69.6,-4.921875,0.5078125
69.9,-4.9462890625,0.5322265625
70.2,-4.970703125,0.625
70.5,-4.9951171875,0.6103515625
70.8,-5.01953125,0.6591796875
71.1,-5.0390625,0.7421875
71.4,-5.05859375,0.712890625
71.7,-5.078125,0.703125
72.0,-5.107421875,0.6494140625
72.3,-5.1318359375,0.6298828125
72.6,-5.15625,0.5859375
72.9,-5.17578125,0.5029296875
73.2,-5.2001953125,0.517578125
73.5,-5.2099609375,0.5126953125
73.8,-5.244140625,0.517578125
74.1,-5.263671875,0.4541015625
74.4,-5.29296875,0.3662109375
74.7,-5.3125,0.3125
75.0,-5.3369140625,0.2490234375
75.3,-5.3564453125,0.1611328125
75.6,-5.3759765625,0.15625
75.9,-5.4052734375,0.107421875
76.2,-5.4296875,0.0537109375
76.5,-5.4541015625,-0.01953125
76.8,-5.4736328125,-0.0732421875
77.1,-5.4931640625,-0.1513671875
77.4,-5.5078125,-0.185546875
77.7,-5.537109375,-0.2197265625
78.0,-5.556640625,-0.2783203125
78.3,-5.5859375,-0.29296875
78.6,-5.60546875,-0.322265625
78.9,-5.6298828125,-0.3271484375
79.2,-5.654296875,-0.3125
79.5,-5.673828125,-0.2978515625
79.8,-5.693359375,-0.2587890625
80.1,-5.712890625,-0.244140625
80.4,-5.7373046875,-0.1953125
80.7,-5.7568359375,-0.146484375
81.0,-5.7861328125,-0.107421875
81.3,-5.810546875,-0.078125
81.6,-5.830078125,-0.029296875
81.9,-5.849609375,0.009765625
82.2,-3.1591796875,0.0439453125
82.5,-3.1884765625,0.068359375
82.8,-3.212890625,0.009765625
83.1,-3.2373046875,0.009765625
83.4,-3.2568359375,0.048828125
83.7,-3.2763671875,0.1025390625
84.0,-3.291015625,0.0634765625
84.3,-3.3251953125,0.078125
84.6,-3.3447265625,0.1171875
84.9,-3.3642578125,0.126953125
85.2,-3.388671875,0.1025390625
85.5,-3.4130859375,0.1708984375
85.8,-3.4326171875,0.234375
86.1,-3.4521484375,0.2734375
86.4,-3.4765625,0.2783203125
86.7,-3.5009765625,0.263671875
87.0,-3.525390625,0.2197265625
87.3,-3.544921875,0.2392578125
87.6,-3.564453125,0.2197265625
87.9,-3.5791015625,0.1611328125
88.2,-3.6083984375,0.2001953125
88.5,-3.6279296875,0.302734375
88.8,-3.6572265625,0.3125
89.1,-3.6767578125,0.2978515625
89.4,-3.701171875,0.263671875
89.7,-3.7158203125,0.263671875
90.0,-3.7353515625,0.2978515625
90.3,-3.759765625,0.2685546875
90.6,-3.7939453125,0.3125
90.9,-3.80859375,0.3271484375
91.2,-3.8330078125,0.33203125
91.5,-3.8525390625,0.3271484375
91.8,-3.8671875,0.29296875
92.1,-3.8916015625,0.2587890625
92.4,-3.916015625,0.21484375
92.7,-3.9453125,0.185546875
93.0,-3.96484375,0.087890625
93.3,-3.9794921875,0.1171875
93.6,-4.0087890625,0.087890625
93.9,-4.033203125,0.205078125
94.2,-4.052734375,0.2587890625
94.5,-4.072265625,0.2294921875
94.8,-4.1015625,0.2978515625
95.1,-4.12109375,0.3271484375
95.4,-4.150390625,0.380859375
95.7,-4.169921875,0.41015625
96.0,-4.1943359375,0.4296875
96.3,-4.208984375,0.4443359375
96.6,-4.2333984375,0.361328125
96.9,-4.2529296875,0.3759765625
97.2,-4.2822265625,0.3271484375
97.5,-4.306640625,0.3173828125
97.8,-4.326171875,0.3271484375
98.1,-4.3505859375,0.341796875
98.4,-4.375,0.3564453125
98.7,-4.3994140625,0.3271484375
99.0,-4.423828125,0.2490234375
99.3,-4.443359375,0.205078125
99.6,-4.4677734375,0.2392578125
99.9,-4.4873046875,0.2197265625
100.2,-4.5068359375,0.2734375
100.5,-4.5361328125,0.2880859375
100.8,-4.560546875,0.37109375
101.1,-4.580078125,0.3955078125
101.4,-4.599609375,0.458984375
101.7,-4.6240234375,0.517578125
102.0,-4.6435546875,0.478515625
102.3,-4.66796875,0.478515625
102.6,-4.697265625,0.33203125
102.9,-4.716796875,0.283203125
103.2,-4.7412109375,0.283203125
103.5,-4.755859375,0.322265625
103.8,-4.7802734375,0.341796875
104.1,-4.7998046875,0.3466796875
104.4,-4.8291015625,0.4345703125
104.7,-4.8583984375,0.4541015625
105.0,-4.8828125,0.458984375
105.3,-4.90234375,0.48828125
105.6,-4.9267578125,0.537109375
105.9,-4.951171875,0.595703125
106.2,-4.9755859375,0.6005859375
106.5,-5.0048828125,0.6103515625
106.8,-5.0341796875,0.634765625
107.1,-5.068359375,0.68359375
107.4,-5.0927734375,0.7568359375
107.7,-5.1220703125,0.7080078125
108.0,-5.1416015625,0.6982421875
108.3,-5.1708984375,0.712890625
108.6,-5.2001953125,0.7177734375
108.9,-5.224609375,0.64453125
109.2,-5.2490234375,0.6298828125
109.5,-5.2783203125,0.5615234375
109.8,-5.29296875,0.5224609375
110.1,-5.3173828125,0.4638671875
110.4,-5.3466796875,0.390625
110.7,-5.3662109375,0.3271484375
111.0,-5.390625,0.2734375
111.3,-5.41015625,0.21484375
111.6,-5.4443359375,0.146484375
111.9,-5.46875,0.05859375
112.2,-5.4931640625,-0.029296875
112.5,-5.5029296875,-0.087890625
112.8,-5.52734375,-0.13671875
113.1,-5.5517578125,-0.185546875
113.4,-5.5712890625,-0.234375
113.7,-5.6005859375,-0.234375
114.0,-5.6201171875,-0.2294921875
114.3,-5.64453125,-0.234375
114.6,-5.6689453125,-0.244140625
114.9,-5.693359375,-0.234375
115.2,-5.712890625,-0.224609375
115.5,-5.732421875,-0.205078125
115.8,-5.751953125,-0.166015625
116.1,-5.78125,-0.1318359375
116.4,-5.80078125,-0.0927734375
116.7,-5.830078125,-0.078125
117.0,-5.849609375,-0.0390625
117.3,-3.1640625,-0.0390625
117.6,-3.1787109375,0.0439453125
117.9,-3.2080078125,0.1123046875
118.2,-3.22265625,0.1025390625
118.5,-3.2470703125,0.1318359375
118.8,-3.2763671875,0.0927734375
119.1,-3.2958984375,0.05859375
119.4,-3.3251953125,0.078125
119.7,-3.33984375,0.107421875
120.0,-3.359375,0.0439453125
120.3,-3.37890625,0.126953125
120.6,-3.4033203125,0.166015625
120.9,-3.427734375,0.1416015625
121.2,-3.4521484375,0.1611328125
121.5,-3.4765625,0.146484375
121.8,-3.5009765625,0.205078125
122.1,-3.5205078125,0.2685546875
122.4,-3.5498046875,0.2294921875
122.7,-3.564453125,0.1513671875
123.0,-3.583984375,0.166015625
123.3,-3.61328125,0.166015625
123.6,-3.6279296875,0.15625
123.9,-3.6572265625,0.1171875
124.2,-3.6767578125,0.13671875
124.5,-3.7060546875,0.1171875
124.8,-3.7255859375,0.1416015625
125.1,-3.75,0.1708984375
125.4,-3.7646484375,0.21484375
125.7,-3.7890625,0.17578125
126.0,-3.80859375,0.2099609375
126.3,-3.837890625,0.205078125
126.6,-3.857421875,0.185546875
126.9,-3.8818359375,0.146484375
127.2,-3.90625,0.1171875
127.5,-3.92578125,0.078125
127.8,-3.9453125,0.1904296875
128.1,-3.9697265625,0.2197265625
128.4,-3.9990234375,0.2587890625
128.7,-4.0185546875,0.185546875
129.0,-4.04296875,0.1806640625
129.3,-4.0625,0.1416015625
129.6,-4.08203125,0.234375
129.9,-4.1064453125,0.25390625
130.2,-4.130859375,0.244140625
130.5,-4.16015625,0.2001953125
130.8,-4.1796875,0.185546875
131.1,-4.1943359375,0.146484375
131.4,-4.2236328125,0.234375
131.7,-4.2431640625,0.3271484375
132.0,-4.2626953125,0.3515625
132.3,-4.2919921875,0.3515625
132.6,-4.31640625,0.380859375
132.9,-4.3408203125,0.41015625
133.2,-4.3603515625,0.3173828125
133.5,-4.384765625,0.361328125
133.8,-4.404296875,0.3466796875
134.1,-4.4287109375,0.390625
134.4,-4.443359375,0.4052734375
134.7,-4.482421875,0.4736328125
135.0,-4.4970703125,0.46875
135.3,-4.521484375,0.4443359375
135.6,-4.541015625,0.4248046875
135.9,-4.560546875,0.3125
136.2,-4.580078125,0.2734375
136.5,-4.6044921875,0.302734375
136.8,-4.638671875,0.380859375
137.1,-4.658203125,0.4443359375
137.4,-4.677734375,0.4443359375
137.7,-4.697265625,0.4248046875
138.0,-4.7265625,0.3515625
138.3,-4.74609375,0.419921875
138.6,-4.7607421875,0.4345703125
138.9,-4.7900390625,0.3662109375
139.2,-4.814453125,0.341796875
139.5,-4.8291015625,0.3515625
139.8,-4.8486328125,0.390625
140.1,-4.873046875,0.46875
140.4,-4.8974609375,0.4736328125
140.7,-4.9169921875,0.5078125
141.0,-4.9462890625,0.5029296875
141.3,-4.970703125,0.498046875
141.6,-4.990234375,0.5615234375
141.9,-5.0048828125,0.6396484375
142.2,-5.029296875,0.6494140625
142.5,-5.0537109375,0.712890625
142.8,-5.0830078125,0.6884765625
143.1,-5.1025390625,0.7275390625
143.4,-5.126953125,0.7568359375
143.7,-5.13671875,0.7275390625
144.0,-5.1611328125,0.634765625
144.3,-5.1806640625,0.615234375
144.6,-5.21484375,0.6494140625
144.9,-5.234375,0.5810546875
145.2,-5.25390625,0.5517578125
145.5,-5.2734375,0.52734375
145.8,-5.2978515625,0.4833984375
146.1,-5.322265625,0.44921875
146.4,-5.341796875,0.4150390625
146.7,-5.37109375,0.3857421875
147.0,-5.3857421875,0.3515625
147.3,-5.4052734375,0.224609375
147.6,-5.4248046875,0.126953125
147.9,-5.4541015625,0.078125
148.2,-5.4736328125,0.009765625
148.5,-5.5029296875,-0.048828125
148.8,-5.5224609375,-0.1171875
149.1,-5.546875,-0.185546875
149.4,-5.5615234375,-0.244140625
149.7,-5.5859375,-0.3125
150.0,-5.6103515625,-0.3076171875
150.3,-5.634765625,-0.3173828125
150.6,-5.6591796875,-0.3173828125
150.9,-5.6689453125,-0.2587890625
151.2,-5.6982421875,-0.234375
151.5,-5.72265625,-0.224609375
151.8,-5.7470703125,-0.2001953125
152.1,-5.7666015625,-0.1806640625
152.4,-5.791015625,-0.1708984375
152.7,-5.8056640625,-0.15625
153.0,-5.830078125,-0.1123046875
153.3,-5.849609375,-0.0341796875
153.6,-3.1689453125,-0.048828125
153.9,-3.193359375,0.01953125
154.2,-3.2177734375,-0.0048828125
154.5,-3.232421875,-0.0634765625
154.8,-3.26171875,-0.029296875
155.1,-3.2763671875,-0.009765625
155.4,-3.3056640625,0.0146484375
155.7,-3.3251953125,0.0439453125
156.0,-3.3544921875,0.05859375
156.3,-3.3740234375,0.05859375
156.6,-3.3935546875,0.1171875
156.9,-3.4130859375,0.1953125
157.2,-3.4423828125,0.2001953125
157.5,-3.4716796875,0.166015625
157.8,-3.4814453125,0.1220703125
158.1,-3.5009765625,0.0732421875
158.4,-3.5205078125,0.01953125
158.7,-3.5498046875,-0.0341796875
159.0,-3.5693359375,0.029296875
159.3,-3.59375,0.087890625
159.6,-3.61328125,0.0732421875
159.9,-3.6376953125,0.1416015625
160.2,-3.6572265625,0.1513671875
160.5,-3.6767578125,0.1708984375
160.8,-3.701171875,0.1904296875
161.1,-3.73046875,0.1123046875
161.4,-3.75,0.107421875
161.7,-3.7744140625,0.0927734375
162.0,-3.7890625,0.1318359375
162.3,-3.8134765625,0.15625
162.6,-3.8330078125,0.146484375
162.9,-3.857421875,0.166015625
163.2,-3.876953125,0.234375
163.5,-3.9013671875,0.2001953125
163.8,-3.92578125,0.1953125
164.1,-3.9501953125,0.13671875
164.4,-3.9697265625,0.1171875
164.7,-3.984375,0.0537109375
165.0,-4.0087890625,0.05859375
165.3,-4.033203125,0.068359375
165.6,-4.0625,0.09765625
165.9,-4.08203125,0.166015625
166.2,-4.1015625,0.205078125
166.5,-4.1259765625,0.21484375
166.8,-4.140625,0.234375
167.1,-4.1650390625,0.185546875
167.4,-4.1943359375,0.1953125
167.7,-4.21875,0.1611328125
168.0,-4.23828125,0.244140625
168.3,-4.2578125,0.3173828125
168.6,-4.2822265625,0.3076171875
168.9,-4.306640625,0.3564453125
169.2,-4.326171875,0.4248046875
169.5,-4.3505859375,0.400390625
169.8,-4.3701171875,0.3955078125
170.1,-4.3896484375,0.3662109375
170.4,-4.4091796875,0.439453125
170.7,-4.43359375,0.361328125
171.0,-4.462890625,0.3857421875
171.3,-4.4921875,0.3955078125
171.6,-4.501953125,0.400390625
171.9,-4.5263671875,0.3759765625
172.2,-4.541015625,0.380859375
172.5,-4.5703125,0.4443359375
172.8,-4.58984375,0.37109375
173.1,-4.6240234375,0.283203125
173.4,-4.6435546875,0.185546875
173.7,-4.6630859375,0.205078125
174.0,-4.6728515625,0.1611328125
174.3,-4.70703125,0.1220703125
174.6,-4.7314453125,0.17578125
174.9,-4.755859375,0.1220703125
175.2,-4.7705078125,0.048828125
175.5,-4.7998046875,0.0390625
175.8,-4.82421875,0.13671875
176.1,-4.8486328125,0.244140625
176.4,-4.86328125,0.3125
176.7,-4.8828125,0.4150390625
177.0,-4.9072265625,0.4443359375
177.3,-4.9365234375,0.4541015625
177.6,-4.9609375,0.4345703125
177.9,-4.98046875,0.439453125
178.2,-5.0,0.4443359375
178.5,-5.01953125,0.5029296875
178.8,-5.0390625,0.4541015625
179.1,-5.0634765625,0.4443359375
179.4,-5.087890625,0.4931640625
179.7,-5.1123046875,0.5029296875
180.0,-5.1318359375,0.556640625
180.3,-5.1513671875,0.6396484375
180.6,-5.1806640625,0.64453125
180.9,-5.1953125,0.6103515625
181.2,-5.2197265625,0.6005859375
181.5,-5.2392578125,0.5712890625
181.8,-5.2685546875,0.498046875
182.1,-5.283203125,0.48828125
182.4,-5.3173828125,0.4736328125
182.7,-5.33203125,0.46875
183.0,-5.3564453125,0.4248046875
183.3,-5.37109375,0.3857421875
183.6,-5.3955078125,0.33203125
183.9,-5.419921875,0.3173828125
184.2,-5.4443359375,0.2392578125
184.5,-5.46875,0.17578125
184.8,-5.48828125,0.1416015625
185.1,-5.5078125,0.0537109375
185.4,-5.5322265625,-0.0048828125
185.7,-5.5517578125,-0.087890625
186.0,-5.576171875,-0.1220703125
186.3,-5.60546875,-0.17578125
186.6,-5.6298828125,-0.21484375
186.9,-5.6494140625,-0.224609375
187.2,-5.6640625,-0.2001953125
187.5,-5.6884765625,-0.1904296875
187.8,-5.712890625,-0.1806640625
188.1,-5.7470703125,-0.1904296875
188.4,-5.76171875,-0.1708984375
188.7,-5.7861328125,-0.1416015625
189.0,-5.80078125,-0.1318359375
189.3,-5.8251953125,-0.0830078125
189.6,-5.8447265625,-0.078125
189.9,-3.1591796875,-0.087890625
190.2,-3.18359375,-0.1416015625
190.5,-3.2080078125,-0.09765625
190.8,-3.2373046875,-0.0244140625
191.1,-3.2568359375,-0.029296875
191.4,-3.2763671875,-0.0390625
191.7,-3.30078125,0.0439453125
192.0,-3.3154296875,0.1416015625
192.3,-3.33984375,0.234375
192.6,-3.369140625,0.2734375
192.9,-3.388671875,0.2294921875
193.2,-3.408203125,0.1708984375
193.5,-3.4326171875,0.1416015625
193.8,-3.447265625,0.13671875
194.1,-3.4765625,0.0927734375
194.4,-3.5009765625,0.126953125
194.7,-3.525390625,0.0146484375
195.0,-3.5400390625,0.0927734375
195.3,-3.5595703125,0.09765625
195.6,-3.583984375,0.17578125
195.9,-3.603515625,0.234375
196.2,-3.6279296875,0.2001953125
196.5,-3.6572265625,0.205078125
196.8,-3.6669921875,0.2294921875
197.1,-3.6865234375,0.21484375
197.4,-3.7109375,0.263671875
197.7,-3.7353515625,0.2880859375
198.0,-3.759765625,0.2978515625
198.3,-3.7890625,0.2978515625
198.6,-3.80859375,0.2587890625
198.9,-3.8232421875,0.3173828125
199.2,-3.8427734375,0.283203125
199.5,-3.8671875,0.3125
199.8,-3.896484375,0.3125
200.1,-3.916015625,0.3662109375
200.4,-3.935546875,0.4833984375
200.7,-3.9501953125,0.458984375
201.0,-3.9794921875,0.341796875
201.3,-3.9990234375,0.390625
201.6,-4.0185546875,0.361328125
201.9,-4.04296875,0.3125
202.2,-4.0625,0.2734375
202.5,-4.0966796875,0.2197265625
202.8,-4.111328125,0.205078125
203.1,-4.1357421875,0.185546875
203.4,-4.1455078125,0.2392578125
203.7,-4.169921875,0.2783203125
204.0,-4.1943359375,0.2783203125
204.3,-4.228515625,0.283203125
204.6,-4.248046875,0.2294921875
204.9,-4.267578125,0.2392578125
205.2,-4.2822265625,0.25390625
205.5,-4.3017578125,0.185546875
205.8,-4.3310546875,0.1611328125
206.1,-4.35546875,0.1318359375
206.4,-4.375,0.205078125
206.7,-4.3896484375,0.205078125
207.0,-4.4140625,0.263671875
207.3,-4.43359375,0.244140625
207.6,-4.4677734375,0.21484375
207.9,-4.4775390625,0.205078125
208.2,-4.501953125,0.3076171875
208.5,-4.5263671875,0.3271484375
208.8,-4.5458984375,0.3271484375
209.1,-4.5751953125,0.3955078125
209.4,-4.5947265625,0.4443359375
209.7,-4.6142578125,0.4150390625
210.0,-4.62890625,0.3564453125
210.3,-4.6533203125,0.3662109375
210.6,-4.6728515625,0.3857421875
210.9,-4.7021484375,0.41015625
211.2,-4.7216796875,0.37109375
211.5,-4.7509765625,0.2490234375
211.8,-4.7607421875,0.1611328125
212.1,-4.7900390625,0.166015625
212.4,-4.8046875,0.1953125
212.7,-4.833984375,0.1953125
213.0,-4.853515625,0.283203125
213.3,-4.873046875,0.3662109375
213.6,-4.8974609375,0.4052734375
213.9,-4.9169921875,0.46875
214.2,-4.9365234375,0.4833984375
214.5,-4.9560546875,0.498046875
214.8,-4.98046875,0.5517578125
215.1,-5.0048828125,0.4833984375
215.4,-5.0341796875,0.517578125
215.7,-5.048828125,0.5224609375
216.0,-5.068359375,0.546875
216.3,-5.087890625,0.5615234375
216.6,-5.1171875,0.6103515625
216.9,-5.13671875,0.625
217.2,-5.1611328125,0.654296875
217.5,-5.185546875,0.625
217.8,-5.2099609375,0.5859375
218.1,-5.224609375,0.5078125
218.4,-5.244140625,0.5078125
218.7,-5.263671875,0.4541015625
219.0,-5.2978515625,0.380859375
219.3,-5.3125,0.3466796875
219.6,-5.3369140625,0.341796875
219.9,-5.3564453125,0.29296875
220.2,-5.361328125,0.25390625
220.5,-5.361328125,0.263671875
220.8,-5.37109375,0.224609375
221.1,-5.37109375,0.1953125
221.4,-5.37109375,0.146484375
221.7,-5.37109375,0.146484375
222.0,-5.37109375,0.1171875
222.3,-5.3759765625,0.0732421875
222.6,-5.380859375,0.0439453125
222.9,-5.3857421875,0.01953125
223.2,-5.3857421875,-0.0341796875
223.5,-5.390625,-0.048828125
223.8,-5.3857421875,-0.048828125
224.1,-5.390625,-0.0537109375
224.4,-5.390625,-0.068359375
224.7,-5.4052734375,-0.1171875
225.0,-5.41015625,-0.1025390625
225.3,-5.4248046875,-0.1806640625
225.6,-5.4248046875,-0.185546875
225.9,-5.4345703125,-0.185546875
226.2,-5.439453125,-0.17578125
226.5,-5.44921875,-0.1953125
226.8,-5.458984375,-0.21484375
227.1,-5.46875,-0.2099609375
227.4,-5.4736328125,-0.263671875
227.7,-5.4736328125,-0.2685546875
228.0,-5.478515625,-0.2783203125
228.3,-5.4833984375,-0.302734375
228.6,-5.498046875,-0.3076171875
228.9,-5.5078125,-0.33203125
229.2,-5.5224609375,-0.33203125
229.5,-5.5126953125,-0.3564453125
229.8,-5.5224609375,-0.3564453125
230.1,-5.52734375,-0.341796875
230.4,-5.537109375,-0.37109375
230.7,-5.546875,-0.3955078125
231.0,-5.556640625,-0.400390625
231.3,-5.556640625,-0.439453125
231.6,-5.5615234375,-0.478515625
231.9,-5.56640625,-0.478515625
232.2,-5.576171875,-0.4931640625
232.5,-5.5810546875,-0.5078125
232.8,-5.5908203125,-0.546875
233.1,-5.595703125,-0.5859375
233.4,-5.6005859375,-0.6103515625
233.7,-5.60546875,-0.6396484375
234.0,-5.6103515625,-0.634765625
234.3,-5.625,-0.654296875
234.6,-5.6298828125,-0.654296875
234.9,-5.6396484375,-0.6494140625
235.2,-5.64453125,-0.6591796875
235.5,-5.654296875,-0.6591796875
235.8,-5.6494140625,-0.634765625
236.1,-5.6591796875,-0.6103515625
236.4,-5.6640625,-0.5908203125
236.7,-5.6787109375,-0.5810546875
237.0,-5.6787109375,-0.556640625
237.3,-5.6884765625,-0.52734375
237.6,-5.6884765625,-0.5029296875
237.9,-5.6982421875,-0.44921875
238.2,-5.6982421875,-0.41015625
238.5,-5.7177734375,-0.3857421875
238.8,-5.72265625,-0.3955078125
239.1,-5.732421875,-0.3662109375
239.4,-5.732421875,-0.341796875
239.7,-5.7421875,-0.2978515625
240.0,-5.751953125,-0.2587890625
240.3,-5.7568359375,-0.224609375
240.6,-5.751953125,-0.21484375
240.9,-5.7666015625,-0.1806640625
241.2,-5.7666015625,-0.166015625
241.5,-5.7861328125,-0.1416015625
241.8,-5.7861328125,-0.1318359375
242.1,-5.791015625,-0.107421875
242.4,-5.791015625,-0.087890625
242.7,-5.8056640625,-0.0634765625
243.0,-5.8154296875,-0.0341796875
243.3,-5.8154296875,-0.0146484375
243.6,-5.830078125,0.009765625
243.9,-5.8349609375,0.0146484375
244.2,-5.8349609375,0.009765625
244.5,-5.83984375,0.0146484375
244.8,-5.8447265625,0.0390625
245.1,-5.8642578125,0.05859375
245.4,-5.869140625,0.0830078125
245.7,-5.8740234375,0.107421875
246.0,-5.87890625,0.1123046875
246.3,-5.888671875,0.1123046875
246.6,-5.888671875,0.1220703125
246.9,-5.8984375,0.13671875
247.2,-5.9033203125,0.15625
247.5,-5.91796875,0.1611328125
247.8,-5.91796875,0.1708984375
248.1,-5.91796875,0.166015625
248.4,-5.9228515625,0.13671875
248.7,-5.9326171875,0.1416015625
249.0,-3.1494140625,0.1513671875
249.3,-3.1640625,0.1318359375
249.6,-3.1689453125,0.2099609375
249.9,-3.173828125,0.2197265625
250.2,-3.1787109375,0.2197265625
250.5,-3.1787109375,0.2490234375
250.8,-3.1884765625,0.2490234375
251.1,-3.1982421875,0.3173828125
251.4,-3.2080078125,0.302734375
251.7,-3.212890625,0.2294921875
252.0,-3.2177734375,0.224609375
252.3,-3.2177734375,0.234375
252.6,-3.232421875,0.224609375
252.9,-3.232421875,0.1806640625
253.2,-3.2470703125,0.1513671875
253.5,-3.2568359375,0.1025390625
253.8,-3.26171875,0.1171875
254.1,-3.26171875,0.1513671875
254.4,-3.2666015625,0.126953125
254.7,-3.2763671875,0.1171875
255.0,-3.291015625,0.1806640625
255.3,-3.291015625,0.2685546875
255.6,-3.3056640625,0.283203125
255.9,-3.3056640625,0.2685546875
256.2,-3.310546875,0.3125
256.5,-3.3154296875,0.3173828125
256.8,-3.3251953125,0.400390625
257.1,-3.3349609375,0.4248046875
257.4,-3.33984375,0.37109375
257.7,-3.3447265625,0.3662109375
258.0,-3.349609375,0.3515625
258.3,-3.3544921875,0.2978515625
258.6,-3.3642578125,0.3076171875
258.9,-3.37890625,0.3515625
259.2,-3.37890625,0.33203125
259.5,-3.3837890625,0.29296875
259.8,-3.388671875,0.2978515625
260.1,-3.3984375,0.2490234375
260.4,-3.4130859375,0.1904296875
260.7,-3.4130859375,0.205078125
261.0,-3.4228515625,0.15625
261.3,-3.4228515625,0.146484375
261.6,-3.427734375,0.05859375
261.9,-3.4326171875,0.087890625
262.2,-3.447265625,0.107421875
262.5,-3.45703125,0.087890625
262.8,-3.4619140625,0.09765625
263.1,-3.4619140625,0.15625
263.4,-3.4716796875,0.1904296875
263.7,-3.4716796875,0.224609375
264.0,-3.4814453125,0.2197265625
264.3,-3.4912109375,0.17578125
264.6,-3.4912109375,0.2099609375
264.9,-3.505859375,0.2587890625
265.2,-3.515625,0.2783203125
265.5,-3.5205078125,0.1806640625
265.8,-3.525390625,0.107421875
266.1,-3.5302734375,0.048828125
266.4,-3.53515625,0.048828125
266.7,-3.544921875,-0.009765625
267.0,-3.5546875,0.0537109375
267.3,-3.5595703125,0.1123046875
267.6,-3.5693359375,0.13671875
267.9,-3.5693359375,0.078125
268.2,-3.5791015625,0.0732421875
268.5,-3.5791015625,0.048828125
268.8,-3.59375,0.009765625
269.1,-3.5986328125,-0.01953125
269.4,-3.603515625,-0.01953125
269.7,-3.603515625,-0.009765625
270.0,-3.61328125,-0.05859375
270.3,-3.623046875,-0.0146484375
270.6,-3.6328125,0.0048828125
270.9,-3.6376953125,0.0341796875
271.2,-3.642578125,0.009765625
271.5,-3.6474609375,0.0537109375
271.8,-3.65234375,0.1025390625
272.1,-3.662109375,0.107421875
272.4,-3.6669921875,0.0732421875
272.7,-3.681640625,0.05859375
273.0,-3.681640625,0.126953125
273.3,-3.69140625,0.15625
273.6,-3.69140625,0.1806640625
273.9,-3.701171875,0.2099609375
274.2,-3.7109375,0.3125
274.5,-3.720703125,0.322265625
274.8,-3.720703125,0.3564453125
275.1,-3.73046875,0.380859375
275.4,-3.7353515625,0.302734375
275.7,-3.740234375,0.2587890625
276.0,-3.7451171875,0.2001953125
276.3,-3.7548828125,0.1806640625
276.6,-3.7646484375,0.224609375
276.9,-3.76953125,0.25390625
277.2,-3.7744140625,0.2392578125
277.5,-3.779296875,0.2734375
277.8,-3.7890625,0.1904296875
278.1,-3.7890625,0.1708984375
278.4,-3.7890625,0.185546875
278.7,-3.80859375,0.1904296875
279.0,-3.8134765625,0.21484375
279.3,-3.8232421875,0.234375
279.6,-3.8232421875,0.3125
279.9,-3.837890625,0.37109375
280.2,-3.8330078125,0.302734375
280.5,-3.84765625,0.3271484375
280.8,-3.8525390625,0.2880859375
281.1,-3.8671875,0.2294921875
281.4,-3.8671875,0.263671875
281.7,-3.876953125,0.2783203125
282.0,-3.8720703125,0.2734375
282.3,-3.88671875,0.2294921875
282.6,-3.8916015625,0.302734375
282.9,-3.9013671875,0.3076171875
283.2,-3.90625,0.3125
283.5,-3.916015625,0.361328125
283.8,-3.9208984375,0.341796875
284.1,-3.92578125,0.2783203125
284.4,-3.9306640625,0.2197265625
284.7,-3.935546875,0.2001953125
285.0,-3.9501953125,0.2490234375
285.3,-3.955078125,0.25390625
285.6,-3.9599609375,0.2294921875
285.9,-3.96484375,0.2001953125
286.2,-3.9697265625,0.21484375
286.5,-3.974609375,0.2978515625
286.8,-3.984375,0.3125
287.1,-3.994140625,0.2880859375
287.4,-4.00390625,0.2587890625
287.7,-4.00390625,0.21484375
288.0,-4.013671875,0.21484375
288.3,-4.013671875,0.2099609375
288.6,-4.0283203125,0.2294921875
288.9,-4.033203125,0.2783203125
289.2,-4.0478515625,0.3515625
289.5,-4.04296875,0.3076171875
289.8,-4.052734375,0.3466796875
290.1,-4.0576171875,0.3857421875
290.4,-4.0625,0.458984375
290.7,-4.072265625,0.439453125
291.0,-4.08203125,0.4736328125
291.3,-4.0869140625,0.4736328125
291.6,-4.091796875,0.44921875
291.9,-4.091796875,0.361328125
292.2,-4.0966796875,0.3271484375
292.5,-4.111328125,0.3955078125
292.8,-4.12109375,0.4052734375
293.1,-4.130859375,0.380859375
293.4,-4.1357421875,0.41015625
293.7,-4.1357421875,0.517578125
294.0,-4.140625,0.5078125
294.3,-4.150390625,0.4443359375
294.6,-4.1552734375,0.3662109375
294.9,-4.169921875,0.3173828125
295.2,-4.169921875,0.3369140625
295.5,-4.1748046875,0.3173828125
295.8,-4.1796875,0.322265625
296.1,-4.189453125,0.2490234375
296.4,-4.1943359375,0.3125
296.7,-4.208984375,0.322265625
297.0,-4.2138671875,0.3466796875
297.3,-4.21875,0.3857421875
297.6,-4.21875,0.3515625
297.9,-4.228515625,0.322265625
298.2,-4.2333984375,0.33203125
298.5,-4.2431640625,0.2783203125
298.8,-4.248046875,0.3466796875
299.1,-4.2626953125,0.341796875
299.4,-4.267578125,0.2783203125
299.7,-4.267578125,0.3271484375
300.0,-4.27734375,0.361328125
300.3,-4.2822265625,0.380859375
300.6,-4.296875,0.2783203125
300.9,-4.3017578125,0.2392578125
301.2,-4.306640625,0.1953125
301.5,-4.306640625,0.1904296875
301.8,-4.31640625,0.1708984375
302.1,-4.326171875,0.1025390625
302.4,-4.326171875,0.078125
302.7,-4.3359375,0.166015625
303.0,-4.3408203125,0.185546875
303.3,-4.35546875,0.2734375
303.6,-4.35546875,0.25390625
303.9,-4.365234375,0.29296875
304.2,-4.365234375,0.224609375
304.5,-4.375,0.2783203125
304.8,-4.3798828125,0.2685546875
305.1,-4.39453125,0.3466796875
305.4,-4.3994140625,0.37109375
305.7,-4.3994140625,0.44921875
306.0,-4.4091796875,0.46875
306.3,-4.4140625,0.4150390625
306.6,-4.423828125,0.4931640625
306.9,-4.43359375,0.4833984375
307.2,-4.43359375,0.458984375
307.5,-4.4384765625,0.400390625
307.8,-4.443359375,0.380859375
308.1,-4.4482421875,0.3759765625
308.4,-4.4580078125,0.4248046875
308.7,-4.4677734375,0.4296875
309.0,-4.4775390625,0.439453125
309.3,-4.4775390625,0.341796875
309.6,-4.4873046875,0.302734375
309.9,-4.4873046875,0.2294921875
310.2,-4.4970703125,0.263671875
310.5,-4.5068359375,0.263671875
310.8,-4.5166015625,0.3271484375
311.1,-4.521484375,0.37109375
311.4,-4.5263671875,0.3759765625
311.7,-4.5263671875,0.3759765625
312.0,-4.5361328125,0.3466796875
312.3,-4.5458984375,0.4052734375
312.6,-4.5556640625,0.4248046875
312.9,-4.5654296875,0.3515625
313.2,-4.5654296875,0.2783203125
313.5,-4.5654296875,0.2685546875
313.8,-4.5751953125,0.2294921875
314.1,-4.5849609375,0.3076171875
314.4,-4.5947265625,0.2587890625
314.7,-4.6044921875,0.21484375
315.0,-4.609375,0.21484375
315.3,-4.6142578125,0.263671875
315.6,-4.6240234375,0.2685546875
315.9,-4.6240234375,0.3369140625
316.2,-4.62890625,0.44921875
316.5,-4.62890625,0.41015625
316.8,-4.6484375,0.4150390625
317.1,-4.6533203125,0.4248046875
317.4,-4.6630859375,0.4052734375
317.7,-4.658203125,0.3759765625
318.0,-4.6728515625,0.33203125
318.3,-4.677734375,0.341796875
318.6,-4.6875,0.3271484375
318.9,-4.6923828125,0.361328125
319.2,-4.697265625,0.400390625
319.5,-4.70703125,0.4345703125
319.8,-4.7119140625,0.390625
320.1,-4.716796875,0.2783203125
320.4,-4.7265625,0.263671875
320.7,-4.7314453125,0.3662109375
321.0,-4.7412109375,0.3564453125
321.3,-4.74609375,0.3076171875
321.6,-4.74609375,0.33203125
321.9,-4.7509765625,0.3369140625
322.2,-4.7607421875,0.3662109375
322.5,-4.765625,0.400390625
322.8,-4.7802734375,0.4833984375
323.1,-4.7802734375,0.625
323.4,-4.78515625,0.595703125
323.7,-4.794921875,0.595703125
324.0,-4.8046875,0.537109375
324.3,-4.814453125,0.498046875
324.6,-4.8193359375,0.4931640625
324.9,-4.8193359375,0.576171875
325.2,-4.8291015625,0.5908203125
325.5,-4.833984375,0.60546875
325.8,-4.8388671875,0.5078125
326.1,-4.84375,0.4541015625
326.4,-4.8583984375,0.46875
326.7,-4.86328125,0.4541015625
327.0,-4.8681640625,0.4150390625
327.3,-4.8681640625,0.46875
327.6,-4.8779296875,0.5224609375
327.9,-4.8828125,0.546875
328.2,-4.8974609375,0.60546875
328.5,-4.90234375,0.634765625
328.8,-4.9169921875,0.7177734375
329.1,-4.912109375,0.7470703125
329.4,-4.912109375,0.7421875
329.7,-4.921875,0.703125
330.0,-4.9365234375,0.72265625
330.3,-4.94140625,0.6982421875
330.6,-4.951171875,0.6494140625
330.9,-4.951171875,0.5908203125
331.2,-4.9560546875,0.615234375
331.5,-4.9658203125,0.625
331.8,-4.9755859375,0.625
332.1,-4.9853515625,0.7373046875
332.4,-4.990234375,0.7470703125
332.7,-5.0,0.751953125
333.0,-4.9951171875,0.8154296875
333.3,-5.0,0.80078125
333.6,-5.0146484375,0.8642578125
333.9,-5.01953125,0.8740234375
334.2,-5.029296875,0.83984375
334.5,-5.0390625,0.7958984375
334.8,-5.0390625,0.830078125
335.1,-5.0439453125,0.830078125
335.4,-5.0439453125,0.791015625
335.7,-5.05859375,0.810546875
336.0,-5.068359375,0.87890625
336.3,-5.078125,0.8544921875
336.6,-5.078125,0.859375
336.9,-5.078125,0.8544921875
337.2,-5.087890625,0.8203125
337.5,-5.0927734375,0.859375
337.8,-5.107421875,0.8837890625
338.1,-5.1123046875,0.830078125
338.4,-5.1220703125,0.76171875
338.7,-5.1220703125,0.7177734375
339.0,-5.1318359375,0.7568359375
339.3,-5.1416015625,0.78125
339.6,-5.13671875,0.8642578125
339.9,-5.1513671875,0.8203125
340.2,-5.1513671875,0.7421875
340.5,-5.166015625,0.72265625
340.8,-5.1708984375,0.732421875
341.1,-5.1806640625,0.693359375
341.4,-5.185546875,0.64453125
341.7,-5.1904296875,0.6103515625
342.0,-5.1904296875,0.546875
342.3,-5.205078125,0.5224609375
342.6,-5.205078125,0.6103515625
342.9,-5.2197265625,0.595703125
343.2,-5.224609375,0.6103515625
343.5,-5.2294921875,0.60546875
343.8,-5.234375,0.654296875
344.1,-5.2392578125,0.6640625
344.4,-5.2490234375,0.6396484375
344.7,-5.263671875,0.6396484375
345.0,-5.2685546875,0.5908203125
345.3,-5.2685546875,0.52734375
345.6,-5.2734375,0.4833984375
345.9,-5.2783203125,0.46875
346.2,-5.2880859375,0.4296875
346.5,-5.29296875,0.390625
346.8,-5.3076171875,0.439453125
347.1,-5.3076171875,0.458984375
347.4,-5.3173828125,0.439453125
347.7,-5.3173828125,0.33203125
348.0,-5.3271484375,0.3271484375
348.3,-5.33203125,0.322265625
348.6,-5.3466796875,0.2734375
348.9,-5.3515625,0.25390625
349.2,-5.361328125,0.2587890625
349.5,-5.361328125,0.2685546875
349.8,-5.37109375,0.2783203125
350.1,-5.3759765625,0.2587890625
350.4,-5.380859375,0.1708984375
350.7,-5.390625,0.166015625
351.0,-5.3955078125,0.15625
351.3,-5.3955078125,0.1171875
351.6,-5.4052734375,0.146484375
351.9,-5.4150390625,0.1220703125
352.2,-5.4248046875,0.0830078125
352.5,-5.4296875,0.068359375
352.8,-5.4296875,0.029296875
353.1,-5.439453125,-0.0048828125
353.4,-5.4443359375,-0.0341796875
353.7,-5.4541015625,-0.0341796875
354.0,-5.46875,-0.0341796875
354.3,-5.46875,-0.0927734375
354.6,-5.4736328125,-0.1708984375
354.9,-5.4833984375,-0.1708984375
355.2,-5.4833984375,-0.17578125
355.5,-5.4931640625,-0.21484375
355.8,-5.5029296875,-0.2099609375
356.1,-5.5078125,-0.205078125
356.4,-5.517578125,-0.2197265625
356.7,-5.517578125,-0.25390625
357.0,-5.5224609375,-0.2783203125
357.3,-5.52734375,-0.2880859375
357.6,-5.5419921875,-0.3369140625
357.9,-5.546875,-0.2978515625
358.2,-5.5517578125,-0.3173828125
358.5,-5.56640625,-0.3466796875
358.8,-5.56640625,-0.3564453125
359.1,-5.576171875,-0.37109375
359.4,-5.576171875,-0.3955078125
359.7,-5.5859375,-0.4345703125
360.0,-5.5859375,-0.46875
360.3,-5.6005859375,-0.5126953125
360.6,-5.60546875,-0.5224609375
360.9,-5.615234375,-0.478515625
361.2,-5.615234375,-0.4541015625
361.5,-5.6201171875,-0.4736328125
361.8,-5.6298828125,-0.4833984375
362.1,-5.634765625,-0.537109375
362.4,-5.64453125,-0.5517578125
362.7,-5.654296875,-0.56640625
363.0,-5.6591796875,-0.56640625
363.3,-5.6640625,-0.5322265625
363.6,-5.6689453125,-0.5517578125
363.9,-5.6787109375,-0.576171875
364.2,-5.693359375,-0.60546875
364.5,-5.693359375,-0.6298828125
364.8,-5.703125,-0.64453125
365.1,-5.703125,-0.615234375
365.4,-5.703125,-0.5908203125
365.7,-5.7177734375,-0.576171875
366.0,-5.72265625,-0.546875
366.3,-5.732421875,-0.5224609375
366.6,-5.732421875,-0.517578125
366.9,-5.7421875,-0.4833984375
367.2,-5.751953125,-0.4736328125
367.5,-5.7568359375,-0.4541015625
367.8,-5.76171875,-0.439453125
368.1,-5.771484375,-0.419921875
368.4,-5.7763671875,-0.390625
368.7,-5.78125,-0.380859375
369.0,-5.7958984375,-0.3759765625
369.3,-5.7958984375,-0.361328125
369.6,-5.8056640625,-0.33203125
369.9,-5.8056640625,-0.3173828125
370.2,-5.810546875,-0.2880859375
370.5,-5.8203125,-0.283203125
370.8,-5.830078125,-0.263671875
371.1,-5.8349609375,-0.2734375
371.4,-5.83984375,-0.25390625
371.7,-5.849609375,-0.21484375
372.0,-5.8544921875,-0.185546875
372.3,-5.859375,-0.15625
372.6,-5.8740234375,-0.1171875
372.9,-5.87890625,-0.0732421875
373.2,-5.87890625,-0.029296875
373.5,-5.888671875,-0.029296875
373.8,-5.888671875,-0.0146484375
374.1,-5.8984375,0.01953125
374.4,-5.9130859375,0.0537109375
374.7,-5.91796875,0.0634765625
375.0,-5.91796875,0.078125
375.3,-5.927734375,0.087890625
375.6,-5.927734375,0.0927734375
375.9,-5.9375,0.1025390625
376.2,-3.154296875,0.1904296875
376.5,-3.1640625,0.1513671875
376.8,-3.173828125,0.0830078125
377.1,-3.173828125,0.1171875
377.4,-3.1787109375,0.283203125
377.7,-3.193359375,0.283203125
378.0,-3.1982421875,0.2978515625
378.3,-3.203125,0.322265625
378.6,-3.2080078125,0.3076171875
378.9,-3.2177734375,0.3271484375
379.2,-3.22265625,0.2978515625
379.5,-3.2275390625,0.302734375
379.8,-3.2421875,0.3125
380.1,-3.2470703125,0.2734375
380.4,-3.251953125,0.25390625
380.7,-3.251953125,0.25390625
381.0,-3.26171875,0.2587890625
381.3,-3.2666015625,0.2001953125
381.6,-3.28125,0.2099609375
381.9,-3.291015625,0.13671875
382.2,-3.2958984375,0.1025390625
382.5,-3.2958984375,0.17578125
382.8,-3.30078125,0.1953125
383.1,-3.3056640625,0.2392578125
383.4,-3.3154296875,0.205078125
383.7,-3.330078125,0.29296875
384.0,-3.3349609375,0.3759765625
384.3,-3.33984375,0.37109375
384.6,-3.33984375,0.33203125
384.9,-3.349609375,0.341796875
385.2,-3.349609375,0.2783203125
385.5,-3.369140625,0.1904296875
385.8,-3.3740234375,0.234375
386.1,-3.388671875,0.244140625
386.4,-3.37890625,0.2685546875
386.7,-3.388671875,0.263671875
387.0,-3.3935546875,0.1953125
387.3,-3.4033203125,0.05859375
387.6,-3.4130859375,0.0048828125
387.9,-3.41796875,0.0244140625
388.2,-3.4228515625,0.048828125
388.5,-3.427734375,0.0537109375
388.8,-3.4326171875,0.048828125
389.1,-3.4375,-0.01953125
389.4,-3.4521484375,-0.078125
389.7,-3.45703125,-0.048828125
390.0,-3.4716796875,-0.0244140625
390.3,-3.466796875,0.0537109375
390.6,-3.4716796875,0.0537109375
390.9,-3.4765625,0.0439453125
391.2,-3.4912109375,0.01953125
391.5,-3.49609375,-0.029296875
391.8,-3.5107421875,-0.009765625
392.1,-3.5107421875,0.0390625
392.4,-3.5205078125,0.0537109375
392.7,-3.5205078125,0.0927734375
393.0,-3.5302734375,0.0927734375
393.3,-3.544921875,0.0830078125
393.6,-3.544921875,0.126953125
393.9,-3.5546875,0.126953125
394.2,-3.5595703125,0.09765625
394.5,-3.564453125,0.1220703125
394.8,-3.564453125,0.1904296875
395.1,-3.5693359375,0.1123046875
395.4,-3.5888671875,0.0634765625
395.7,-3.583984375,0.0048828125
396.0,-3.59375,0.0146484375
396.3,-3.59375,-0.0341796875
396.6,-3.603515625,-0.0537109375
396.9,-3.61328125,-0.0390625
397.2,-3.6279296875,0.0146484375
397.5,-3.6328125,0.0
397.8,-3.6376953125,-0.0537109375
398.1,-3.6376953125,-0.0732421875
398.4,-3.6474609375,-0.1025390625
398.7,-3.65234375,-0.078125
399.0,-3.662109375,-0.0537109375
399.3,-3.671875,-0.0439453125
399.6,-3.6767578125,-0.0390625
399.9,-3.6767578125,-0.0390625
400.2,-3.6865234375,-0.009765625
400.5,-3.6865234375,0.0
400.8,-3.701171875,-0.0390625
401.1,-3.7158203125,0.029296875
401.4,-3.7158203125,0.1171875
401.7,-3.720703125,0.21484375
402.0,-3.720703125,0.2197265625
402.3,-3.7353515625,0.2734375
402.6,-3.7353515625,0.2490234375
402.9,-3.75,0.185546875
403.2,-3.759765625,0.2294921875
403.5,-3.7646484375,0.2490234375
403.8,-3.76953125,0.1611328125
404.1,-3.76953125,0.166015625
404.4,-3.779296875,0.234375
404.7,-3.7841796875,0.2490234375
405.0,-3.7939453125,0.302734375
405.3,-3.7939453125,0.2978515625
405.6,-3.80859375,0.3564453125
405.9,-3.80859375,0.3076171875
406.2,-3.818359375,0.3173828125
406.5,-3.8232421875,0.33203125
406.8,-3.837890625,0.3955078125
407.1,-3.837890625,0.37109375
407.4,-3.84765625,0.4052734375
407.7,-3.84765625,0.400390625
408.0,-3.857421875,0.361328125
408.3,-3.8623046875,0.2685546875
408.6,-3.8720703125,0.2392578125
408.9,-3.8818359375,0.224609375
409.2,-3.8916015625,0.234375
409.5,-3.8916015625,0.2392578125
409.8,-3.896484375,0.2099609375
410.1,-3.9013671875,0.244140625
410.4,-3.9111328125,0.1953125
410.7,-3.9208984375,0.2783203125
411.0,-3.9306640625,0.1953125
411.3,-3.9306640625,0.1953125
411.6,-3.9306640625,0.126953125
411.9,-3.9453125,0.087890625
412.2,-3.9453125,0.0341796875
412.5,-3.9599609375,0.01953125
412.8,-3.96484375,0.048828125
413.1,-3.9794921875,0.0830078125
413.4,-3.974609375,0.1953125
413.7,-3.984375,0.1806640625
414.0,-3.9892578125,0.185546875
414.3,-3.9990234375,0.21484375
414.6,-4.00390625,0.21484375
414.9,-4.0185546875,0.205078125
415.2,-4.0185546875,0.15625
415.5,-4.0283203125,0.2099609375
415.8,-4.033203125,0.15625
416.1,-4.0380859375,0.126953125
416.4,-4.0380859375,0.087890625
416.7,-4.0478515625,0.048828125
417.0,-4.0576171875,0.1220703125
417.3,-4.0673828125,0.1513671875
417.6,-4.072265625,0.13671875
417.9,-4.08203125,0.205078125
418.2,-4.0869140625,0.21484375
418.5,-4.091796875,0.2392578125
418.8,-4.0966796875,0.2685546875
419.1,-4.1015625,0.234375
419.4,-4.111328125,0.2001953125
419.7,-4.12109375,0.1953125
420.0,-4.12109375,0.2099609375
420.3,-4.130859375,0.3076171875
420.6,-4.1259765625,0.3173828125
420.9,-4.140625,0.3564453125
421.2,-4.150390625,0.283203125
421.5,-4.1552734375,0.263671875
421.8,-4.1650390625,0.2001953125
422.1,-4.169921875,0.15625
422.4,-4.1748046875,0.1123046875
422.7,-4.1796875,0.1953125
423.0,-4.189453125,0.21484375
423.3,-4.19921875,0.13671875
423.6,-4.208984375,0.1953125
423.9,-4.208984375,0.17578125
424.2,-4.2138671875,0.126953125
424.5,-4.21875,0.0927734375
424.8,-4.228515625,0.146484375
425.1,-4.23828125,0.21484375
425.4,-4.248046875,0.2001953125
425.7,-4.248046875,0.15625
426.0,-4.2529296875,0.126953125
426.3,-4.2578125,0.13671875
426.6,-4.2724609375,0.1806640625
426.9,-4.2724609375,0.17578125
427.2,-4.2822265625,0.1513671875
427.5,-4.287109375,0.1513671875
427.8,-4.296875,0.146484375
428.1,-4.3017578125,0.126953125
428.4,-4.3017578125,0.15625
428.7,-4.3115234375,0.1708984375
429.0,-4.31640625,0.1806640625
429.3,-4.3310546875,0.1953125
429.6,-4.3408203125,0.1708984375
429.9,-4.345703125,0.166015625
430.2,-4.345703125,0.1708984375
430.5,-4.3505859375,0.1513671875
430.8,-4.35546875,0.166015625
431.1,-4.3701171875,0.1318359375
431.4,-4.3701171875,0.048828125
431.7,-4.384765625,0.0732421875
432.0,-4.384765625,0.1123046875
432.3,-4.3896484375,0.1220703125
432.6,-4.39453125,0.05859375
432.9,-4.404296875,0.0
433.2,-4.4140625,0.05859375
433.5,-4.423828125,0.0732421875
433.8,-4.423828125,0.068359375
434.1,-4.43359375,0.1708984375
434.4,-4.43359375,0.234375
434.7,-4.4482421875,0.2783203125
435.0,-4.4482421875,0.2734375
435.3,-4.4580078125,0.283203125
435.6,-4.4677734375,0.2587890625
435.9,-4.47265625,0.3076171875
436.2,-4.4775390625,0.3466796875
436.5,-4.482421875,0.4443359375
436.8,-4.4921875,0.46875
437.1,-4.4970703125,0.4150390625
437.4,-4.51171875,0.5029296875
437.7,-4.51171875,0.46875
438.0,-4.521484375,0.3857421875
438.3,-4.521484375,0.37109375
438.6,-4.53125,0.3466796875
438.9,-4.5361328125,0.3759765625
439.2,-4.5361328125,0.4150390625
439.5,-4.55078125,0.3662109375
439.8,-4.560546875,0.4150390625
440.1,-4.5703125,0.400390625
440.4,-4.5751953125,0.390625
440.7,-4.5751953125,0.3515625
441.0,-4.580078125,0.2978515625
441.3,-4.5849609375,0.322265625
441.6,-4.5947265625,0.302734375
441.9,-4.6044921875,0.322265625
442.2,-4.6142578125,0.322265625
442.5,-4.6142578125,0.2734375
442.8,-4.6240234375,0.29296875
443.1,-4.6240234375,0.2294921875
443.4,-4.6337890625,0.2587890625
443.7,-4.6435546875,0.205078125
444.0,-4.658203125,0.205078125
444.3,-4.6630859375,0.244140625
444.6,-4.6630859375,0.29296875
444.9,-4.6630859375,0.2978515625
445.2,-4.6728515625,0.3125
445.5,-4.677734375,0.2490234375
445.8,-4.697265625,0.283203125
446.1,-4.697265625,0.3271484375
446.4,-4.7021484375,0.341796875
446.7,-4.70703125,0.2783203125
447.0,-4.7119140625,0.3173828125
447.3,-4.716796875,0.3369140625
447.6,-4.7314453125,0.302734375
447.9,-4.7412109375,0.2587890625
448.2,-4.74609375,0.244140625
448.5,-4.74609375,0.25390625
448.8,-4.7509765625,0.3369140625
449.1,-4.7607421875,0.4052734375
449.4,-4.7705078125,0.4150390625
449.7,-4.775390625,0.46875
450.0,-4.7802734375,0.4638671875
450.3,-4.78515625,0.5029296875
450.6,-4.794921875,0.546875
450.9,-4.7998046875,0.5322265625
451.2,-4.814453125,0.498046875
451.5,-4.814453125,0.4736328125
451.8,-4.8193359375,0.4736328125
452.1,-4.82421875,0.41015625
452.4,-4.833984375,0.4931640625
452.7,-4.84375,0.4833984375
453.0,-4.853515625,0.517578125
453.3,-4.853515625,0.5322265625
453.6,-4.86328125,0.4296875
453.9,-4.86328125,0.3662109375
454.2,-4.873046875,0.2978515625
454.5,-4.8779296875,0.2734375
454.8,-4.8876953125,0.25390625
455.1,-4.8974609375,0.244140625
455.4,-4.9072265625,0.234375
455.7,-4.90234375,0.234375
456.0,-4.912109375,0.2294921875
456.3,-4.9169921875,0.224609375
456.6,-4.9267578125,0.224609375
456.9,-4.9365234375,0.2197265625
457.2,-4.9462890625,0.21484375
457.5,-4.9462890625,0.21484375
457.8,-4.951171875,0.2099609375
458.1,-4.9560546875,0.2099609375
458.4,-4.9658203125,0.2099609375
458.7,-4.9755859375,0.205078125
459.0,-4.9853515625,0.2001953125
459.3,-4.9853515625,0.2099609375
459.6,-4.990234375,0.2001953125
459.9,-4.9951171875,0.2001953125
460.2,-5.0048828125,0.1953125
460.5,-5.0146484375,0.1953125
460.8,-5.0244140625,0.2001953125
461.1,-5.0244140625,0.2001953125
461.4,-5.029296875,0.1953125
461.7,-5.0390625,0.1953125
462.0,-5.048828125,0.1953125
462.3,-5.05859375,0.1904296875
462.6,-5.05859375,0.1953125
462.9,-5.0634765625,0.2001953125
