0.0,-2.626953125,1.2255859375
0.3,-2.626953125,1.2109375
0.6,-2.6318359375,1.25
0.9,-2.626953125,1.4404296875
1.2,-2.626953125,1.3818359375
1.5,-2.626953125,1.298828125
1.8,-2.626953125,1.3232421875
2.1,-2.626953125,1.337890625
2.4,-2.626953125,1.3232421875
2.7,-2.6220703125,1.26953125
3.0,-2.6318359375,1.162109375
3.3,-2.626953125,1.181640625
3.6,-2.626953125,1.162109375
3.9,-2.626953125,1.1181640625
4.2,-2.6220703125,1.0693359375
4.5,-2.626953125,1.171875
4.8,-2.626953125,1.2060546875
5.1,-2.626953125,1.2060546875
5.4,-2.626953125,1.1328125
5.7,-2.6318359375,1.1669921875
6.0,-2.626953125,1.220703125
6.3,-2.6220703125,1.19140625
6.6,-2.626953125,1.19140625
6.9,-2.626953125,1.1962890625
7.2,-2.626953125,1.2255859375
7.5,-2.6171875,1.328125
7.8,-2.6220703125,1.26953125
8.1,-2.626953125,1.318359375
8.4,-2.626953125,1.337890625
8.7,-2.6318359375,1.298828125
9.0,-2.6220703125,1.2890625
9.3,-2.626953125,1.26953125
9.6,-2.626953125,1.328125
9.9,-2.626953125,1.2109375
10.2,-2.6220703125,1.2060546875
10.5,-2.626953125,1.25
10.8,-2.6318359375,1.142578125
11.1,-2.626953125,1.181640625
11.4,-2.626953125,1.1865234375
11.7,-2.626953125,1.1328125
12.0,-2.626953125,1.2158203125
12.3,-2.626953125,1.3330078125
12.6,-2.6220703125,1.259765625
12.9,-2.6171875,1.2353515625
13.2,-2.6220703125,1.220703125
13.5,-2.626953125,1.2158203125
13.8,-2.626953125,1.1962890625
14.1,-2.626953125,1.2353515625
14.4,-2.6318359375,1.2451171875
14.7,-2.626953125,1.3037109375
15.0,-2.626953125,1.2255859375
15.3,-2.6318359375,1.1279296875
15.6,-2.6220703125,1.1181640625
15.9,-2.6318359375,1.142578125
16.2,-2.6220703125,1.103515625
16.5,-2.626953125,1.1328125
16.8,-2.6220703125,1.1376953125
17.1,-2.626953125,1.1376953125
17.4,-2.6318359375,1.162109375
17.7,-2.6318359375,1.259765625
18.0,-2.626953125,1.30859375
18.3,-2.6220703125,1.2548828125
18.6,-2.626953125,1.25
18.9,-2.626953125,1.1767578125
19.2,-2.626953125,1.123046875
19.5,-2.626953125,1.1474609375
19.8,-2.6220703125,1.2255859375
20.1,-2.626953125,1.25
20.4,-2.626953125,1.2255859375
20.7,-2.6220703125,1.2060546875
21.0,-2.6220703125,1.1474609375
21.3,-2.626953125,1.1181640625
21.6,-2.6318359375,1.162109375
21.9,-2.626953125,1.0693359375
22.2,-2.6220703125,1.103515625
22.5,-2.626953125,1.09375
22.8,-2.626953125,1.1572265625
23.1,-2.626953125,1.1962890625
23.4,-2.626953125,1.181640625
23.7,-2.626953125,1.1669921875
24.0,-2.626953125,1.11328125
24.3,-2.6318359375,1.07421875
24.6,-2.626953125,1.11328125
24.9,-2.626953125,1.1279296875
25.2,-2.6220703125,1.1181640625
25.5,-2.63671875,1.0546875
25.8,-2.626953125,1.0107421875
26.1,-2.626953125,0.9912109375
26.4,-2.626953125,1.0009765625
26.7,-2.6220703125,1.0107421875
27.0,-2.6318359375,0.9619140625
27.3,-2.626953125,0.9814453125
27.6,-2.6220703125,0.9716796875
27.9,-2.6220703125,1.0107421875
28.2,-2.6220703125,1.0107421875
28.5,-2.6220703125,0.9765625
28.8,-2.626953125,1.0302734375
29.1,-2.6220703125,1.0888671875
29.4,-2.626953125,1.0986328125
29.7,-2.626953125,1.0107421875
30.0,-2.626953125,1.0107421875
30.3,-2.626953125,1.083984375
30.6,-2.626953125,1.171875
30.9,-2.626953125,1.220703125
31.2,-2.6318359375,1.162109375
31.5,-2.626953125,1.2158203125
31.8,-2.6318359375,1.2255859375
32.1,-2.626953125,1.1474609375
32.4,-2.626953125,0.99609375
32.7,-2.626953125,0.99609375
33.0,-2.626953125,1.0546875
33.3,-2.6220703125,1.0400390625
33.6,-2.626953125,1.103515625
33.9,-2.6318359375,1.025390625
34.2,-2.626953125,0.9619140625
34.5,-2.6220703125,0.9814453125
34.8,-2.626953125,0.95703125
35.1,-2.626953125,1.025390625
35.4,-2.626953125,0.9130859375
35.7,-2.626953125,0.95703125
36.0,-2.6220703125,1.025390625
36.3,-2.626953125,0.9814453125
36.6,-2.6220703125,1.03515625
36.9,-2.626953125,1.0205078125
37.2,-2.626953125,0.966796875
37.5,-2.626953125,0.8837890625
37.8,-2.6220703125,0.966796875
38.1,-2.6220703125,0.9716796875
38.4,-2.626953125,1.0302734375
38.7,-2.626953125,1.044921875
39.0,-2.6220703125,1.0498046875
39.3,-2.626953125,1.1376953125
39.6,-2.626953125,1.1376953125
39.9,-2.626953125,1.1328125
40.2,-2.6318359375,1.162109375
40.5,-2.626953125,1.1328125
40.8,-2.626953125,1.162109375
41.1,-2.6318359375,1.09375
41.4,-2.63671875,0.9716796875
41.7,-2.6318359375,0.95703125
42.0,-2.6318359375,1.0302734375
42.3,-2.626953125,1.025390625
42.6,-2.626953125,0.947265625
42.9,-2.626953125,0.9814453125
43.2,-2.626953125,0.8984375
43.5,-2.6318359375,0.91796875
43.8,-2.6318359375,0.9228515625
44.1,-2.626953125,0.888671875
44.4,-2.6318359375,0.9814453125
44.7,-2.6318359375,0.9619140625
45.0,-2.626953125,0.9326171875
45.3,-2.6318359375,0.8740234375
45.6,-2.626953125,0.859375
45.9,-2.626953125,0.732421875
46.2,-2.6318359375,0.7568359375
46.5,-2.6318359375,0.76171875
46.8,-2.6318359375,0.8251953125
47.1,-2.6318359375,0.859375
47.4,-2.63671875,0.9423828125
47.7,-2.6318359375,0.9619140625
48.0,-2.63671875,0.9521484375
48.3,-2.6318359375,0.95703125
48.6,-2.6318359375,0.986328125
48.9,-2.6318359375,1.03515625
49.2,-2.6318359375,1.07421875
49.5,-2.63671875,1.0302734375
49.8,-2.63671875,1.025390625
50.1,-2.63671875,1.1328125
50.4,-2.6318359375,1.1669921875
50.7,-2.6318359375,1.25
51.0,-2.63671875,1.2548828125
51.3,-2.6416015625,1.2109375
51.6,-2.63671875,1.11328125
51.9,-2.63671875,1.044921875
52.2,-2.6416015625,1.064453125
52.5,-2.6416015625,1.025390625
52.8,-2.6416015625,1.0107421875
53.1,-2.63671875,0.966796875
53.4,-2.63671875,0.947265625
53.7,-2.6416015625,0.9619140625
54.0,-2.6416015625,0.9423828125
54.3,-2.63671875,1.0107421875
54.6,-2.63671875,0.9765625
54.9,-2.63671875,1.0107421875
55.2,-2.6416015625,1.0888671875
55.5,-2.63671875,1.1328125
55.8,-2.63671875,1.0986328125
56.1,-2.63671875,1.0986328125
56.4,-2.63671875,1.083984375
56.7,-2.6416015625,1.025390625
57.0,-2.63671875,0.9814453125
57.3,-2.63671875,1.0302734375
57.6,-2.63671875,1.083984375
57.9,-2.6416015625,1.1083984375
58.2,-2.6416015625,1.1376953125
58.5,-2.6416015625,1.0546875
58.8,-2.6416015625,1.03515625
59.1,-2.6416015625,1.083984375
59.4,-2.6416015625,1.0986328125
59.7,-2.6416015625,1.1865234375
60.0,-2.646484375,1.1572265625
60.3,-2.646484375,1.11328125
60.6,-2.646484375,1.1328125
60.9,-2.6416015625,1.142578125
61.2,-2.6416015625,1.1181640625
61.5,-2.646484375,1.1279296875
61.8,-2.646484375,1.09375
62.1,-2.646484375,1.0546875
62.4,-2.646484375,1.044921875
62.7,-2.6416015625,1.03515625
63.0,-2.6416015625,1.09375
63.3,-2.646484375,1.1181640625
63.6,-2.646484375,1.0546875
63.9,-2.646484375,0.9716796875
64.2,-2.646484375,0.95703125
64.5,-2.6416015625,0.9912109375
64.8,-2.646484375,1.025390625
65.1,-2.646484375,1.005859375
65.4,-2.646484375,0.9326171875
65.7,-2.6416015625,1.005859375
66.0,-2.646484375,0.947265625
66.3,-2.646484375,0.87890625
66.6,-2.646484375,0.9716796875
66.9,-2.6416015625,0.986328125
67.2,-2.6416015625,0.986328125
67.5,-2.6416015625,0.9716796875
67.8,-2.646484375,1.0693359375
68.1,-2.646484375,1.0693359375
68.4,-2.646484375,1.1083984375
68.7,-2.646484375,1.0302734375
69.0,-2.6513671875,0.9375
69.3,-2.6513671875,0.908203125
69.6,-2.646484375,0.9033203125
69.9,-2.646484375,0.8642578125
70.2,-2.6513671875,0.888671875
70.5,-2.6513671875,0.9130859375
70.8,-2.6513671875,0.966796875
71.1,-2.6513671875,0.966796875
71.4,-2.6513671875,0.9619140625
71.7,-2.65625,1.015625
72.0,-2.6513671875,1.07421875
72.3,-2.646484375,0.9423828125
72.6,-2.646484375,0.927734375
72.9,-2.6513671875,0.87890625
73.2,-2.6513671875,0.8740234375
73.5,-2.6513671875,0.8642578125
73.8,-2.6513671875,0.7958984375
74.1,-2.646484375,0.8349609375
74.4,-2.6513671875,0.80078125
74.7,-2.65625,0.83984375
75.0,-2.65625,0.87890625
75.3,-2.65625,0.9033203125
75.6,-2.6513671875,0.888671875
75.9,-2.65625,0.8935546875
76.2,-2.65625,0.830078125
76.5,-2.65625,0.732421875
76.8,-2.65625,0.87890625
77.1,-2.65625,0.9326171875
77.4,-2.6513671875,1.0107421875
77.7,-2.6611328125,0.927734375
78.0,-2.65625,0.947265625
78.3,-2.65625,0.8740234375
78.6,-2.6513671875,0.8837890625
78.9,-2.6513671875,0.9326171875
79.2,-2.6611328125,0.9423828125
79.5,-2.65625,0.947265625
79.8,-2.6513671875,0.8349609375
80.1,-2.6513671875,0.9130859375
80.4,-2.65625,0.9375
80.7,-2.6611328125,0.9716796875
81.0,-2.65625,0.8740234375
81.3,-2.65625,0.7470703125
81.6,-2.65625,0.712890625
81.9,-2.6611328125,0.7373046875
82.2,-2.666015625,0.76171875
82.5,-2.6611328125,0.751953125
82.8,-2.65625,0.732421875
83.1,-2.6513671875,0.72265625
83.4,-2.6611328125,0.810546875
83.7,-2.65625,0.869140625
84.0,-2.6611328125,0.8740234375
84.3,-2.65625,0.9326171875
84.6,-2.65625,0.9814453125
84.9,-2.6611328125,0.9375
85.2,-2.65625,0.9521484375
85.5,-2.65625,1.044921875
85.8,-2.6611328125,1.064453125
86.1,-2.6611328125,0.99609375
86.4,-2.6611328125,1.083984375
86.7,-2.6611328125,1.03515625
87.0,-2.6611328125,1.0888671875
87.3,-2.6611328125,1.0986328125
87.6,-2.6611328125,1.064453125
87.9,-2.65625,1.083984375
88.2,-2.6611328125,1.1376953125
88.5,-2.6611328125,1.123046875
88.8,-2.6611328125,1.1279296875
89.1,-2.666015625,1.1669921875
89.4,-2.6611328125,1.103515625
89.7,-2.6611328125,1.025390625
90.0,-2.6611328125,0.9619140625
90.3,-2.666015625,0.83984375
90.6,-2.6611328125,0.751953125
90.9,-2.6611328125,0.751953125
91.2,-2.666015625,0.7421875
91.5,-2.6611328125,0.87890625
91.8,-2.6611328125,0.888671875
92.1,-2.666015625,0.78125
92.4,-2.6708984375,0.8056640625
92.7,-2.666015625,0.8251953125
93.0,-2.666015625,0.8642578125
93.3,-2.6611328125,0.8056640625
93.6,-2.666015625,0.7470703125
93.9,-2.666015625,0.693359375
94.2,-2.6611328125,0.693359375
94.5,-2.6611328125,0.6689453125
94.8,-2.666015625,0.6689453125
95.1,-2.666015625,0.6103515625
95.4,-2.666015625,0.64453125
95.7,-2.6611328125,0.6884765625
96.0,-2.6708984375,0.751953125
96.3,-2.666015625,0.7275390625
96.6,-2.666015625,0.673828125
96.9,-2.6708984375,0.634765625
97.2,-2.6611328125,0.537109375
97.5,-2.666015625,0.5078125
97.8,-2.6611328125,0.654296875
98.1,-2.666015625,0.6103515625
98.4,-2.666015625,0.615234375
98.7,-2.666015625,0.6640625
99.0,-2.6708984375,0.56640625
99.3,-2.6708984375,0.4150390625
99.6,-2.666015625,0.37109375
99.9,-2.6708984375,0.4052734375
100.2,-2.6708984375,0.44921875
100.5,-2.666015625,0.5615234375
100.8,-2.666015625,0.595703125
101.1,-2.666015625,0.634765625
101.4,-2.6708984375,0.6103515625
101.7,-2.666015625,0.56640625
102.0,-2.6708984375,0.6103515625
102.3,-2.666015625,0.615234375
102.6,-2.6708984375,0.703125
102.9,-2.6708984375,0.72265625
103.2,-2.6708984375,0.6689453125
103.5,-2.67578125,0.6298828125
103.8,-2.6708984375,0.7861328125
104.1,-2.6708984375,0.693359375
104.4,-2.666015625,0.7421875
104.7,-2.6708984375,0.791015625
105.0,-2.6708984375,0.87890625
105.3,-2.6708984375,0.791015625
105.6,-2.6708984375,0.8154296875
105.9,-2.67578125,0.8154296875
106.2,-2.6708984375,0.80078125
106.5,-2.67578125,0.87890625
106.8,-2.6708984375,0.91796875
107.1,-2.6708984375,0.830078125
107.4,-2.6708984375,0.8154296875
107.7,-2.67578125,0.78125
108.0,-2.67578125,0.947265625
108.3,-2.67578125,0.9423828125
108.6,-2.6708984375,0.9326171875
108.9,-2.6708984375,0.9228515625
109.2,-2.67578125,0.830078125
109.5,-2.67578125,0.810546875
109.8,-2.6708984375,0.87890625
110.1,-2.67578125,0.8642578125
110.4,-2.67578125,0.849609375
110.7,-2.6708984375,0.8935546875
111.0,-2.6806640625,0.927734375
111.3,-2.67578125,0.9765625
111.6,-2.67578125,0.966796875
111.9,-2.67578125,0.9814453125
112.2,-2.67578125,0.8984375
112.5,-2.6806640625,0.859375
112.8,-2.67578125,0.888671875
113.1,-2.67578125,0.8642578125
113.4,-2.6806640625,0.87890625
113.7,-2.67578125,0.8935546875
114.0,-2.6806640625,0.9423828125
114.3,-2.67578125,0.8837890625
114.6,-2.67578125,1.005859375
114.9,-2.67578125,0.927734375
115.2,-2.67578125,0.91796875
115.5,-2.6806640625,0.869140625
115.8,-2.6806640625,0.7958984375
116.1,-2.6806640625,0.7177734375
116.4,-2.67578125,0.6689453125
116.7,-2.6806640625,0.6640625
117.0,-2.67578125,0.6787109375
117.3,-2.6806640625,0.6982421875
117.6,-2.6806640625,0.6005859375
117.9,-2.6806640625,0.576171875
118.2,-2.67578125,0.595703125
118.5,-2.6806640625,0.56640625
118.8,-2.6806640625,0.5615234375
119.1,-2.6806640625,0.6103515625
119.4,-2.685546875,0.6640625
119.7,-2.685546875,0.693359375
120.0,-2.685546875,0.6982421875
120.3,-2.6806640625,0.6640625
120.6,-2.6806640625,0.712890625
120.9,-2.685546875,0.68359375
121.2,-2.685546875,0.5908203125
121.5,-2.6806640625,0.5029296875
121.8,-2.685546875,0.478515625
122.1,-2.685546875,0.44921875
122.4,-2.6806640625,0.498046875
122.7,-2.6806640625,0.6103515625
123.0,-2.67578125,0.6494140625
123.3,-2.685546875,0.625
123.6,-2.6806640625,0.615234375
123.9,-2.67578125,0.654296875
124.2,-2.67578125,0.5517578125
124.5,-2.685546875,0.6396484375
124.8,-2.685546875,0.5810546875
125.1,-2.685546875,0.498046875
125.4,-2.6904296875,0.634765625
125.7,-2.685546875,0.6494140625
126.0,-2.6806640625,0.64453125
126.3,-2.6904296875,0.6201171875
126.6,-2.685546875,0.6640625
126.9,-2.685546875,0.6298828125
127.2,-2.685546875,0.60546875
127.5,-2.6904296875,0.5322265625
127.8,-2.685546875,0.5078125
128.1,-2.6904296875,0.4638671875
128.4,-2.6953125,0.4296875
128.7,-2.685546875,0.439453125
129.0,-2.685546875,0.4541015625
129.3,-2.685546875,0.380859375
129.6,-2.6904296875,0.419921875
129.9,-2.685546875,0.390625
130.2,-2.6953125,0.37109375
130.5,-2.685546875,0.380859375
130.8,-2.6953125,0.37109375
131.1,-2.685546875,0.3515625
131.4,-2.6904296875,0.390625
131.7,-2.6904296875,0.3955078125
132.0,-2.685546875,0.3515625
132.3,-2.6904296875,0.302734375
132.6,-2.685546875,0.3955078125
132.9,-2.6904296875,0.5078125
133.2,-2.6904296875,0.6396484375
133.5,-2.685546875,0.6884765625
133.8,-2.6904296875,0.6591796875
134.1,-2.6904296875,0.537109375
134.4,-2.6904296875,0.478515625
134.7,-2.6904296875,0.4638671875
135.0,-2.6904296875,0.48828125
135.3,-2.6904296875,0.439453125
135.6,-2.6904296875,0.419921875
135.9,-2.6904296875,0.390625
136.2,-2.6953125,0.4248046875
136.5,-2.6904296875,0.4443359375
136.8,-2.6904296875,0.5224609375
137.1,-2.6953125,0.5810546875
137.4,-2.6953125,0.576171875
137.7,-2.6953125,0.576171875
138.0,-2.6904296875,0.546875
138.3,-2.6953125,0.4052734375
138.6,-2.6904296875,0.5029296875
138.9,-2.7001953125,0.5126953125
139.2,-2.6953125,0.458984375
139.5,-2.7001953125,0.5322265625
139.8,-2.6904296875,0.52734375
140.1,-2.6953125,0.5322265625
140.4,-2.6953125,0.498046875
140.7,-2.6953125,0.5029296875
141.0,-2.7001953125,0.5224609375
141.3,-2.6953125,0.6103515625
141.6,-2.7001953125,0.64453125
141.9,-2.6904296875,0.6884765625
142.2,-2.6953125,0.7666015625
142.5,-2.6953125,0.76171875
142.8,-2.6953125,0.6884765625
143.1,-2.7001953125,0.771484375
143.4,-2.6953125,0.673828125
143.7,-2.7001953125,0.60546875
144.0,-2.7001953125,0.6298828125
144.3,-2.7001953125,0.6298828125
144.6,-2.7001953125,0.6494140625
144.9,-2.6953125,0.6494140625
145.2,-2.7001953125,0.6103515625
145.5,-2.7001953125,0.4541015625
145.8,-2.7001953125,0.498046875
146.1,-2.6953125,0.4931640625
146.4,-2.7001953125,0.5126953125
146.7,-2.6953125,0.537109375
147.0,-2.705078125,0.52734375
147.3,-2.7001953125,0.46875
147.6,-2.705078125,0.41015625
147.9,-2.7001953125,0.361328125
148.2,-2.7001953125,0.3759765625
148.5,-2.7001953125,0.458984375
148.8,-2.7001953125,0.5029296875
149.1,-2.705078125,0.5712890625
149.4,-2.7001953125,0.60546875
149.7,-2.7001953125,0.595703125
150.0,-2.7001953125,0.5322265625
150.3,-2.705078125,0.5322265625
150.6,-2.7001953125,0.4736328125
150.9,-2.705078125,0.546875
151.2,-2.705078125,0.5078125
151.5,-2.705078125,0.4833984375
151.8,-2.7001953125,0.419921875
152.1,-2.705078125,0.341796875
152.4,-2.705078125,0.29296875
152.7,-2.7099609375,0.3466796875
153.0,-2.705078125,0.341796875
153.3,-2.705078125,0.3955078125
153.6,-2.7001953125,0.41015625
153.9,-2.705078125,0.419921875
154.2,-2.7001953125,0.419921875
154.5,-2.705078125,0.3271484375
154.8,-2.705078125,0.322265625
155.1,-2.705078125,0.3857421875
155.4,-2.7099609375,0.3369140625
155.7,-2.705078125,0.3369140625
156.0,-2.705078125,0.2880859375
156.3,-2.7099609375,0.2880859375
156.6,-2.7099609375,0.400390625
156.9,-2.705078125,0.419921875
157.2,-2.7099609375,0.400390625
157.5,-2.705078125,0.41015625
157.8,-2.7099609375,0.3857421875
158.1,-2.705078125,0.2783203125
158.4,-2.7099609375,0.3564453125
158.7,-2.705078125,0.2978515625
159.0,-2.7099609375,0.2783203125
159.3,-2.7099609375,0.2734375
159.6,-2.7099609375,0.2880859375
159.9,-2.705078125,0.2587890625
160.2,-2.71484375,0.3515625
160.5,-2.705078125,0.390625
160.8,-2.71484375,0.29296875
161.1,-2.7099609375,0.3076171875
161.4,-2.7099609375,0.3857421875
161.7,-2.705078125,0.3271484375
162.0,-2.7099609375,0.283203125
162.3,-2.7099609375,0.2685546875
162.6,-2.71484375,0.1171875
162.9,-2.7099609375,0.1123046875
163.2,-2.7099609375,0.2392578125
163.5,-2.7099609375,0.1953125
163.8,-2.7099609375,0.1318359375
164.1,-2.71484375,0.107421875
164.4,-2.7099609375,0.107421875
164.7,-2.71484375,0.166015625
165.0,-2.71484375,0.234375
165.3,-2.71484375,0.2734375
165.6,-2.7099609375,0.341796875
165.9,-2.7099609375,0.263671875
166.2,-2.7099609375,0.2685546875
166.5,-2.71484375,0.2197265625
166.8,-2.7099609375,0.3759765625
167.1,-2.71484375,0.3955078125
167.4,-2.7099609375,0.322265625
167.7,-2.71484375,0.390625
168.0,-2.7099609375,0.3857421875
168.3,-2.71484375,0.3515625
168.6,-2.71484375,0.3515625
168.9,-2.71484375,0.419921875
169.2,-2.71484375,0.37109375
169.5,-2.71484375,0.3515625
169.8,-2.71484375,0.3662109375
170.1,-2.7197265625,0.3515625
170.4,-2.71484375,0.4052734375
170.7,-2.71484375,0.4052734375
171.0,-2.7197265625,0.3515625
171.3,-2.7197265625,0.244140625
171.6,-2.71484375,0.234375
171.9,-2.71484375,0.244140625
172.2,-2.7197265625,0.33203125
172.5,-2.724609375,0.3173828125
172.8,-2.7294921875,0.3125
173.1,-2.71484375,0.322265625
173.4,-2.7197265625,0.3515625
173.7,-2.71484375,0.283203125
174.0,-2.71484375,0.2685546875
174.3,-2.7197265625,0.322265625
174.6,-2.7197265625,0.4150390625
174.9,-2.7197265625,0.3173828125
175.2,-2.7197265625,0.2734375
175.5,-2.7197265625,0.2197265625
175.8,-2.7197265625,0.1953125
176.1,-2.724609375,0.2392578125
176.4,-2.7197265625,0.205078125
176.7,-2.724609375,0.15625
177.0,-2.7197265625,0.087890625
177.3,-2.724609375,0.068359375
177.6,-2.7197265625,0.0732421875
177.9,-2.724609375,0.0927734375
178.2,-2.71484375,0.1171875
178.5,-2.724609375,0.1123046875
178.8,-2.7197265625,0.1708984375
179.1,-2.724609375,0.126953125
179.4,-2.724609375,0.205078125
179.7,-2.724609375,0.146484375
180.0,-2.7197265625,0.205078125
180.3,-2.7197265625,0.2294921875
180.6,-2.7294921875,0.1708984375
180.9,-2.724609375,0.1171875
181.2,-2.734375,0.146484375
181.5,-2.724609375,0.1611328125
181.8,-2.724609375,0.146484375
182.1,-2.724609375,0.1318359375
182.4,-2.724609375,0.21484375
182.7,-2.724609375,0.2880859375
183.0,-2.724609375,0.263671875
183.3,-2.7294921875,0.25390625
183.6,-2.724609375,0.2734375
183.9,-2.7294921875,0.2880859375
184.2,-2.724609375,0.25390625
184.5,-2.7294921875,0.322265625
184.8,-2.724609375,0.283203125
185.1,-2.7294921875,0.17578125
185.4,-2.724609375,0.224609375
185.7,-2.7294921875,0.263671875
186.0,-2.7294921875,0.3271484375
186.3,-2.724609375,0.322265625
186.6,-2.724609375,0.2490234375
186.9,-2.7294921875,0.2197265625
187.2,-2.7294921875,0.2685546875
187.5,-2.7294921875,0.205078125
187.8,-2.7294921875,0.2294921875
188.1,-2.7294921875,0.3369140625
188.4,-2.7294921875,0.439453125
188.7,-2.7294921875,0.4150390625
189.0,-2.734375,0.3662109375
189.3,-2.7294921875,0.302734375
189.6,-2.734375,0.3076171875
189.9,-2.7294921875,0.244140625
190.2,-2.7294921875,0.2490234375
190.5,-2.724609375,0.2490234375
190.8,-2.734375,0.3173828125
191.1,-2.7294921875,0.3564453125
191.4,-2.734375,0.4052734375
191.7,-2.7294921875,0.33203125
192.0,-2.7392578125,0.37109375
192.3,-2.724609375,0.2734375
192.6,-2.734375,0.2587890625
192.9,-2.734375,0.2783203125
193.2,-2.734375,0.21484375
193.5,-2.734375,0.146484375
193.8,-2.7294921875,0.107421875
194.1,-2.7294921875,0.1806640625
194.4,-2.7294921875,0.146484375
194.7,-2.734375,0.126953125
195.0,-2.734375,0.1123046875
195.3,-2.734375,0.01953125
195.6,-2.7392578125,0.01953125
195.9,-2.734375,0.078125
196.2,-2.7294921875,0.0
196.5,-2.734375,0.1171875
196.8,-2.734375,0.09765625
197.1,-2.7392578125,0.1220703125
197.4,-2.734375,0.166015625
197.7,-2.734375,0.17578125
198.0,-2.734375,0.1025390625
198.3,-2.734375,0.1220703125
198.6,-2.7294921875,0.1171875
198.9,-2.7392578125,0.205078125
199.2,-2.7392578125,0.1806640625
199.5,-2.734375,0.1953125
199.8,-2.734375,0.1806640625
200.1,-2.734375,0.185546875
200.4,-2.734375,0.1318359375
200.7,-2.734375,0.1318359375
201.0,-2.7392578125,0.13671875
201.3,-2.7392578125,0.205078125
201.6,-2.734375,0.2197265625
201.9,-2.734375,0.2197265625
202.2,-2.7392578125,0.2685546875
202.5,-2.7392578125,0.2734375
202.8,-2.7392578125,0.2685546875
203.1,-2.7392578125,0.185546875
203.4,-2.744140625,0.0927734375
203.7,-2.734375,-0.048828125
204.0,-2.7392578125,-0.1171875
204.3,-2.7392578125,-0.13671875
204.6,-2.7490234375,-0.1318359375
204.9,-2.7392578125,-0.1220703125
205.2,-2.744140625,-0.1025390625
205.5,-2.7392578125,-0.15625
205.8,-2.7392578125,-0.1171875
206.1,-2.744140625,-0.09765625
206.4,-2.744140625,-0.0146484375
206.7,-2.744140625,-0.068359375
207.0,-2.744140625,-0.1171875
207.3,-2.744140625,-0.1708984375
207.6,-2.7392578125,-0.185546875
207.9,-2.7392578125,-0.1513671875
208.2,-2.744140625,-0.0732421875
208.5,-2.7392578125,-0.0537109375
208.8,-2.744140625,-0.107421875
209.1,-2.7490234375,-0.146484375
209.4,-2.744140625,-0.1513671875
209.7,-2.7490234375,-0.0732421875
210.0,-2.744140625,-0.1318359375
210.3,-2.7490234375,-0.1611328125
210.6,-2.7392578125,-0.0537109375
210.9,-2.7490234375,-0.0732421875
211.2,-2.744140625,-0.0634765625
211.5,-2.744140625,-0.0244140625
211.8,-2.744140625,-0.029296875
212.1,-2.744140625,-0.05859375
212.4,-2.744140625,-0.0732421875
212.7,-2.7490234375,-0.1513671875
213.0,-2.7490234375,-0.0390625
213.3,-2.7490234375,-0.0732421875
213.6,-2.744140625,-0.1220703125
213.9,-2.744140625,-0.1708984375
214.2,-2.7490234375,-0.2294921875
214.5,-2.7490234375,-0.37109375
214.8,-2.7490234375,-0.3173828125
215.1,-2.744140625,-0.2392578125
215.4,-2.7490234375,-0.1513671875
215.7,-2.7490234375,-0.0732421875
216.0,-2.744140625,-0.09765625
216.3,-2.744140625,-0.146484375
216.6,-2.75390625,-0.1123046875
216.9,-2.7490234375,-0.0927734375
217.2,-2.7587890625,-0.1025390625
217.5,-2.7490234375,-0.1171875
217.8,-2.7490234375,-0.1025390625
218.1,-2.744140625,-0.0927734375
218.4,-2.75390625,-0.0927734375
218.7,-2.7490234375,-0.0439453125
219.0,-2.75390625,-0.01953125
219.3,-2.7490234375,-0.107421875
219.6,-2.7490234375,-0.1123046875
219.9,-2.7490234375,-0.107421875
220.2,-2.7490234375,-0.1171875
220.5,-2.75390625,-0.0830078125
220.8,-2.75390625,-0.2001953125
221.1,-2.7587890625,-0.1611328125
221.4,-2.7490234375,-0.126953125
221.7,-2.75390625,-0.146484375
222.0,-2.7490234375,-0.146484375
222.3,-2.75390625,-0.1318359375
222.6,-2.75390625,-0.1025390625
222.9,-2.7587890625,-0.078125
223.2,-2.7490234375,-0.0537109375
223.5,-2.75390625,-0.05859375
223.8,-2.75390625,-0.0341796875
224.1,-2.75390625,-0.0390625
224.4,-2.75390625,-0.048828125
224.7,-2.7587890625,-0.048828125
225.0,-2.75390625,-0.029296875
225.3,-2.75390625,-0.0048828125
225.6,-2.75390625,0.009765625
225.9,-2.75390625,0.009765625
226.2,-2.75390625,0.048828125
226.5,-2.75390625,0.1171875
226.8,-2.7587890625,0.166015625
227.1,-2.75390625,0.1904296875
227.4,-2.75390625,0.068359375
227.7,-2.75390625,0.048828125
228.0,-2.75390625,0.0048828125
228.3,-2.75390625,0.0
228.6,-2.75390625,0.009765625
228.9,-2.7587890625,-0.068359375
229.2,-2.7587890625,-0.0830078125
229.5,-2.7587890625,-0.048828125
229.8,-2.7587890625,-0.078125
230.1,-2.75390625,-0.1171875
230.4,-2.7587890625,-0.1513671875
230.7,-2.7587890625,-0.1708984375
231.0,-2.7587890625,-0.1123046875
231.3,-2.7587890625,-0.0830078125
231.6,-2.7587890625,-0.029296875
231.9,-2.763671875,-0.078125
232.2,-2.763671875,-0.078125
232.5,-2.763671875,-0.01953125
232.8,-2.763671875,-0.087890625
233.1,-2.7587890625,-0.1025390625
233.4,-2.763671875,-0.048828125
233.7,-2.7587890625,-0.1025390625
234.0,-2.75390625,-0.1416015625
234.3,-2.763671875,-0.146484375
234.6,-2.7587890625,-0.2294921875
234.9,-2.763671875,-0.1953125
235.2,-2.7587890625,-0.205078125
235.5,-2.763671875,-0.126953125
235.8,-2.7587890625,-0.21484375
236.1,-2.763671875,-0.224609375
236.4,-2.7587890625,-0.1708984375
236.7,-2.763671875,-0.1123046875
237.0,-2.763671875,-0.1611328125
237.3,-2.7587890625,-0.205078125
237.6,-2.763671875,-0.2685546875
237.9,-2.763671875,-0.3271484375
238.2,-2.763671875,-0.33203125
238.5,-2.763671875,-0.224609375
238.8,-2.763671875,-0.185546875
239.1,-2.763671875,-0.1806640625
239.4,-2.763671875,-0.166015625
239.7,-2.7587890625,-0.1171875
240.0,-2.7685546875,-0.029296875
240.3,-2.763671875,0.029296875
240.6,-2.7685546875,0.0390625
240.9,-2.763671875,0.0146484375
241.2,-2.7685546875,0.0048828125
241.5,-2.763671875,-0.0390625
241.8,-2.7685546875,-0.1611328125
242.1,-2.763671875,-0.166015625
242.4,-2.7685546875,-0.1318359375
242.7,-2.7685546875,-0.126953125
243.0,-2.7734375,-0.1416015625
243.3,-2.763671875,-0.185546875
243.6,-2.7685546875,-0.2392578125
243.9,-2.763671875,-0.2197265625
244.2,-2.7783203125,-0.21484375
244.5,-2.7685546875,-0.234375
244.8,-2.7685546875,-0.2294921875
245.1,-2.7685546875,-0.185546875
245.4,-2.763671875,-0.107421875
245.7,-2.7685546875,-0.09765625
246.0,-2.763671875,-0.0634765625
246.3,-2.7734375,-0.1318359375
246.6,-2.7685546875,-0.1708984375
246.9,-2.7734375,-0.1708984375
247.2,-2.763671875,-0.1416015625
247.5,-2.7734375,-0.13671875
247.8,-2.7685546875,-0.146484375
248.1,-2.7734375,-0.17578125
248.4,-2.7734375,-0.13671875
248.7,-2.7734375,-0.1025390625
249.0,-2.7685546875,-0.15625
249.3,-2.7685546875,-0.087890625
249.6,-2.7685546875,-0.0537109375
249.9,-2.7685546875,-0.1318359375
250.2,-2.7783203125,-0.0634765625
250.5,-2.7734375,-0.029296875
250.8,-2.7783203125,-0.009765625
251.1,-2.7685546875,-0.0390625
251.4,-2.7685546875,-0.068359375
251.7,-2.7734375,-0.0830078125
252.0,-2.7734375,-0.13671875
252.3,-2.7734375,-0.1953125
252.6,-2.7734375,-0.2099609375
252.9,-2.7734375,-0.205078125
253.2,-2.7734375,-0.205078125
253.5,-2.7685546875,-0.1904296875
253.8,-2.7783203125,-0.224609375
254.1,-2.7734375,-0.185546875
254.4,-2.7783203125,-0.078125
254.7,-2.7734375,-0.126953125
255.0,-2.7734375,-0.15625
255.3,-2.7734375,-0.146484375
255.6,-2.7734375,-0.166015625
255.9,-2.7734375,-0.2197265625
256.2,-2.7783203125,-0.3125
256.5,-2.7783203125,-0.3466796875
256.8,-2.7783203125,-0.380859375
257.1,-2.7783203125,-0.37109375
257.4,-2.7734375,-0.41015625
257.7,-2.7783203125,-0.4052734375
258.0,-2.7783203125,-0.283203125
258.3,-2.783203125,-0.302734375
258.6,-2.7783203125,-0.3173828125
258.9,-2.783203125,-0.2880859375
259.2,-2.7783203125,-0.2880859375
259.5,-2.7783203125,-0.3369140625
259.8,-2.7783203125,-0.3369140625
260.1,-2.7880859375,-0.341796875
260.4,-2.783203125,-0.3076171875
260.7,-2.783203125,-0.390625
261.0,-2.7783203125,-0.33203125
261.3,-2.7783203125,-0.2685546875
261.6,-2.7880859375,-0.2392578125
261.9,-2.783203125,-0.2099609375
262.2,-2.783203125,-0.205078125
262.5,-2.783203125,-0.185546875
262.8,-2.783203125,-0.107421875
263.1,-2.7783203125,-0.15625
263.4,-2.783203125,-0.1708984375
263.7,-2.783203125,-0.2294921875
264.0,-2.7783203125,-0.224609375
264.3,-2.783203125,-0.21484375
264.6,-2.7783203125,-0.2587890625
264.9,-2.783203125,-0.2587890625
265.2,-2.783203125,-0.263671875
265.5,-2.783203125,-0.2978515625
265.8,-2.7783203125,-0.21484375
266.1,-2.783203125,-0.1806640625
266.4,-2.7734375,-0.1318359375
266.7,-2.7880859375,-0.126953125
267.0,-2.7880859375,-0.126953125
267.3,-2.783203125,-0.146484375
267.6,-2.783203125,-0.2197265625
267.9,-2.783203125,-0.1513671875
268.2,-2.7880859375,-0.2197265625
268.5,-2.7880859375,-0.3271484375
268.8,-2.7880859375,-0.4296875
269.1,-2.7880859375,-0.3369140625
269.4,-2.7880859375,-0.2783203125
269.7,-2.783203125,-0.146484375
270.0,-2.7880859375,-0.0634765625
270.3,-2.7880859375,-0.05859375
270.6,-2.7880859375,-0.0732421875
270.9,-2.7880859375,-0.0732421875
271.2,-2.7880859375,-0.1416015625
271.5,-2.783203125,-0.2001953125
271.8,-2.7880859375,-0.1708984375
272.1,-2.783203125,-0.1318359375
272.4,-2.79296875,-0.166015625
272.7,-2.7880859375,-0.2099609375
273.0,-2.79296875,-0.2294921875
273.3,-2.7880859375,-0.2099609375
273.6,-2.783203125,-0.25390625
273.9,-2.783203125,-0.2880859375
274.2,-2.7880859375,-0.3466796875
274.5,-2.79296875,-0.41015625
274.8,-2.79296875,-0.3857421875
275.1,-2.79296875,-0.5078125
275.4,-2.79296875,-0.5126953125
275.7,-2.7880859375,-0.4736328125
276.0,-2.7880859375,-0.4296875
276.3,-2.79296875,-0.4052734375
276.6,-2.79296875,-0.419921875
276.9,-2.79296875,-0.4248046875
277.2,-2.79296875,-0.2978515625
277.5,-2.79296875,-0.2099609375
277.8,-2.7880859375,-0.224609375
278.1,-2.79296875,-0.1904296875
278.4,-2.79296875,-0.1953125
278.7,-2.7978515625,-0.1904296875
279.0,-2.7880859375,-0.126953125
279.3,-2.79296875,-0.107421875
279.6,-2.7880859375,-0.1171875
279.9,-2.79296875,-0.1806640625
280.2,-2.79296875,-0.205078125
280.5,-2.7978515625,-0.244140625
280.8,-2.7978515625,-0.17578125
281.1,-2.79296875,-0.1513671875
281.4,-2.79296875,-0.185546875
281.7,-2.7978515625,-0.1171875
282.0,-2.7978515625,-0.1171875
282.3,-2.7978515625,-0.166015625
282.6,-2.79296875,-0.107421875
282.9,-2.7978515625,-0.1416015625
283.2,-2.7978515625,-0.107421875
283.5,-2.7978515625,-0.087890625
283.8,-2.79296875,-0.01953125
284.1,-2.79296875,-0.0537109375
284.4,-2.79296875,-0.1513671875
284.7,-2.79296875,-0.2490234375
285.0,-2.7978515625,-0.380859375
285.3,-2.7978515625,-0.478515625
285.6,-2.7978515625,-0.5419921875
285.9,-2.7978515625,-0.5078125
286.2,-2.7978515625,-0.4296875
286.5,-2.7978515625,-0.37109375
286.8,-2.7978515625,-0.2978515625
287.1,-2.7978515625,-0.2001953125
287.4,-2.802734375,-0.2490234375
287.7,-2.7978515625,-0.2587890625
288.0,-2.802734375,-0.2099609375
288.3,-2.7978515625,-0.1953125
288.6,-2.802734375,-0.29296875
288.9,-2.7978515625,-0.4150390625
289.2,-2.802734375,-0.419921875
289.5,-2.7978515625,-0.419921875
289.8,-2.7978515625,-0.3466796875
290.1,-2.7978515625,-0.33203125
290.4,-2.802734375,-0.361328125
290.7,-2.7978515625,-0.458984375
291.0,-2.7978515625,-0.478515625
291.3,-2.802734375,-0.458984375
291.6,-2.802734375,-0.4150390625
291.9,-2.7978515625,-0.37109375
292.2,-2.7978515625,-0.341796875
292.5,-2.802734375,-0.3369140625
292.8,-2.802734375,-0.48828125
293.1,-2.8076171875,-0.44921875
293.4,-2.802734375,-0.5224609375
293.7,-2.802734375,-0.5419921875
294.0,-2.802734375,-0.5908203125
294.3,-2.802734375,-0.5419921875
294.6,-2.7978515625,-0.52734375
294.9,-2.8125,-0.56640625
295.2,-2.802734375,-0.595703125
295.5,-2.8076171875,-0.6494140625
295.8,-2.7978515625,-0.6640625
296.1,-2.802734375,-0.6640625
296.4,-2.802734375,-0.68359375
296.7,-2.802734375,-0.6982421875
297.0,-2.8076171875,-0.703125
297.3,-2.8076171875,-0.7470703125
297.6,-2.802734375,-0.8740234375
297.9,-2.8076171875,-0.791015625
298.2,-2.802734375,-0.791015625
298.5,-2.802734375,-0.83984375
298.8,-2.8076171875,-0.83984375
299.1,-2.802734375,-0.810546875
299.4,-2.8076171875,-0.703125
299.7,-2.802734375,-0.7666015625
300.0,-2.8076171875,-0.7470703125
300.3,-2.8076171875,-0.693359375
300.6,-2.8125,-0.6787109375
300.9,-2.8076171875,-0.625
301.2,-2.8125,-0.537109375
301.5,-2.8076171875,-0.5078125
301.8,-2.8076171875,-0.5908203125
302.1,-2.802734375,-0.576171875
302.4,-2.8076171875,-0.52734375
302.7,-2.8076171875,-0.5322265625
303.0,-2.8125,-0.537109375
303.3,-2.8125,-0.5908203125
303.6,-2.8076171875,-0.5517578125
303.9,-2.8076171875,-0.546875
304.2,-2.8076171875,-0.546875
304.5,-2.8076171875,-0.615234375
304.8,-2.8125,-0.5810546875
305.1,-2.8125,-0.546875
305.4,-2.8125,-0.52734375
305.7,-2.8173828125,-0.56640625
306.0,-2.8125,-0.5419921875
306.3,-2.8173828125,-0.576171875
306.6,-2.8076171875,-0.5078125
306.9,-2.8173828125,-0.48828125
307.2,-2.8173828125,-0.478515625
307.5,-2.8125,-0.5517578125
307.8,-2.802734375,-0.5712890625
308.1,-2.8125,-0.5224609375
308.4,-2.8173828125,-0.595703125
308.7,-2.8125,-0.5908203125
309.0,-2.8173828125,-0.5810546875
309.3,-2.8173828125,-0.576171875
309.6,-2.8125,-0.546875
309.9,-2.8125,-0.634765625
310.2,-2.8125,-0.7080078125
310.5,-2.8125,-0.7666015625
310.8,-2.8173828125,-0.7763671875
311.1,-2.8173828125,-0.712890625
311.4,-2.8173828125,-0.6689453125
311.7,-2.8125,-0.5908203125
312.0,-2.8173828125,-0.64453125
312.3,-2.8125,-0.6689453125
312.6,-2.8173828125,-0.76171875
312.9,-2.8173828125,-0.849609375
313.2,-2.822265625,-0.859375
313.5,-2.8173828125,-0.751953125
313.8,-2.8173828125,-0.751953125
314.1,-2.8173828125,-0.7275390625
314.4,-2.8173828125,-0.732421875
314.7,-2.8125,-0.76171875
315.0,-2.8173828125,-0.78125
315.3,-2.8173828125,-0.7080078125
315.6,-2.822265625,-0.7763671875
315.9,-2.8173828125,-0.7373046875
316.2,-2.822265625,-0.712890625
316.5,-2.8173828125,-0.7275390625
316.8,-2.822265625,-0.8154296875
317.1,-2.8173828125,-0.8740234375
317.4,-2.822265625,-0.8837890625
317.7,-2.822265625,-0.8837890625
318.0,-2.822265625,-0.869140625
318.3,-2.8173828125,-0.791015625
318.6,-2.822265625,-0.771484375
318.9,-2.8173828125,-0.80078125
319.2,-2.822265625,-0.80078125
319.5,-2.8173828125,-0.859375
319.8,-2.822265625,-0.8837890625
320.1,-2.822265625,-0.9228515625
320.4,-2.822265625,-0.8837890625
320.7,-2.822265625,-0.849609375
321.0,-2.822265625,-0.8642578125
321.3,-2.822265625,-0.8740234375
321.6,-2.822265625,-0.810546875
321.9,-2.822265625,-0.8154296875
322.2,-2.822265625,-0.78125
322.5,-2.8271484375,-0.7568359375
322.8,-2.8173828125,-0.72265625
323.1,-2.8271484375,-0.76171875
323.4,-2.822265625,-0.7421875
323.7,-2.8271484375,-0.6494140625
324.0,-2.822265625,-0.7080078125
324.3,-2.8271484375,-0.732421875
324.6,-2.822265625,-0.625
324.9,-2.8271484375,-0.634765625
325.2,-2.83203125,-0.6201171875
325.5,-2.8271484375,-0.634765625
325.8,-2.8271484375,-0.673828125
326.1,-2.8271484375,-0.6591796875
326.4,-2.8271484375,-0.64453125
326.7,-2.822265625,-0.703125
327.0,-2.8271484375,-0.6494140625
327.3,-2.8271484375,-0.693359375
327.6,-2.8271484375,-0.732421875
327.9,-2.8271484375,-0.6982421875
328.2,-2.8271484375,-0.7763671875
328.5,-2.8271484375,-0.859375
328.8,-2.83203125,-0.8935546875
329.1,-2.822265625,-0.8349609375
329.4,-2.83203125,-0.8642578125
329.7,-2.8271484375,-0.869140625
330.0,-2.83203125,-0.7958984375
330.3,-2.8271484375,-0.8056640625
330.6,-2.8271484375,-0.8251953125
330.9,-2.8271484375,-0.7958984375
331.2,-2.83203125,-0.80078125
331.5,-2.83203125,-0.8447265625
331.8,-2.83203125,-0.8935546875
332.1,-2.8271484375,-0.849609375
332.4,-2.8271484375,-0.8203125
332.7,-2.8271484375,-0.869140625
333.0,-2.8271484375,-0.9033203125
333.3,-2.83203125,-0.9716796875
333.6,-2.8271484375,-0.91796875
333.9,-2.83203125,-0.859375
334.2,-2.8271484375,-0.8251953125
334.5,-2.83203125,-0.7763671875
334.8,-2.8271484375,-0.7666015625
335.1,-2.8369140625,-0.830078125
335.4,-2.83203125,-0.849609375
335.7,-2.83203125,-0.78125
336.0,-2.8271484375,-0.8349609375
336.3,-2.8271484375,-0.87890625
336.6,-2.8369140625,-0.8544921875
336.9,-2.83203125,-0.8935546875
337.2,-2.8369140625,-0.8935546875
337.5,-2.8369140625,-0.9423828125
337.8,-2.8369140625,-0.888671875
338.1,-2.8369140625,-0.908203125
338.4,-2.83203125,-0.9033203125
338.7,-2.83203125,-0.8740234375
339.0,-2.83203125,-0.8056640625
339.3,-2.83203125,-0.8349609375
339.6,-2.8369140625,-0.87890625
339.9,-2.83203125,-0.8349609375
340.2,-2.83203125,-0.8544921875
340.5,-2.83203125,-0.80078125
340.8,-2.8369140625,-0.8642578125
341.1,-2.8369140625,-0.8837890625
341.4,-2.841796875,-0.8642578125
341.7,-2.8369140625,-0.810546875
342.0,-2.83203125,-0.7568359375
342.3,-2.83203125,-0.859375
342.6,-2.8369140625,-0.8447265625
342.9,-2.8369140625,-0.7958984375
343.2,-2.8369140625,-0.78125
343.5,-2.8369140625,-0.8251953125
343.8,-2.8369140625,-0.9228515625
344.1,-2.8369140625,-0.99609375
344.4,-2.83203125,-0.9765625
344.7,-2.841796875,-0.8740234375
345.0,-2.841796875,-0.8251953125
345.3,-2.841796875,-0.9033203125
345.6,-2.8369140625,-0.947265625
345.9,-2.841796875,-0.95703125
346.2,-2.8369140625,-0.9375
346.5,-2.841796875,-0.9619140625
346.8,-2.841796875,-1.0107421875
347.1,-2.8466796875,-1.015625
347.4,-2.841796875,-1.0693359375
347.7,-2.841796875,-0.99609375
348.0,-2.8369140625,-1.025390625
348.3,-2.8369140625,-0.9423828125
348.6,-2.841796875,-1.0009765625
348.9,-2.841796875,-0.9716796875
349.2,-2.841796875,-1.03515625
349.5,-2.841796875,-1.03515625
349.8,-2.841796875,-1.03515625
350.1,-2.841796875,-0.99609375
350.4,-2.841796875,-0.9375
350.7,-2.8466796875,-0.87890625
351.0,-2.8515625,-0.91796875
351.3,-2.841796875,-0.9521484375
351.6,-2.8466796875,-0.966796875
351.9,-2.841796875,-0.9423828125
352.2,-2.8466796875,-0.9375
352.5,-2.841796875,-0.966796875
352.8,-2.8466796875,-1.03515625
353.1,-2.8466796875,-0.9912109375
353.4,-2.8466796875,-0.9375
353.7,-2.8515625,-0.8837890625
354.0,-2.8466796875,-0.9375
354.3,-2.841796875,-0.9228515625
354.6,-2.8466796875,-0.9423828125
354.9,-2.8515625,-0.966796875
355.2,-2.8466796875,-0.986328125
355.5,-2.8515625,-0.9375
355.8,-2.841796875,-0.87890625
356.1,-2.8466796875,-0.9765625
356.4,-2.8466796875,-1.0888671875
356.7,-2.8515625,-1.0546875
357.0,-2.8515625,-1.064453125
357.3,-2.8515625,-1.1328125
357.6,-2.841796875,-1.2060546875
357.9,-2.8466796875,-1.240234375
358.2,-2.8466796875,-1.2646484375
358.5,-2.8515625,-1.259765625
358.8,-2.8515625,-1.23046875
359.1,-2.8466796875,-1.1181640625
359.4,-2.8515625,-1.1181640625
359.7,-2.8466796875,-1.2109375
360.0,-2.8466796875,-1.171875
360.3,-2.8515625,-1.1083984375
360.6,-2.8515625,-1.0595703125
360.9,-2.8515625,-1.0595703125
361.2,-2.8515625,-1.07421875
361.5,-2.8515625,-1.11328125
361.8,-2.8515625,-1.1083984375
362.1,-2.8466796875,-1.07421875
362.4,-2.8515625,-1.0400390625
362.7,-2.8515625,-0.9814453125
363.0,-2.8564453125,-1.064453125
363.3,-2.8515625,-1.025390625
363.6,-2.8515625,-1.0498046875
363.9,-2.8466796875,-1.083984375
364.2,-2.8515625,-1.0205078125
364.5,-2.8515625,-0.9619140625
364.8,-2.8564453125,-1.0302734375
365.1,-2.8564453125,-0.99609375
365.4,-2.8466796875,-0.9716796875
365.7,-2.8515625,-1.044921875
366.0,-2.8564453125,-1.07421875
366.3,-2.8564453125,-1.11328125
366.6,-2.861328125,-1.103515625
366.9,-2.8515625,-1.15234375
367.2,-2.8564453125,-1.09375
367.5,-2.8564453125,-1.1376953125
367.8,-2.8515625,-1.123046875
368.1,-2.861328125,-1.1669921875
368.4,-2.8515625,-1.1669921875
368.7,-2.861328125,-1.123046875
369.0,-2.8515625,-1.1669921875
369.3,-2.8564453125,-1.220703125
369.6,-2.8515625,-1.3232421875
369.9,-2.8564453125,-1.3720703125
370.2,-2.8564453125,-1.3671875
370.5,-2.861328125,-1.4501953125
370.8,-2.8564453125,-1.494140625
371.1,-2.8564453125,-1.455078125
371.4,-2.8564453125,-1.416015625
371.7,-2.8564453125,-1.494140625
372.0,-2.861328125,-1.5625
372.3,-2.8564453125,-1.5283203125
372.6,-2.861328125,-1.4794921875
372.9,-2.8564453125,-1.4990234375
373.2,-2.861328125,-1.4794921875
373.5,-2.861328125,-1.4501953125
373.8,-2.8564453125,-1.4599609375
374.1,-2.861328125,-1.4892578125
374.4,-2.8564453125,-1.4501953125
374.7,-2.8564453125,-1.3720703125
375.0,-2.861328125,-1.396484375
375.3,-2.861328125,-1.3330078125
375.6,-2.861328125,-1.2451171875
375.9,-2.861328125,-1.259765625
376.2,-2.861328125,-1.30859375
376.5,-2.861328125,-1.3525390625
376.8,-2.861328125,-1.3623046875
377.1,-2.861328125,-1.3134765625
377.4,-2.861328125,-1.328125
377.7,-2.8662109375,-1.3427734375
378.0,-2.861328125,-1.4013671875
378.3,-2.8662109375,-1.435546875
378.6,-2.861328125,-1.4501953125
378.9,-2.8662109375,-1.4599609375
379.2,-2.861328125,-1.572265625
379.5,-2.8662109375,-1.50390625
379.8,-2.8662109375,-1.4892578125
380.1,-2.8662109375,-1.4208984375
380.4,-2.861328125,-1.4794921875
380.7,-2.8662109375,-1.4404296875
381.0,-2.8564453125,-1.416015625
381.3,-2.8662109375,-1.4794921875
381.6,-2.8662109375,-1.533203125
381.9,-2.87109375,-1.4501953125
382.2,-2.8662109375,-1.3720703125
382.5,-2.861328125,-1.4404296875
382.8,-2.861328125,-1.474609375
383.1,-2.861328125,-1.484375
383.4,-2.8662109375,-1.5771484375
383.7,-2.8662109375,-1.5771484375
384.0,-2.87109375,-1.62109375
384.3,-2.861328125,-1.6796875
384.6,-2.87109375,-1.6357421875
384.9,-2.8662109375,-1.54296875
385.2,-2.87109375,-1.5478515625
385.5,-2.8662109375,-1.533203125
385.8,-2.87109375,-1.5380859375
386.1,-2.8662109375,-1.4892578125
386.4,-2.87109375,-1.474609375
386.7,-2.8662109375,-1.4453125
387.0,-2.87109375,-1.38671875
387.3,-2.87109375,-1.416015625
387.6,-2.8662109375,-1.474609375
387.9,-2.87109375,-1.4892578125
388.2,-2.87109375,-1.50390625
388.5,-2.87109375,-1.6357421875
388.8,-2.87109375,-1.6357421875
389.1,-2.87109375,-1.6796875
389.4,-2.87109375,-1.7431640625
389.7,-2.87109375,-1.689453125
390.0,-2.87109375,-1.6162109375
390.3,-2.87109375,-1.591796875
390.6,-2.8662109375,-1.6064453125
390.9,-2.8759765625,-1.50390625
391.2,-2.87109375,-1.455078125
391.5,-2.8759765625,-1.4794921875
391.8,-2.87109375,-1.4501953125
392.1,-2.87109375,-1.4990234375
392.4,-2.87109375,-1.54296875
392.7,-2.87109375,-1.4892578125
393.0,-2.87109375,-1.4990234375
393.3,-2.8759765625,-1.533203125
393.6,-2.8759765625,-1.5234375
393.9,-2.8759765625,-1.54296875
394.2,-2.8759765625,-1.5283203125
394.5,-2.87109375,-1.5087890625
394.8,-2.87109375,-1.5869140625
395.1,-2.87109375,-1.6357421875
395.4,-2.8759765625,-1.669921875
395.7,-2.87109375,-1.552734375
396.0,-2.8759765625,-1.513671875
396.3,-2.8759765625,-1.5087890625
396.6,-2.8759765625,-1.533203125
396.9,-2.8759765625,-1.5185546875
397.2,-2.8759765625,-1.5478515625
397.5,-2.880859375,-1.5576171875
397.8,-2.8759765625,-1.611328125
398.1,-2.8759765625,-1.6259765625
398.4,-2.8759765625,-1.640625
398.7,-2.880859375,-1.7041015625
399.0,-2.880859375,-1.71875
399.3,-2.880859375,-1.6259765625
399.6,-2.8759765625,-1.6015625
399.9,-2.880859375,-1.533203125
400.2,-2.880859375,-1.4794921875
400.5,-2.880859375,-1.5478515625
400.8,-2.880859375,-1.5625
401.1,-2.8759765625,-1.5869140625
401.4,-2.880859375,-1.6015625
401.7,-2.8759765625,-1.640625
402.0,-2.880859375,-1.5673828125
402.3,-2.8759765625,-1.591796875
402.6,-2.880859375,-1.5625
402.9,-2.880859375,-1.5087890625
403.2,-2.8857421875,-1.494140625
403.5,-2.880859375,-1.4404296875
403.8,-2.8857421875,-1.5283203125
404.1,-2.8857421875,-1.5087890625
404.4,-2.880859375,-1.494140625
404.7,-2.880859375,-1.552734375
405.0,-2.880859375,-1.7138671875
405.3,-2.880859375,-1.6748046875
405.6,-2.880859375,-1.7578125
405.9,-2.880859375,-1.69921875
406.2,-2.8759765625,-1.71875
406.5,-2.880859375,-1.66015625
406.8,-2.880859375,-1.7333984375
407.1,-2.880859375,-1.7236328125
407.4,-2.880859375,-1.767578125
407.7,-2.880859375,-1.7333984375
408.0,-2.8857421875,-1.708984375
408.3,-2.890625,-1.7529296875
408.6,-2.880859375,-1.73828125
408.9,-2.8857421875,-1.7724609375
409.2,-2.8857421875,-1.7919921875
409.5,-2.890625,-1.8115234375
409.8,-2.8857421875,-1.8115234375
410.1,-2.8857421875,-1.767578125
410.4,-2.890625,-1.7822265625
410.7,-2.880859375,-1.689453125
411.0,-2.890625,-1.611328125
411.3,-2.8857421875,-1.6552734375
411.6,-2.8857421875,-1.69921875
411.9,-2.8857421875,-1.630859375
412.2,-2.8857421875,-1.640625
412.5,-2.8857421875,-1.7431640625
412.8,-2.880859375,-1.8310546875
413.1,-2.8857421875,-1.767578125
413.4,-2.8857421875,-1.708984375
413.7,-2.8857421875,-1.7333984375
414.0,-2.890625,-1.708984375
414.3,-2.890625,-1.6455078125
414.6,-2.890625,-1.6064453125
414.9,-2.890625,-1.728515625
415.2,-2.8955078125,-1.7138671875
415.5,-2.890625,-1.728515625
415.8,-2.890625,-1.7138671875
416.1,-2.890625,-1.6748046875
416.4,-2.8955078125,-1.58203125
416.7,-2.890625,-1.6162109375
417.0,-2.890625,-1.6357421875
417.3,-2.8955078125,-1.6015625
417.6,-2.8955078125,-1.552734375
417.9,-2.890625,-1.513671875
418.2,-2.8857421875,-1.46484375
418.5,-2.890625,-1.455078125
418.8,-2.8857421875,-1.552734375
419.1,-2.890625,-1.6455078125
419.4,-2.890625,-1.689453125
419.7,-2.8955078125,-1.6650390625
420.0,-2.8955078125,-1.6796875
420.3,-2.890625,-1.748046875
420.6,-2.8955078125,-1.7724609375
420.9,-2.8955078125,-1.71875
421.2,-2.890625,-1.7333984375
421.5,-2.890625,-1.7333984375
421.8,-2.890625,-1.71875
422.1,-2.890625,-1.7578125
422.4,-2.8955078125,-1.7431640625
422.7,-2.8955078125,-1.6455078125
423.0,-2.8955078125,-1.5966796875
423.3,-2.890625,-1.572265625
423.6,-2.890625,-1.5576171875
423.9,-2.8955078125,-1.6162109375
424.2,-2.8955078125,-1.6064453125
424.5,-2.8955078125,-1.5673828125
424.8,-2.890625,-1.5673828125
425.1,-2.8955078125,-1.62109375
425.4,-2.8955078125,-1.6943359375
425.7,-2.8955078125,-1.7578125
426.0,-2.8955078125,-1.7041015625
426.3,-2.8955078125,-1.669921875
426.6,-2.8955078125,-1.669921875
426.9,-2.890625,-1.572265625
427.2,-2.8955078125,-1.6455078125
427.5,-2.8955078125,-1.6943359375
427.8,-2.900390625,-1.640625
428.1,-2.8955078125,-1.689453125
428.4,-2.8955078125,-1.7041015625
428.7,-2.900390625,-1.640625
429.0,-2.900390625,-1.6357421875
429.3,-2.8955078125,-1.6552734375
429.6,-2.900390625,-1.5771484375
429.9,-2.900390625,-1.611328125
430.2,-2.900390625,-1.69921875
430.5,-2.9052734375,-1.7431640625
430.8,-2.900390625,-1.73828125
431.1,-2.900390625,-1.669921875
431.4,-2.900390625,-1.640625
431.7,-2.8955078125,-1.7333984375
432.0,-2.900390625,-1.8212890625
432.3,-2.9052734375,-1.73828125
432.6,-2.900390625,-1.73828125
432.9,-2.900390625,-1.7919921875
433.2,-2.9052734375,-1.796875
433.5,-2.900390625,-1.8212890625
433.8,-2.900390625,-1.8017578125
434.1,-2.900390625,-1.7626953125
434.4,-2.900390625,-1.7578125
434.7,-2.9052734375,-1.7431640625
435.0,-2.9052734375,-1.708984375
435.3,-2.9052734375,-1.7138671875
435.6,-2.900390625,-1.7041015625
435.9,-2.9052734375,-1.6748046875
436.2,-2.9052734375,-1.6552734375
436.5,-2.9052734375,-1.6796875
436.8,-2.900390625,-1.58203125
437.1,-2.900390625,-1.66015625
437.4,-2.900390625,-1.6796875
437.7,-2.9052734375,-1.62109375
438.0,-2.9052734375,-1.611328125
438.3,-2.900390625,-1.6259765625
438.6,-2.900390625,-1.640625
438.9,-2.9052734375,-1.5576171875
439.2,-2.9052734375,-1.5283203125
439.5,-2.9052734375,-1.54296875
439.8,-2.9052734375,-1.58203125
440.1,-2.9052734375,-1.630859375
440.4,-2.9052734375,-1.66015625
440.7,-2.91015625,-1.650390625
441.0,-2.91015625,-1.6943359375
441.3,-2.9052734375,-1.5771484375
441.6,-2.9150390625,-1.5869140625
441.9,-2.91015625,-1.5869140625
442.2,-2.9052734375,-1.5625
442.5,-2.9052734375,-1.5966796875
442.8,-2.9052734375,-1.6259765625
443.1,-2.9052734375,-1.7041015625
443.4,-2.9052734375,-1.71875
443.7,-2.91015625,-1.69921875
444.0,-2.91015625,-1.6943359375
444.3,-2.91015625,-1.71875
444.6,-2.91015625,-1.7138671875
444.9,-2.9052734375,-1.6943359375
445.2,-2.9052734375,-1.6943359375
445.5,-2.91015625,-1.7041015625
445.8,-2.91015625,-1.7529296875
446.1,-2.91015625,-1.748046875
446.4,-2.91015625,-1.8408203125
446.7,-2.91015625,-1.8115234375
447.0,-2.9150390625,-1.8994140625
447.3,-2.9150390625,-1.9189453125
447.6,-2.91015625,-1.9384765625
447.9,-2.9150390625,-1.875
448.2,-2.919921875,-1.826171875
448.5,-2.919921875,-1.7822265625
448.8,-2.91015625,-1.787109375
449.1,-2.91015625,-1.708984375
449.4,-2.91015625,-1.6796875
449.7,-2.9150390625,-1.650390625
450.0,-2.919921875,-1.7333984375
450.3,-2.91015625,-1.7333984375
450.6,-2.9150390625,-1.630859375
450.9,-2.9150390625,-1.58203125
451.2,-2.9150390625,-1.5380859375
451.5,-2.919921875,-1.5087890625
451.8,-2.91015625,-1.4892578125
452.1,-2.9150390625,-1.5283203125
452.4,-2.9150390625,-1.5576171875
452.7,-2.919921875,-1.5478515625
453.0,-2.9150390625,-1.5869140625
453.3,-2.9150390625,-1.5625
453.6,-2.9150390625,-1.5771484375
453.9,-2.9150390625,-1.5966796875
454.2,-2.9150390625,-1.54296875
454.5,-2.919921875,-1.5087890625
454.8,-2.919921875,-1.435546875
455.1,-2.919921875,-1.4501953125
455.4,-2.9150390625,-1.474609375
455.7,-2.9150390625,-1.40625
456.0,-2.9150390625,-1.4697265625
456.3,-2.919921875,-1.5185546875
456.6,-2.9150390625,-1.5673828125
456.9,-2.919921875,-1.5673828125
457.2,-2.9150390625,-1.552734375
457.5,-2.919921875,-1.50390625
457.8,-2.919921875,-1.4697265625
458.1,-2.919921875,-1.4208984375
458.4,-2.919921875,-1.3916015625
458.7,-2.919921875,-1.3671875
459.0,-2.919921875,-1.42578125
459.3,-2.919921875,-1.396484375
459.6,-2.919921875,-1.3818359375
459.9,-2.919921875,-1.4501953125
460.2,-2.919921875,-1.4111328125
460.5,-2.9248046875,-1.38671875
460.8,-2.9248046875,-1.376953125
461.1,-2.9150390625,-1.4111328125
461.4,-2.9150390625,-1.3818359375
461.7,-2.919921875,-1.3720703125
462.0,-2.919921875,-1.396484375
462.3,-2.919921875,-1.357421875
462.6,-2.919921875,-1.4306640625
462.9,-2.919921875,-1.40625
463.2,-2.9296875,-1.38671875
463.5,-2.9248046875,-1.3818359375
463.8,-2.919921875,-1.3330078125
464.1,-2.9248046875,-1.2841796875
464.4,-2.9296875,-1.2548828125
464.7,-2.9296875,-1.23046875
465.0,-2.919921875,-1.2646484375
465.3,-2.9248046875,-1.279296875
465.6,-2.9248046875,-1.318359375
465.9,-2.9248046875,-1.2841796875
466.2,-2.9248046875,-1.2109375
466.5,-2.9248046875,-1.2158203125
466.8,-2.9248046875,-1.328125
467.1,-2.9248046875,-1.376953125
467.4,-2.9248046875,-1.3671875
467.7,-2.9296875,-1.2890625
468.0,-2.919921875,-1.298828125
468.3,-2.9248046875,-1.240234375
468.6,-2.9248046875,-1.1962890625
468.9,-2.9248046875,-1.2548828125
469.2,-2.9248046875,-1.3134765625
469.5,-2.9248046875,-1.2841796875
469.8,-2.9248046875,-1.34765625
470.1,-2.9296875,-1.416015625
470.4,-2.9296875,-1.455078125
470.7,-2.9296875,-1.4501953125
471.0,-2.9296875,-1.3720703125
471.3,-2.9248046875,-1.3330078125
471.6,-2.9248046875,-1.3623046875
471.9,-2.9296875,-1.3330078125
472.2,-2.9296875,-1.337890625
472.5,-2.9296875,-1.376953125
472.8,-2.9248046875,-1.357421875
473.1,-2.9345703125,-1.435546875
473.4,-2.9345703125,-1.42578125
473.7,-2.9345703125,-1.4599609375
474.0,-2.9345703125,-1.494140625
474.3,-2.9345703125,-1.4501953125
474.6,-2.9345703125,-1.4453125
474.9,-2.9345703125,-1.40625
475.2,-2.9296875,-1.318359375
475.5,-2.9345703125,-1.318359375
475.8,-2.9296875,-1.3330078125
476.1,-2.9296875,-1.2646484375
476.4,-2.9345703125,-1.2451171875
476.7,-2.939453125,-1.220703125
477.0,-2.9345703125,-1.2451171875
477.3,-2.9345703125,-1.181640625
477.6,-2.9345703125,-1.123046875
477.9,-2.939453125,-1.1181640625
478.2,-2.9345703125,-1.0791015625
478.5,-2.9296875,-1.0791015625
478.8,-2.9296875,-1.1181640625
479.1,-2.9296875,-1.19140625
479.4,-2.9345703125,-1.23046875
479.7,-2.9345703125,-1.201171875
480.0,-2.9345703125,-1.162109375
480.3,-2.9296875,-1.15234375
480.6,-2.9345703125,-1.1865234375
480.9,-2.9345703125,-1.1767578125
481.2,-2.9345703125,-1.1669921875
481.5,-2.9345703125,-1.23046875
481.8,-2.9345703125,-1.201171875
482.1,-2.9345703125,-1.15234375
482.4,-2.9345703125,-1.0888671875
482.7,-2.9345703125,-1.103515625
483.0,-2.939453125,-1.07421875
483.3,-2.9345703125,-1.0546875
483.6,-2.9345703125,-1.0205078125
483.9,-2.939453125,-1.0009765625
484.2,-2.9345703125,-1.0302734375
484.5,-2.9345703125,-1.0791015625
484.8,-2.9345703125,-1.0498046875
485.1,-2.939453125,-1.1181640625
485.4,-2.939453125,-1.1865234375
485.7,-2.9443359375,-1.15234375
486.0,-2.939453125,-1.19140625
486.3,-2.9345703125,-1.2158203125
486.6,-2.9443359375,-1.1572265625
486.9,-2.9443359375,-1.123046875
487.2,-2.9443359375,-1.0693359375
487.5,-2.9345703125,-1.0791015625
487.8,-2.939453125,-1.083984375
488.1,-2.939453125,-1.2158203125
488.4,-2.939453125,-1.1962890625
488.7,-2.939453125,-1.1328125
489.0,-2.939453125,-1.1181640625
489.3,-2.939453125,-1.0546875
489.6,-2.939453125,-1.03515625
489.9,-2.939453125,-1.03515625
490.2,-2.939453125,-1.064453125
490.5,-2.9443359375,-1.0205078125
490.8,-2.939453125,-1.025390625
491.1,-2.939453125,-1.0205078125
491.4,-2.9443359375,-1.0400390625
491.7,-2.9443359375,-0.9765625
492.0,-2.9443359375,-0.9619140625
492.3,-2.939453125,-0.9814453125
492.6,-2.9443359375,-1.005859375
492.9,-2.9443359375,-0.9912109375
493.2,-2.939453125,-1.0400390625
493.5,-2.939453125,-1.064453125
493.8,-2.939453125,-1.025390625
494.1,-2.94921875,-0.986328125
494.4,-2.9443359375,-0.9765625
494.7,-2.9443359375,-0.9033203125
495.0,-2.9443359375,-0.888671875
495.3,-2.9443359375,-0.87890625
495.6,-2.94921875,-0.869140625
495.9,-2.9443359375,-0.9033203125
496.2,-2.94921875,-0.8740234375
496.5,-2.94921875,-0.87890625
496.8,-2.9443359375,-0.869140625
497.1,-2.9443359375,-0.9130859375
497.4,-2.939453125,-0.95703125
497.7,-2.94921875,-0.927734375
498.0,-2.94921875,-0.8642578125
498.3,-2.94921875,-0.91796875
498.6,-2.94921875,-0.9375
498.9,-2.94921875,-0.91796875
499.2,-2.94921875,-0.986328125
499.5,-2.94921875,-0.947265625
499.8,-2.94921875,-0.888671875
500.1,-2.94921875,-0.966796875
500.4,-2.94921875,-0.9912109375
500.7,-2.9541015625,-0.9814453125
501.0,-2.9443359375,-0.9765625
501.3,-2.94921875,-1.015625
501.6,-2.94921875,-1.005859375
501.9,-2.9541015625,-1.1669921875
502.2,-2.9541015625,-1.2255859375
502.5,-2.9541015625,-1.1865234375
502.8,-2.9541015625,-1.162109375
503.1,-2.94921875,-1.1328125
503.4,-2.94921875,-1.103515625
503.7,-2.94921875,-1.15234375
504.0,-2.94921875,-1.09375
504.3,-2.9541015625,-1.07421875
504.6,-2.9541015625,-1.1328125
504.9,-2.9443359375,-1.09375
505.2,-2.958984375,-1.03515625
505.5,-2.9541015625,-0.966796875
505.8,-2.94921875,-0.9814453125
506.1,-2.9541015625,-1.0107421875
506.4,-2.9541015625,-1.0888671875
506.7,-2.9541015625,-1.0693359375
507.0,-2.94921875,-1.064453125
507.3,-2.9541015625,-1.0888671875
507.6,-2.9541015625,-1.1083984375
507.9,-2.9541015625,-1.09375
508.2,-2.9541015625,-1.103515625
508.5,-2.958984375,-1.103515625
508.8,-2.9541015625,-1.064453125
509.1,-2.9541015625,-1.07421875
509.4,-2.9541015625,-1.0546875
509.7,-2.9541015625,-1.015625
510.0,-2.958984375,-0.9765625
510.3,-2.958984375,-0.9228515625
510.6,-2.9638671875,-0.8447265625
510.9,-2.958984375,-0.78125
511.2,-2.9541015625,-0.810546875
511.5,-2.9541015625,-0.8251953125
511.8,-2.958984375,-0.72265625
512.1,-2.958984375,-0.6689453125
512.4,-2.9638671875,-0.7568359375
512.7,-2.9541015625,-0.7958984375
513.0,-2.9638671875,-0.83984375
513.3,-2.9541015625,-0.859375
513.6,-2.9541015625,-0.7958984375
513.9,-2.958984375,-0.7861328125
514.2,-2.958984375,-0.732421875
514.5,-2.958984375,-0.72265625
514.8,-2.958984375,-0.6591796875
515.1,-2.958984375,-0.634765625
515.4,-2.958984375,-0.68359375
515.7,-2.9638671875,-0.654296875
516.0,-2.958984375,-0.7177734375
516.3,-2.9638671875,-0.8349609375
516.6,-2.958984375,-0.869140625
516.9,-2.9638671875,-0.849609375
517.2,-2.958984375,-0.859375
517.5,-2.958984375,-0.83984375
517.8,-2.9541015625,-0.8349609375
518.1,-2.9638671875,-0.8837890625
518.4,-2.9638671875,-0.8544921875
518.7,-2.9638671875,-0.8203125
519.0,-2.958984375,-0.7470703125
519.3,-2.9638671875,-0.7373046875
519.6,-2.958984375,-0.7177734375
519.9,-2.9638671875,-0.634765625
520.2,-2.9638671875,-0.634765625
520.5,-2.9638671875,-0.7568359375
520.8,-2.9638671875,-0.6640625
521.1,-2.9638671875,-0.7421875
521.4,-2.958984375,-0.7958984375
521.7,-2.9638671875,-0.869140625
522.0,-2.9638671875,-0.830078125
522.3,-2.96875,-0.8154296875
522.6,-2.96875,-0.693359375
522.9,-2.9638671875,-0.703125
523.2,-2.9638671875,-0.771484375
523.5,-2.9638671875,-0.7080078125
523.8,-2.9638671875,-0.72265625
524.1,-2.96875,-0.6689453125
524.4,-2.96875,-0.64453125
524.7,-2.9638671875,-0.5908203125
525.0,-2.9638671875,-0.5859375
525.3,-2.9638671875,-0.693359375
525.6,-2.96875,-0.6982421875
525.9,-2.9638671875,-0.703125
526.2,-2.96875,-0.6494140625
526.5,-2.96875,-0.556640625
526.8,-2.96875,-0.5419921875
527.1,-2.978515625,-0.576171875
527.4,-2.9638671875,-0.5810546875
527.7,-2.96875,-0.537109375
528.0,-2.9638671875,-0.5419921875
528.3,-2.96875,-0.615234375
528.6,-2.96875,-0.6494140625
528.9,-2.9736328125,-0.7177734375
529.2,-2.96875,-0.654296875
529.5,-2.9736328125,-0.6103515625
529.8,-2.96875,-0.615234375
530.1,-2.96875,-0.6201171875
530.4,-2.9638671875,-0.5810546875
530.7,-2.9736328125,-0.595703125
531.0,-2.9736328125,-0.6396484375
531.3,-2.96875,-0.64453125
531.6,-2.9736328125,-0.6103515625
531.9,-2.96875,-0.615234375
532.2,-2.96875,-0.6103515625
532.5,-2.9736328125,-0.68359375
532.8,-2.9736328125,-0.6591796875
533.1,-2.96875,-0.7275390625
533.4,-2.9736328125,-0.6884765625
533.7,-2.96875,-0.6298828125
534.0,-2.9736328125,-0.625
534.3,-2.9736328125,-0.64453125
534.6,-2.9736328125,-0.52734375
534.9,-2.9736328125,-0.44921875
535.2,-2.9736328125,-0.5712890625
535.5,-2.9736328125,-0.4931640625
535.8,-2.9736328125,-0.41015625
536.1,-2.9736328125,-0.4150390625
536.4,-2.978515625,-0.41015625
536.7,-2.9736328125,-0.390625
537.0,-2.978515625,-0.5419921875
537.3,-2.9736328125,-0.556640625
537.6,-2.9736328125,-0.5615234375
537.9,-2.9736328125,-0.5322265625
538.2,-2.978515625,-0.6103515625
538.5,-2.9736328125,-0.615234375
538.8,-2.978515625,-0.6298828125
539.1,-2.978515625,-0.7421875
539.4,-2.978515625,-0.6787109375
539.7,-2.978515625,-0.712890625
540.0,-2.978515625,-0.751953125
540.3,-2.9736328125,-0.7080078125
540.6,-2.9736328125,-0.693359375
540.9,-2.978515625,-0.5908203125
541.2,-2.978515625,-0.546875
541.5,-2.9833984375,-0.4541015625
541.8,-2.978515625,-0.3564453125
542.1,-2.978515625,-0.29296875
542.4,-2.978515625,-0.322265625
542.7,-2.9736328125,-0.3759765625
543.0,-2.9833984375,-0.2880859375
543.3,-2.978515625,-0.2880859375
543.6,-2.9833984375,-0.2685546875
543.9,-2.978515625,-0.263671875
544.2,-2.978515625,-0.3076171875
544.5,-2.978515625,-0.3125
544.8,-2.9833984375,-0.2294921875
545.1,-2.978515625,-0.2099609375
545.4,-2.9833984375,-0.25390625
545.7,-2.978515625,-0.2392578125
546.0,-2.9833984375,-0.2490234375
546.3,-2.9833984375,-0.2783203125
546.6,-2.978515625,-0.302734375
546.9,-2.9833984375,-0.3662109375
547.2,-2.98828125,-0.4052734375
547.5,-2.9833984375,-0.4638671875
547.8,-2.9833984375,-0.5908203125
548.1,-2.978515625,-0.556640625
548.4,-2.9833984375,-0.5224609375
548.7,-2.978515625,-0.4931640625
549.0,-2.98828125,-0.4541015625
549.3,-2.9833984375,-0.5029296875
549.6,-2.98828125,-0.46875
549.9,-2.9833984375,-0.478515625
550.2,-2.9833984375,-0.439453125
550.5,-2.978515625,-0.458984375
550.8,-2.98828125,-0.5419921875
551.1,-2.98828125,-0.5615234375
551.4,-2.98828125,-0.4638671875
551.7,-2.98828125,-0.4541015625
552.0,-2.98828125,-0.439453125
552.3,-2.9833984375,-0.400390625
552.6,-2.98828125,-0.3271484375
552.9,-2.98828125,-0.33203125
553.2,-2.98828125,-0.29296875
553.5,-2.98828125,-0.3125
553.8,-2.98828125,-0.283203125
554.1,-2.98828125,-0.2685546875
554.4,-2.98828125,-0.283203125
554.7,-2.98828125,-0.224609375
555.0,-2.98828125,-0.2294921875
555.3,-2.9931640625,-0.2490234375
555.6,-2.9931640625,-0.15625
555.9,-2.98828125,-0.15625
556.2,-2.9833984375,-0.15625
556.5,-2.98828125,-0.09765625
556.8,-2.98828125,-0.0732421875
557.1,-2.9931640625,-0.0732421875
557.4,-2.98828125,-0.1904296875
557.7,-2.998046875,-0.2392578125
558.0,-2.98828125,-0.29296875
558.3,-2.9931640625,-0.29296875
558.6,-2.98828125,-0.2099609375
558.9,-2.998046875,-0.146484375
559.2,-2.9931640625,-0.234375
559.5,-2.9931640625,-0.205078125
559.8,-2.9931640625,-0.1953125
560.1,-2.9931640625,-0.1318359375
560.4,-2.9931640625,-0.146484375
560.7,-2.9931640625,-0.2685546875
561.0,-2.9931640625,-0.3173828125
561.3,-2.9931640625,-0.322265625
561.6,-2.998046875,-0.2490234375
561.9,-2.9931640625,-0.1318359375
562.2,-2.998046875,-0.1123046875
562.5,-2.9931640625,-0.09765625
562.8,-2.9931640625,-0.1708984375
563.1,-2.9931640625,-0.1025390625
563.4,-2.9931640625,-0.126953125
563.7,-2.9931640625,-0.1318359375
564.0,-2.998046875,-0.0732421875
564.3,-2.998046875,-0.0439453125
564.6,-2.9931640625,-0.0244140625
564.9,-2.9931640625,-0.0390625
565.2,-2.9931640625,-0.087890625
565.5,-3.0029296875,-0.09765625
565.8,-2.998046875,-0.0732421875
566.1,-2.998046875,-0.0634765625
566.4,-2.9931640625,-0.0341796875
566.7,-2.998046875,0.048828125
567.0,-2.9931640625,0.0390625
567.3,-2.998046875,0.0048828125
567.6,-2.998046875,0.0439453125
567.9,-3.0029296875,-0.0341796875
568.2,-2.9931640625,-0.0634765625
568.5,-3.0029296875,-0.048828125
568.8,-2.998046875,-0.0048828125
569.1,-2.998046875,0.05859375
569.4,-2.998046875,0.0244140625
569.7,-3.0029296875,0.009765625
570.0,-2.998046875,-0.0244140625
570.3,-3.0029296875,-0.0390625
570.6,-2.998046875,-0.0537109375
570.9,-2.998046875,-0.05859375
571.2,-3.0029296875,-0.0244140625
571.5,-3.0029296875,-0.0341796875
571.8,-3.0029296875,-0.009765625
572.1,-3.0029296875,0.0439453125
572.4,-3.0029296875,0.0830078125
572.7,-3.0029296875,0.09765625
573.0,-2.998046875,0.0439453125
573.3,-3.0029296875,0.029296875
573.6,-3.0078125,0.0
573.9,-3.0029296875,-0.01953125
574.2,-3.0029296875,-0.009765625
574.5,-2.998046875,-0.029296875
574.8,-3.0029296875,-0.01953125
575.1,-3.0029296875,0.0390625
575.4,-3.0078125,0.01953125
575.7,-3.0029296875,0.029296875
576.0,-3.0078125,0.0390625
576.3,-3.0029296875,0.1025390625
576.6,-3.0078125,0.1416015625
576.9,-3.0029296875,0.126953125
577.2,-3.0029296875,0.126953125
577.5,-3.0078125,0.17578125
577.8,-3.0029296875,0.2099609375
578.1,-3.0078125,0.263671875
578.4,-3.0029296875,0.2490234375
578.7,-3.0078125,0.185546875
579.0,-3.0078125,0.166015625
579.3,-3.0029296875,0.1171875
579.6,-3.0078125,0.1123046875
579.9,-3.0078125,0.0732421875
580.2,-3.0078125,0.078125
580.5,-3.0078125,0.1171875
580.8,-3.0078125,0.185546875
581.1,-3.0029296875,0.1953125
581.4,-3.0078125,0.205078125
581.7,-3.0078125,0.1904296875
582.0,-3.0078125,0.234375
582.3,-3.0078125,0.2001953125
582.6,-3.0126953125,0.2001953125
582.9,-3.0078125,0.1953125
583.2,-3.0126953125,0.2587890625
583.5,-3.0029296875,0.2880859375
583.8,-3.0126953125,0.3564453125
584.1,-3.0126953125,0.3662109375
584.4,-3.0126953125,0.29296875
584.7,-3.0078125,0.224609375
585.0,-3.0126953125,0.2734375
585.3,-3.0078125,0.2587890625
585.6,-3.0126953125,0.244140625
585.9,-3.0126953125,0.1904296875
586.2,-3.0126953125,0.166015625
586.5,-3.0126953125,0.146484375
586.8,-3.0126953125,0.1171875
587.1,-3.0126953125,0.09765625
587.4,-3.0126953125,0.1220703125
587.7,-3.0126953125,0.1416015625
588.0,-3.0126953125,0.13671875
588.3,-3.017578125,0.1220703125
588.6,-3.0126953125,0.126953125
588.9,-3.017578125,0.15625
589.2,-3.0126953125,0.205078125
589.5,-3.0078125,0.263671875
589.8,-3.0126953125,0.29296875
590.1,-3.017578125,0.2685546875
590.4,-3.0126953125,0.2783203125
590.7,-3.017578125,0.2783203125
591.0,-3.0126953125,0.2880859375
591.3,-3.0126953125,0.3125
591.6,-3.0078125,0.2734375
591.9,-3.017578125,0.2734375
592.2,-3.017578125,0.2880859375
592.5,-3.017578125,0.283203125
592.8,-3.017578125,0.2734375
593.1,-3.017578125,0.2197265625
593.4,-3.017578125,0.224609375
593.7,-3.017578125,0.2294921875
594.0,-3.017578125,0.185546875
594.3,-3.017578125,0.2197265625
594.6,-3.017578125,0.2099609375
594.9,-3.017578125,0.2001953125
595.2,-3.017578125,0.15625
595.5,-3.017578125,0.2001953125
595.8,-3.0224609375,0.2685546875
596.1,-3.017578125,0.2783203125
596.4,-3.0224609375,0.2490234375
596.7,-3.017578125,0.244140625
597.0,-3.017578125,0.17578125
597.3,-3.017578125,0.1416015625
597.6,-3.0224609375,0.107421875
597.9,-3.017578125,0.048828125
598.2,-3.0224609375,0.0732421875
598.5,-3.0224609375,0.1025390625
598.8,-3.0224609375,0.078125
599.1,-3.017578125,0.0244140625
599.4,-3.0224609375,0.0341796875
599.7,-3.017578125,0.0390625
600.0,-3.0224609375,0.1123046875
600.3,-3.0224609375,0.15625
600.6,-3.0224609375,0.1708984375
600.9,-3.0224609375,0.0830078125
601.2,-3.0224609375,0.1416015625
601.5,-3.0224609375,0.25390625
601.8,-3.0224609375,0.3662109375
602.1,-3.0322265625,0.4248046875
602.4,-3.02734375,0.4638671875
602.7,-3.02734375,0.3955078125
603.0,-3.017578125,0.3173828125
603.3,-3.02734375,0.302734375
603.6,-3.0224609375,0.263671875
603.9,-3.02734375,0.2490234375
604.2,-3.0224609375,0.263671875
604.5,-3.02734375,0.3271484375
604.8,-3.0224609375,0.3369140625
605.1,-3.017578125,0.37109375
605.4,-3.02734375,0.419921875
605.7,-3.02734375,0.3955078125
606.0,-3.02734375,0.37109375
606.3,-3.02734375,0.3466796875
606.6,-3.02734375,0.29296875
606.9,-3.0224609375,0.341796875
607.2,-3.02734375,0.3125
607.5,-3.0224609375,0.2978515625
607.8,-3.0322265625,0.302734375
608.1,-3.02734375,0.2490234375
608.4,-3.02734375,0.322265625
608.7,-3.02734375,0.3369140625
609.0,-3.02734375,0.33203125
609.3,-3.0224609375,0.3662109375
609.6,-3.0322265625,0.3759765625
609.9,-3.0322265625,0.439453125
610.2,-3.037109375,0.4248046875
610.5,-3.02734375,0.3466796875
610.8,-3.02734375,0.3662109375
611.1,-3.02734375,0.3955078125
611.4,-3.02734375,0.3857421875
611.7,-3.0322265625,0.390625
612.0,-3.02734375,0.3955078125
612.3,-3.0322265625,0.4345703125
612.6,-3.02734375,0.41015625
612.9,-3.0322265625,0.3857421875
613.2,-3.02734375,0.3857421875
613.5,-3.02734375,0.322265625
613.8,-3.0322265625,0.390625
614.1,-3.037109375,0.41015625
614.4,-3.0322265625,0.3759765625
614.7,-3.0322265625,0.3369140625
615.0,-3.02734375,0.263671875
615.3,-3.0322265625,0.2001953125
615.6,-3.037109375,0.2685546875
615.9,-3.037109375,0.1806640625
616.2,-3.0322265625,0.13671875
616.5,-3.0322265625,0.126953125
616.8,-3.037109375,0.185546875
617.1,-3.0322265625,0.2783203125
617.4,-3.0419921875,0.3076171875
617.7,-3.037109375,0.361328125
618.0,-3.037109375,0.380859375
618.3,-3.037109375,0.4443359375
618.6,-3.037109375,0.37109375
618.9,-3.0322265625,0.3125
619.2,-3.037109375,0.2685546875
619.5,-3.0419921875,0.3173828125
619.8,-3.037109375,0.4248046875
620.1,-3.0322265625,0.3857421875
620.4,-3.0419921875,0.3076171875
620.7,-3.037109375,0.322265625
621.0,-3.0419921875,0.2685546875
621.3,-3.037109375,0.2099609375
621.6,-3.037109375,0.234375
621.9,-3.037109375,0.33203125
622.2,-3.0322265625,0.380859375
622.5,-3.037109375,0.4052734375
622.8,-3.037109375,0.3125
623.1,-3.0419921875,0.3076171875
623.4,-3.037109375,0.3466796875
623.7,-3.0419921875,0.4345703125
624.0,-3.037109375,0.390625
624.3,-3.0419921875,0.419921875
624.6,-3.037109375,0.37109375
624.9,-3.037109375,0.361328125
625.2,-3.037109375,0.3662109375
625.5,-3.0419921875,0.3515625
625.8,-3.0419921875,0.4248046875
626.1,-3.0419921875,0.498046875
626.4,-3.037109375,0.46875
626.7,-3.037109375,0.380859375
627.0,-3.0419921875,0.2783203125
627.3,-3.0419921875,0.29296875
627.6,-3.0419921875,0.3271484375
627.9,-3.0419921875,0.3076171875
628.2,-3.037109375,0.3759765625
628.5,-3.046875,0.4443359375
628.8,-3.0419921875,0.4541015625
629.1,-3.046875,0.458984375
629.4,-3.046875,0.546875
629.7,-3.0419921875,0.5322265625
630.0,-3.046875,0.5859375
630.3,-3.0419921875,0.5615234375
630.6,-3.046875,0.537109375
630.9,-3.0419921875,0.56640625
631.2,-3.046875,0.6640625
631.5,-3.046875,0.7421875
631.8,-3.046875,0.6884765625
632.1,-3.046875,0.6591796875
632.4,-3.0517578125,0.6591796875
632.7,-3.046875,0.6396484375
633.0,-3.046875,0.7080078125
633.3,-3.046875,0.654296875
633.6,-3.046875,0.615234375
633.9,-3.046875,0.56640625
634.2,-3.046875,0.5615234375
634.5,-3.046875,0.537109375
634.8,-3.046875,0.6201171875
635.1,-3.0517578125,0.60546875
635.4,-3.046875,0.5078125
635.7,-3.0517578125,0.44921875
636.0,-3.0517578125,0.5419921875
636.3,-3.0517578125,0.5029296875
636.6,-3.046875,0.46875
636.9,-3.046875,0.4296875
637.2,-3.046875,0.4736328125
637.5,-3.0517578125,0.52734375
637.8,-3.0517578125,0.5419921875
638.1,-3.046875,0.48828125
638.4,-3.046875,0.5029296875
638.7,-3.0517578125,0.5224609375
639.0,-3.0517578125,0.537109375
639.3,-3.0517578125,0.52734375
639.6,-3.056640625,0.5029296875
639.9,-3.046875,0.52734375
640.2,-3.046875,0.4931640625
640.5,-3.0517578125,0.5029296875
640.8,-3.0517578125,0.5712890625
641.1,-3.0517578125,0.6298828125
641.4,-3.056640625,0.654296875
641.7,-3.0517578125,0.693359375
642.0,-3.0517578125,0.712890625
642.3,-3.0517578125,0.6884765625
642.6,-3.046875,0.7177734375
642.9,-3.056640625,0.72265625
643.2,-3.056640625,0.7373046875
643.5,-3.056640625,0.7080078125
643.8,-3.046875,0.693359375
644.1,-3.056640625,0.6591796875
644.4,-3.0517578125,0.6640625
644.7,-3.056640625,0.634765625
645.0,-3.0517578125,0.6298828125
645.3,-3.056640625,0.6201171875
645.6,-3.056640625,0.634765625
645.9,-3.056640625,0.595703125
646.2,-3.0517578125,0.615234375
646.5,-3.056640625,0.6689453125
646.8,-3.056640625,0.6982421875
647.1,-3.0615234375,0.60546875
647.4,-3.056640625,0.6494140625
647.7,-3.056640625,0.5859375
648.0,-3.056640625,0.60546875
648.3,-3.056640625,0.546875
648.6,-3.056640625,0.60546875
648.9,-3.0615234375,0.634765625
649.2,-3.0615234375,0.5908203125
649.5,-3.056640625,0.6005859375
649.8,-3.06640625,0.537109375
650.1,-3.056640625,0.56640625
650.4,-3.056640625,0.56640625
650.7,-3.056640625,0.4931640625
651.0,-3.0615234375,0.576171875
651.3,-3.0615234375,0.5712890625
651.6,-3.0615234375,0.6103515625
651.9,-3.056640625,0.5908203125
652.2,-3.0615234375,0.595703125
652.5,-3.056640625,0.6494140625
652.8,-3.0615234375,0.6494140625
653.1,-3.0615234375,0.615234375
653.4,-3.0615234375,0.6591796875
653.7,-3.0615234375,0.673828125
654.0,-3.0615234375,0.693359375
654.3,-3.06640625,0.6884765625
654.6,-3.0615234375,0.6787109375
654.9,-3.06640625,0.6689453125
655.2,-3.0615234375,0.6298828125
655.5,-3.06640625,0.595703125
655.8,-3.056640625,0.625
656.1,-3.0615234375,0.68359375
656.4,-3.0615234375,0.771484375
656.7,-3.06640625,0.7421875
657.0,-3.06640625,0.712890625
657.3,-3.0712890625,0.6640625
657.6,-3.0615234375,0.5859375
657.9,-3.06640625,0.537109375
658.2,-3.0615234375,0.5517578125
658.5,-3.06640625,0.60546875
658.8,-3.0615234375,0.6689453125
659.1,-3.06640625,0.6787109375
659.4,-3.06640625,0.703125
659.7,-3.06640625,0.6591796875
660.0,-3.06640625,0.5908203125
660.3,-3.0615234375,0.60546875
660.6,-3.06640625,0.654296875
660.9,-3.06640625,0.6591796875
661.2,-3.06640625,0.5810546875
661.5,-3.06640625,0.556640625
661.8,-3.076171875,0.595703125
662.1,-3.0615234375,0.6103515625
662.4,-3.076171875,0.6982421875
662.7,-3.06640625,0.6982421875
663.0,-3.076171875,0.68359375
663.3,-3.06640625,0.654296875
663.6,-3.0712890625,0.6396484375
663.9,-3.06640625,0.6591796875
664.2,-3.06640625,0.7080078125
664.5,-3.06640625,0.673828125
664.8,-3.0712890625,0.7763671875
665.1,-3.0712890625,0.830078125
665.4,-3.0712890625,0.7421875
665.7,-3.0712890625,0.68359375
666.0,-3.06640625,0.615234375
666.3,-3.0712890625,0.6005859375
666.6,-3.0712890625,0.634765625
666.9,-3.0712890625,0.703125
667.2,-3.076171875,0.72265625
667.5,-3.0712890625,0.6982421875
667.8,-3.0810546875,0.7763671875
668.1,-3.0712890625,0.8154296875
668.4,-3.0712890625,0.8642578125
668.7,-3.0712890625,0.8203125
669.0,-3.076171875,0.7861328125
669.3,-3.076171875,0.8154296875
669.6,-3.0810546875,0.8203125
669.9,-3.0712890625,0.830078125
670.2,-3.0712890625,0.7958984375
670.5,-3.0712890625,0.7373046875
670.8,-3.0712890625,0.6787109375
671.1,-3.076171875,0.6640625
671.4,-3.0712890625,0.6591796875
671.7,-3.076171875,0.60546875
672.0,-3.076171875,0.654296875
672.3,-3.076171875,0.6884765625
672.6,-3.0712890625,0.68359375
672.9,-3.0810546875,0.68359375
673.2,-3.076171875,0.7958984375
673.5,-3.0810546875,0.8349609375
673.8,-3.076171875,0.8935546875
674.1,-3.076171875,0.8837890625
674.4,-3.0712890625,0.8349609375
674.7,-3.076171875,0.78125
675.0,-3.076171875,0.8251953125
675.3,-3.0810546875,0.78125
675.6,-3.0810546875,0.7177734375
675.9,-3.0810546875,0.6640625
676.2,-3.076171875,0.673828125
676.5,-3.076171875,0.771484375
676.8,-3.076171875,0.8056640625
677.1,-3.0810546875,0.8056640625
677.4,-3.076171875,0.810546875
677.7,-3.076171875,0.810546875
678.0,-3.0810546875,0.791015625
678.3,-3.0810546875,0.7763671875
678.6,-3.076171875,0.80078125
678.9,-3.0810546875,0.7958984375
679.2,-3.0810546875,0.693359375
679.5,-3.0810546875,0.693359375
679.8,-3.0810546875,0.810546875
680.1,-3.0810546875,0.8544921875
680.4,-3.0810546875,0.849609375
680.7,-3.076171875,0.7958984375
681.0,-3.0859375,0.76171875
681.3,-3.0810546875,0.830078125
681.6,-3.0810546875,0.87890625
681.9,-3.0810546875,0.888671875
682.2,-3.0810546875,0.9033203125
682.5,-3.0810546875,0.87890625
682.8,-3.0810546875,0.859375
683.1,-3.0810546875,0.80078125
683.4,-3.0908203125,0.7470703125
683.7,-3.0810546875,0.771484375
684.0,-3.0859375,0.7861328125
684.3,-3.0859375,0.751953125
684.6,-3.0859375,0.771484375
684.9,-3.0859375,0.7958984375
685.2,-3.0859375,0.8251953125
685.5,-3.0810546875,0.7666015625
685.8,-3.0908203125,0.791015625
686.1,-3.0859375,0.8056640625
686.4,-3.0908203125,0.830078125
686.7,-3.0859375,0.830078125
687.0,-3.0859375,0.87890625
687.3,-3.0810546875,0.888671875
687.6,-3.0908203125,0.9228515625
687.9,-3.0859375,0.8935546875
688.2,-3.0908203125,0.849609375
688.5,-3.0859375,0.7861328125
688.8,-3.0859375,0.791015625
689.1,-3.0908203125,0.7275390625
689.4,-3.0859375,0.7470703125
689.7,-3.0859375,0.7421875
690.0,-3.0859375,0.68359375
690.3,-3.0859375,0.751953125
690.6,-3.0859375,0.7861328125
690.9,-3.0859375,0.7568359375
691.2,-3.0859375,0.78125
691.5,-3.0908203125,0.7568359375
691.8,-3.0859375,0.7470703125
692.1,-3.0908203125,0.703125
692.4,-3.0810546875,0.712890625
692.7,-3.0810546875,0.6689453125
693.0,-3.0859375,0.6884765625
693.3,-3.0908203125,0.7275390625
693.6,-3.0859375,0.712890625
693.9,-3.0908203125,0.6640625
694.2,-3.0859375,0.60546875
694.5,-3.0859375,0.6201171875
694.8,-3.0859375,0.6982421875
695.1,-3.0859375,0.68359375
695.4,-3.0859375,0.6787109375
695.7,-3.0859375,0.673828125
696.0,-3.0908203125,0.595703125
696.3,-3.0908203125,0.615234375
696.6,-3.0859375,0.68359375
696.9,-3.0859375,0.732421875
697.2,-3.0859375,0.7373046875
697.5,-3.0908203125,0.7421875
697.8,-3.0908203125,0.78125
698.1,-3.0908203125,0.7177734375
698.4,-3.0908203125,0.6103515625
698.7,-3.0859375,0.576171875
699.0,-3.0908203125,0.6103515625
699.3,-3.0859375,0.6201171875
699.6,-3.0859375,0.6689453125
699.9,-3.0859375,0.703125
700.2,-3.0908203125,0.6982421875
700.5,-3.0859375,0.64453125
700.8,-3.0859375,0.6396484375
701.1,-3.0908203125,0.6201171875
701.4,-3.0859375,0.6298828125
701.7,-3.0810546875,0.6494140625
702.0,-3.0859375,0.7177734375
702.3,-3.0859375,0.673828125
702.6,-3.0859375,0.6640625
702.9,-3.0859375,0.615234375
703.2,-3.0859375,0.5810546875
703.5,-3.0859375,0.5859375
703.8,-3.0859375,0.5810546875
704.1,-3.0859375,0.615234375
704.4,-3.0908203125,0.673828125
704.7,-3.0908203125,0.6591796875
705.0,-3.0859375,0.693359375
705.3,-3.0859375,0.703125
705.6,-3.0859375,0.72265625
705.9,-3.0859375,0.7470703125
706.2,-3.0859375,0.703125
706.5,-3.0859375,0.72265625
706.8,-3.0859375,0.693359375
707.1,-3.0908203125,0.732421875
707.4,-3.0859375,0.751953125
707.7,-3.0908203125,0.7275390625
708.0,-3.0859375,0.6689453125
708.3,-3.0859375,0.7763671875
708.6,-3.0859375,0.810546875
708.9,-3.0810546875,0.78125
709.2,-3.0908203125,0.8642578125
709.5,-3.0908203125,0.8447265625
709.8,-3.0810546875,0.7568359375
710.1,-3.0859375,0.7666015625
710.4,-3.0859375,0.751953125
710.7,-3.0908203125,0.791015625
711.0,-3.0859375,0.8447265625
711.3,-3.0859375,0.791015625
711.6,-3.0859375,0.7763671875
711.9,-3.0859375,0.8349609375
712.2,-3.0859375,0.8837890625
712.5,-3.0859375,0.908203125
712.8,-3.0859375,0.83984375
713.1,-3.0859375,0.78125
713.4,-3.0859375,0.72265625
713.7,-3.0859375,0.6982421875
714.0,-3.0859375,0.7177734375
714.3,-3.0859375,0.732421875
714.6,-3.0859375,0.7470703125
714.9,-3.0908203125,0.7763671875
715.2,-3.0859375,0.791015625
715.5,-3.0908203125,0.72265625
715.8,-3.0859375,0.751953125
716.1,-3.0859375,0.6982421875
716.4,-3.0859375,0.712890625
716.7,-3.0908203125,0.771484375
717.0,-3.0810546875,0.8251953125
717.3,-3.0859375,0.791015625
717.6,-3.0859375,0.8203125
717.9,-3.0859375,0.7861328125
718.2,-3.0859375,0.771484375
718.5,-3.0908203125,0.7568359375
718.8,-3.0859375,0.7861328125
719.1,-3.0859375,0.7861328125
719.4,-3.0859375,0.8349609375
719.7,-3.0908203125,0.849609375
720.0,-3.0859375,0.888671875
720.3,-3.0908203125,0.95703125
720.6,-3.0908203125,1.0302734375
720.9,-3.0859375,0.908203125
721.2,-3.0908203125,0.888671875
721.5,-3.0859375,0.9033203125
721.8,-3.0859375,0.9033203125
722.1,-3.0908203125,0.91796875
722.4,-3.0810546875,0.8544921875
722.7,-3.0908203125,0.869140625
723.0,-3.0859375,0.8203125
723.3,-3.0859375,0.8056640625
723.6,-3.0908203125,0.7373046875
723.9,-3.0859375,0.7568359375
724.2,-3.0908203125,0.7373046875
724.5,-3.0810546875,0.732421875
724.8,-3.0859375,0.673828125
725.1,-3.0859375,0.654296875
725.4,-3.0859375,0.6884765625
725.7,-3.0859375,0.6787109375
726.0,-3.0908203125,0.6787109375
726.3,-3.0908203125,0.6396484375
726.6,-3.0908203125,0.6982421875
726.9,-3.0859375,0.712890625
727.2,-3.0859375,0.64453125
727.5,-3.0908203125,0.654296875
727.8,-3.0908203125,0.6494140625
728.1,-3.095703125,0.7080078125
728.4,-3.0859375,0.7080078125
728.7,-3.0908203125,0.693359375
729.0,-3.0859375,0.68359375
729.3,-3.0859375,0.6884765625
729.6,-3.0859375,0.6689453125
729.9,-3.0908203125,0.6396484375
730.2,-3.0859375,0.693359375
730.5,-3.0908203125,0.7373046875
730.8,-3.0908203125,0.78125
731.1,-3.0859375,0.791015625
731.4,-3.0908203125,0.810546875
731.7,-3.0859375,0.7421875
732.0,-3.0908203125,0.7470703125
732.3,-3.0908203125,0.751953125
732.6,-3.0908203125,0.7275390625
732.9,-3.0859375,0.7080078125
733.2,-3.0810546875,0.7177734375
733.5,-3.0859375,0.732421875
733.8,-3.0859375,0.80078125
734.1,-3.0859375,0.76171875
734.4,-3.0859375,0.7861328125
734.7,-3.0908203125,0.83984375
735.0,-3.0859375,0.8984375
735.3,-3.0859375,0.947265625
735.6,-3.0859375,0.9375
735.9,-3.0859375,0.91796875
736.2,-3.0859375,0.91796875
736.5,-3.0859375,0.9033203125
736.8,-3.0859375,0.908203125
737.1,-3.0859375,0.9619140625
737.4,-3.095703125,0.9814453125
737.7,-3.0859375,0.986328125
738.0,-3.0859375,0.9716796875
738.3,-3.0859375,0.95703125
738.6,-3.0908203125,0.986328125
738.9,-3.0859375,0.91796875
739.2,-3.0908203125,0.9130859375
739.5,-3.0859375,0.947265625
739.8,-3.0908203125,1.0205078125
740.1,-3.0810546875,1.0546875
740.4,-3.0859375,0.9912109375
740.7,-3.0908203125,0.9912109375
741.0,-3.0859375,0.9375
741.3,-3.0859375,0.95703125
741.6,-3.0859375,0.966796875
741.9,-3.0908203125,0.947265625
742.2,-3.0908203125,0.966796875
742.5,-3.0908203125,0.91796875
742.8,-3.0859375,0.9716796875
743.1,-3.0908203125,0.9814453125
743.4,-3.0908203125,0.8984375
743.7,-3.0859375,0.9375
744.0,-3.0859375,0.95703125
744.3,-3.0908203125,0.99609375
744.6,-3.0859375,0.9765625
744.9,-3.0859375,0.9716796875
745.2,-3.0908203125,0.9814453125
745.5,-3.0859375,0.99609375
745.8,-3.0908203125,1.0546875
746.1,-3.0859375,1.015625
746.4,-3.0859375,0.9716796875
746.7,-3.0859375,0.9912109375
747.0,-3.0859375,1.03515625
747.3,-3.095703125,1.015625
747.6,-3.0908203125,1.0205078125
747.9,-3.0859375,1.0009765625
748.2,-3.0908203125,0.986328125
748.5,-3.0859375,0.986328125
748.8,-3.0859375,0.9375
749.1,-3.0859375,0.9130859375
749.4,-3.0908203125,0.9716796875
749.7,-3.0859375,0.908203125
750.0,-3.0859375,0.9033203125
750.3,-3.0859375,0.9130859375
750.6,-3.0908203125,0.8740234375
750.9,-3.0859375,0.9326171875
751.2,-3.0908203125,0.91796875
751.5,-3.095703125,0.8935546875
751.8,-3.0908203125,0.8740234375
752.1,-3.0908203125,0.87890625
752.4,-3.0810546875,0.87890625
752.7,-3.0859375,0.8984375
753.0,-3.0859375,0.888671875
753.3,-3.0908203125,0.908203125
753.6,-3.0859375,0.9326171875
753.9,-3.0908203125,0.9228515625
754.2,-3.0859375,0.869140625
754.5,-3.0859375,0.8349609375
754.8,-3.0859375,0.791015625
755.1,-3.0859375,0.83984375
755.4,-3.0859375,0.87890625
755.7,-3.0859375,0.888671875
756.0,-3.0859375,0.8984375
756.3,-3.0859375,0.8984375
756.6,-3.0908203125,0.9033203125
756.9,-3.06640625,0.78125
757.2,-3.06640625,0.693359375
757.5,-3.0615234375,0.6591796875
757.8,-3.0615234375,0.5908203125
758.1,-3.0615234375,0.6005859375
758.4,-3.0712890625,0.6396484375
758.7,-3.06640625,0.64453125
759.0,-3.06640625,0.6005859375
759.3,-3.06640625,0.595703125
759.6,-3.06640625,0.5419921875
759.9,-3.06640625,0.6005859375
760.2,-3.06640625,0.5029296875
760.5,-3.06640625,0.52734375
760.8,-3.0712890625,0.5322265625
761.1,-3.06640625,0.5224609375
761.4,-3.076171875,0.56640625
761.7,-3.06640625,0.5859375
762.0,-3.06640625,0.5029296875
762.3,-3.06640625,0.5712890625
762.6,-3.0712890625,0.56640625
762.9,-3.06640625,0.546875
763.2,-3.0712890625,0.5126953125
763.5,-3.0712890625,0.5517578125
763.8,-3.0712890625,0.6005859375
764.1,-3.0712890625,0.654296875
764.4,-3.0712890625,0.6396484375
764.7,-3.0712890625,0.6640625
765.0,-3.0712890625,0.7177734375
765.3,-3.0712890625,0.7373046875
765.6,-3.06640625,0.7177734375
765.9,-3.0712890625,0.634765625
766.2,-3.0712890625,0.6005859375
766.5,-3.0712890625,0.6103515625
766.8,-3.0712890625,0.634765625
767.1,-3.076171875,0.6201171875
767.4,-3.0712890625,0.6005859375
767.7,-3.076171875,0.6298828125
768.0,-3.0712890625,0.6494140625
768.3,-3.0712890625,0.654296875
768.6,-3.0712890625,0.615234375
768.9,-3.0712890625,0.615234375
769.2,-3.076171875,0.634765625
769.5,-3.0712890625,0.6591796875
769.8,-3.0712890625,0.6494140625
770.1,-3.076171875,0.76171875
770.4,-3.0712890625,0.771484375
770.7,-3.076171875,0.732421875
771.0,-3.0810546875,0.6103515625
771.3,-3.076171875,0.595703125
771.6,-3.076171875,0.7080078125
771.9,-3.0712890625,0.6591796875
772.2,-3.076171875,0.6005859375
772.5,-3.076171875,0.5419921875
772.8,-3.076171875,0.56640625
773.1,-3.076171875,0.5322265625
773.4,-3.076171875,0.5126953125
773.7,-3.0810546875,0.5078125
774.0,-3.076171875,0.52734375
774.3,-3.0712890625,0.5908203125
774.6,-3.076171875,0.595703125
774.9,-3.0810546875,0.6689453125
775.2,-3.0810546875,0.6787109375
775.5,-3.076171875,0.693359375
775.8,-3.0810546875,0.7177734375
776.1,-3.0810546875,0.7568359375
776.4,-3.0712890625,0.791015625
776.7,-3.076171875,0.7861328125
777.0,-3.0810546875,0.76171875
777.3,-3.076171875,0.8056640625
777.6,-3.076171875,0.7373046875
777.9,-3.0810546875,0.6591796875
778.2,-3.0810546875,0.6103515625
778.5,-3.0810546875,0.634765625
778.8,-3.0810546875,0.625
779.1,-3.0810546875,0.625
779.4,-3.0810546875,0.64453125
779.7,-3.0810546875,0.693359375
780.0,-3.0810546875,0.7763671875
780.3,-3.076171875,0.859375
780.6,-3.0859375,0.7861328125
780.9,-3.0810546875,0.7421875
781.2,-3.0859375,0.7568359375
781.5,-3.0859375,0.7080078125
781.8,-3.0810546875,0.7470703125
782.1,-3.0810546875,0.7763671875
782.4,-3.0810546875,0.7666015625
782.7,-3.0859375,0.771484375
783.0,-3.0859375,0.751953125
783.3,-3.0859375,0.7470703125
783.6,-3.0810546875,0.732421875
783.9,-3.0810546875,0.732421875
784.2,-3.0810546875,0.76171875
784.5,-3.0859375,0.7421875
784.8,-3.0810546875,0.7177734375
785.1,-3.0859375,0.6787109375
785.4,-3.0810546875,0.703125
785.7,-3.0859375,0.7177734375
786.0,-3.0859375,0.7470703125
786.3,-3.0810546875,0.6982421875
786.6,-3.0859375,0.7421875
786.9,-3.0859375,0.791015625
787.2,-3.0859375,0.7861328125
787.5,-3.0859375,0.7470703125
787.8,-3.0908203125,0.72265625
788.1,-3.0859375,0.7666015625
788.4,-3.0859375,0.712890625
788.7,-3.0859375,0.6591796875
789.0,-3.0859375,0.7373046875
789.3,-3.0859375,0.712890625
789.6,-3.0908203125,0.673828125
789.9,-3.0859375,0.654296875
790.2,-3.0859375,0.6396484375
790.5,-3.0859375,0.56640625
790.8,-3.0908203125,0.556640625
791.1,-3.0859375,0.5615234375
