0.0,-4.970703125,-0.009765625
0.3,-4.9853515625,-0.0048828125
0.6,-5.0146484375,0.0
0.9,-5.0390625,-0.0048828125
1.2,-5.068359375,0.0048828125
1.5,-5.107421875,-0.0048828125
1.8,-5.1123046875,0.0048828125
2.1,-5.13671875,-0.0146484375
2.4,-5.166015625,0.0
2.7,-5.2001953125,0.009765625
3.0,-5.2099609375,0.0
3.3,-5.244140625,0.0
3.6,-5.2734375,-0.0048828125
3.9,-5.29296875,-0.0048828125
4.2,-5.322265625,-0.0048828125
4.5,-5.3515625,-0.0048828125
4.8,-5.380859375,-0.009765625
5.1,-5.3955078125,0.009765625
5.4,-5.4248046875,0.0
5.7,-5.4638671875,0.0
6.0,-5.4833984375,0.0048828125
6.3,-5.5126953125,-0.009765625
6.6,-5.5419921875,0.0
6.9,-5.5615234375,-0.0146484375
7.2,-5.595703125,-0.009765625
7.5,-5.60546875,0.0048828125
7.8,-5.6298828125,0.0
8.1,-5.6689453125,0.0
8.4,-5.693359375,-0.009765625
8.7,-5.712890625,0.0146484375
9.0,-5.732421875,0.0
9.3,-5.76171875,-0.0048828125
9.6,-5.791015625,-0.009765625
9.9,-5.8154296875,0.0
10.2,-5.83984375,-0.0048828125
10.5,-5.8642578125,0.0
10.8,-5.9033203125,-0.0048828125
11.1,-5.927734375,0.0048828125
11.4,-5.947265625,0.0048828125
11.7,-5.9814453125,0.0
12.0,-6.015625,-0.0146484375
12.3,-6.03515625,-0.0048828125
12.6,-6.0498046875,0.0
12.9,-6.0986328125,0.0048828125
13.2,-6.1083984375,-0.0048828125
13.5,-6.1279296875,-0.0048828125
13.8,-6.162109375,-0.009765625
14.1,-6.1865234375,0.0048828125
14.4,-6.23046875,-0.0048828125
14.7,-6.240234375,-0.009765625
15.0,-6.2646484375,-0.0048828125
15.3,-6.2841796875,0.0
15.6,-6.318359375,0.0048828125
15.9,-6.3525390625,-0.01953125
16.2,-6.376953125,-0.0048828125
16.5,-6.396484375,-0.0048828125
16.8,-6.4306640625,0.0
17.1,-6.4501953125,-0.0048828125
17.4,-6.484375,-0.009765625
17.7,-6.494140625,-0.009765625
18.0,-6.5185546875,-0.0048828125
18.3,-6.552734375,-0.0048828125
18.6,-6.58203125,0.0
18.9,-6.611328125,0.0
19.2,-6.6455078125,-0.0146484375
19.5,-6.669921875,-0.0048828125
19.8,-6.69921875,-0.009765625
20.1,-6.71875,0.0048828125
20.4,-6.748046875,-0.0048828125
20.7,-6.7724609375,0.009765625
21.0,-6.787109375,-0.0048828125
21.3,-6.826171875,-0.0048828125
21.6,-6.8505859375,-0.009765625
21.9,-6.8701171875,0.0
22.2,-6.904296875,0.009765625
22.5,-6.9287109375,0.0048828125
22.8,-6.9482421875,0.009765625
23.1,-6.97265625,0.0
23.4,-7.01171875,-0.009765625
23.7,-7.021484375,0.009765625
24.0,-7.0654296875,-0.009765625
24.3,-7.08984375,-0.009765625
24.6,-7.1142578125,-0.0048828125
24.9,-7.1337890625,-0.009765625
25.2,-7.16796875,0.0048828125
25.5,-7.1875,-0.0048828125
25.8,-7.2216796875,0.0
26.1,-7.2509765625,-0.009765625
26.4,-7.275390625,0.0048828125
26.7,-7.2900390625,-0.0048828125
27.0,-7.333984375,0.0
27.3,-7.353515625,-0.009765625
27.6,-7.3779296875,0.0048828125
27.9,-7.4072265625,-0.009765625
28.2,-7.431640625,-0.0048828125
28.5,-7.4560546875,0.0048828125
28.8,-7.4853515625,-0.009765625
29.1,-7.509765625,-0.0146484375
29.4,-7.529296875,-0.0048828125
29.7,-7.5537109375,-0.0048828125
30.0,-7.587890625,-0.0048828125
30.3,-7.6220703125,0.0048828125
30.6,-7.646484375,-0.0048828125
30.9,-7.666015625,-0.0048828125
31.2,-7.6904296875,-0.0048828125
31.5,-7.7294921875,-0.009765625
31.8,-7.75390625,-0.0048828125
32.1,-7.7783203125,-0.009765625
32.4,-7.7978515625,-0.0048828125
32.7,-7.841796875,-0.0048828125
33.0,-7.861328125,-0.0048828125
33.3,-7.8857421875,-0.0048828125
33.6,-7.9150390625,-0.0048828125
33.9,-7.939453125,0.0048828125
34.2,-7.9541015625,-0.01953125
34.5,-7.9833984375,0.0
34.8,-8.017578125,0.0
35.1,-8.037109375,0.0
35.4,-8.06640625,-0.009765625
35.7,-8.0908203125,-0.009765625
36.0,-8.1298828125,-0.0048828125
36.3,-8.14453125,-0.0048828125
36.6,-8.1689453125,0.0048828125
36.9,-8.212890625,0.0048828125
37.2,-8.22265625,-0.009765625
37.5,-8.2470703125,0.0048828125
37.8,-8.271484375,0.0
38.1,-8.3056640625,-0.0048828125
38.4,-8.330078125,0.0
38.7,-8.3447265625,-0.0048828125
39.0,-8.37890625,0.0048828125
39.3,-8.408203125,0.009765625
39.6,-8.4375,-0.009765625
39.9,-8.4716796875,-0.0146484375
40.2,-8.4912109375,-0.009765625
40.5,-8.5009765625,-0.0048828125
40.8,-8.544921875,0.0048828125
41.1,-8.5693359375,-0.009765625
41.4,-8.603515625,0.0
41.7,-8.6181640625,-0.0146484375
42.0,-8.6474609375,-0.009765625
42.3,-8.6669921875,-0.0048828125
42.6,-8.69140625,-0.0048828125
42.9,-8.720703125,0.0048828125
43.2,-8.759765625,-0.0048828125
43.5,-8.7890625,0.0048828125
43.8,-8.8037109375,0.0
44.1,-8.837890625,-0.009765625
44.4,-8.857421875,0.0146484375
44.7,-8.88671875,-0.0048828125
45.0,-8.9208984375,0.009765625
45.3,-8.9453125,-0.0048828125
45.6,-8.9697265625,0.0048828125
45.9,-8.9892578125,0.009765625
46.2,-9.0185546875,-0.0048828125
46.5,-9.052734375,0.0
46.8,-9.0673828125,-0.0048828125
47.1,-9.1015625,0.0048828125
47.4,-9.12109375,0.0048828125
47.7,-9.1552734375,-0.0146484375
48.0,-9.1845703125,-0.0048828125
48.3,-9.19921875,0.0
48.6,-9.2333984375,0.0048828125
48.9,-9.2529296875,-0.0048828125
49.2,-9.2919921875,0.0
49.5,-9.306640625,0.0
49.8,-9.3310546875,0.0
50.1,-9.3701171875,-0.009765625
50.4,-9.404296875,-0.0048828125
50.7,-9.4189453125,0.0
51.0,-9.43359375,-0.0048828125
51.3,-9.4677734375,0.0
51.6,-9.4775390625,-0.0146484375
51.9,-9.51171875,-0.0048828125
52.2,-9.5556640625,-0.01953125
52.5,-9.5751953125,0.0048828125
52.8,-9.609375,0.0
53.1,-9.62890625,0.0
53.4,-9.6533203125,0.0048828125
53.7,-9.6875,-0.0048828125
54.0,-9.70703125,-0.0048828125
54.3,-9.736328125,-0.0048828125
54.6,-9.7509765625,-0.0048828125
54.9,-9.794921875,0.0
55.2,-9.82421875,0.0
55.5,-9.84375,-0.009765625
55.8,-9.853515625,0.0
56.1,-9.892578125,0.0048828125
56.4,-9.921875,0.0
56.7,-9.951171875,0.0
57.0,-9.9658203125,-0.0048828125
57.3,-9.990234375,0.0048828125
57.6,-10.029296875,-0.0048828125
57.9,-10.0439453125,0.0048828125
58.2,-10.05859375,-0.0146484375
58.5,-10.048828125,0.0146484375
58.8,-10.0537109375,-0.009765625
59.1,-10.0439453125,0.0
59.4,-10.0537109375,0.0
59.7,-10.0537109375,-0.0048828125
60.0,-10.0439453125,-0.0048828125
60.3,-10.048828125,-0.0048828125
60.6,-10.0537109375,-0.009765625
60.9,-10.0537109375,-0.0048828125
61.2,-10.0537109375,-0.009765625
61.5,-10.0439453125,0.009765625
61.8,-10.048828125,0.0
62.1,-10.0439453125,0.0048828125
62.4,-10.0537109375,-0.0048828125
62.7,-10.05859375,-0.0048828125
63.0,-10.048828125,0.0
63.3,-10.0537109375,0.0
63.6,-10.0537109375,0.0
63.9,-10.0537109375,0.0048828125
64.2,-10.0537109375,-0.0048828125
64.5,-10.048828125,-0.0048828125
64.8,-10.0537109375,0.0
65.1,-10.048828125,-0.009765625
65.4,-10.048828125,-0.0048828125
65.7,-10.048828125,0.0
66.0,-10.048828125,0.0
66.3,-10.0439453125,0.009765625
66.6,-10.0537109375,-0.0048828125
66.9,-10.0537109375,0.0
67.2,-10.0537109375,-0.009765625
67.5,-10.048828125,-0.0048828125
67.8,-10.0537109375,0.0048828125
68.1,-10.0537109375,-0.0146484375
68.4,-10.0537109375,0.0
68.7,-10.0537109375,0.0
69.0,-10.0537109375,0.0
69.3,-10.0537109375,0.0
69.6,-10.0439453125,-0.0048828125
69.9,-10.0439453125,0.0
70.2,-10.048828125,0.0048828125
70.5,-10.0537109375,-0.0048828125
70.8,-10.05859375,0.0
71.1,-10.0341796875,-0.009765625
71.4,-10.0537109375,-0.0048828125
71.7,-10.0537109375,-0.0048828125
72.0,-10.05859375,-0.0048828125
72.3,-10.048828125,0.009765625
72.6,-10.048828125,-0.0048828125
72.9,-10.0634765625,0.009765625
73.2,-10.048828125,0.0
73.5,-10.048828125,-0.0048828125
73.8,-10.048828125,0.0048828125
74.1,-10.0634765625,-0.0048828125
74.4,-10.048828125,0.0
74.7,-10.0537109375,0.0
75.0,-10.0537109375,0.0048828125
75.3,-10.048828125,0.0
75.6,-10.0537109375,-0.0048828125
75.9,-10.0537109375,-0.0048828125
76.2,-10.0537109375,0.0048828125
76.5,-10.0537109375,0.0
76.8,-10.048828125,0.0
77.1,-10.05859375,-0.0146484375
77.4,-10.05859375,-0.0048828125
77.7,-10.048828125,-0.009765625
78.0,-10.0537109375,0.0
78.3,-10.048828125,0.0
78.6,-10.0537109375,-0.0048828125
78.9,-10.048828125,-0.009765625
79.2,-10.0537109375,-0.0048828125
79.5,-10.0439453125,-0.009765625
79.8,-10.05859375,0.0
80.1,-10.048828125,-0.0048828125
80.4,-10.0537109375,0.0
80.7,-10.048828125,-0.009765625
81.0,-10.05859375,-0.009765625
81.3,-0.3173828125,0.0048828125
81.6,-0.3125,-0.0146484375
81.9,-0.2978515625,-0.0048828125
82.2,-0.3173828125,-0.0048828125
82.5,-10.048828125,0.0
82.8,-10.048828125,-0.009765625
83.1,-10.0537109375,0.0048828125
83.4,-10.048828125,0.01953125
83.7,-10.0537109375,-0.0048828125
84.0,-10.0439453125,-0.0048828125
84.3,-10.048828125,-0.0048828125
84.6,-10.048828125,0.0
84.9,-10.0537109375,-0.0048828125
85.2,-10.05859375,0.0
85.5,-10.0537109375,0.009765625
85.8,-10.0390625,-0.0048828125
86.1,-10.0537109375,0.0
86.4,-10.0537109375,-0.0048828125
86.7,-10.0537109375,0.0
87.0,-10.0439453125,-0.0048828125
87.3,-10.0537109375,-0.0048828125
87.6,-10.0537109375,-0.009765625
87.9,-10.0537109375,-0.0048828125
88.2,-10.048828125,0.0
88.5,-10.048828125,-0.0048828125
88.8,-10.048828125,0.0
89.1,-0.341796875,0.0
89.4,-0.341796875,-0.0048828125
89.7,-0.3466796875,0.009765625
90.0,-0.3369140625,0.0
90.3,-0.3515625,-0.0048828125
90.6,-0.3466796875,-0.0048828125
90.9,-0.3369140625,-0.0048828125
91.2,-0.341796875,0.0048828125
91.5,-0.341796875,0.0048828125
91.8,-0.341796875,0.0048828125
92.1,-0.3369140625,0.0
92.4,-0.341796875,0.0048828125
92.7,-0.341796875,-0.0048828125
93.0,-0.3466796875,0.0
93.3,-0.341796875,-0.0048828125
93.6,-0.341796875,0.0
93.9,-0.3369140625,-0.0048828125
94.2,-0.341796875,0.0
94.5,-0.341796875,0.0146484375
94.8,-0.341796875,0.0048828125
95.1,-0.33203125,0.0
95.4,-0.341796875,0.0
95.7,-0.3466796875,-0.0048828125
96.0,-0.341796875,-0.0048828125
96.3,-0.341796875,-0.0048828125
96.6,-0.33203125,0.0
96.9,-0.3369140625,0.0
97.2,-0.3515625,0.0048828125
97.5,-0.3466796875,0.0
97.8,-0.33203125,0.0
98.1,-0.33203125,0.0
98.4,-0.341796875,-0.0048828125
98.7,-0.322265625,0.0
99.0,-0.341796875,0.0048828125
99.3,-0.341796875,0.0244140625
99.6,-0.341796875,0.0048828125
99.9,-0.3271484375,0.0048828125
100.2,-0.3466796875,0.0
100.5,-0.341796875,-0.009765625
100.8,-0.341796875,0.0048828125
101.1,-0.3369140625,-0.009765625
101.4,-0.3369140625,-0.0048828125
101.7,-0.3369140625,-0.0146484375
102.0,-0.3515625,-0.0146484375
102.3,-0.3369140625,-0.009765625
102.6,-0.33203125,0.0
102.9,-0.3515625,0.0
103.2,-0.341796875,0.0048828125
103.5,-0.341796875,0.0048828125
103.8,-0.3369140625,-0.0048828125
104.1,-0.3466796875,0.0
104.4,-0.3369140625,0.0048828125
104.7,-0.341796875,0.009765625
105.0,-0.341796875,0.0
105.3,-0.3369140625,0.0048828125
105.6,-0.3515625,-0.0048828125
105.9,-0.341796875,0.0048828125
106.2,-0.3466796875,-0.0146484375
106.5,-0.3662109375,-0.0048828125
106.8,-0.3955078125,0.0
107.1,-0.41015625,-0.0048828125
107.4,-0.4443359375,-0.0048828125
107.7,-0.4736328125,-0.0048828125
108.0,-0.478515625,0.0
108.3,-0.517578125,0.009765625
108.6,-0.546875,0.0
108.9,-0.5859375,0.0048828125
109.2,-0.6103515625,0.0048828125
109.5,-0.6201171875,0.0
109.8,-0.6591796875,-0.009765625
110.1,-0.68359375,-0.0048828125
110.4,-0.72265625,0.0
110.7,-0.7421875,0.0048828125
111.0,-0.7568359375,0.0
111.3,-0.78125,-0.0048828125
111.6,-0.8056640625,0.0
111.9,-0.8447265625,-0.0048828125
112.2,-0.869140625,-0.0146484375
112.5,-0.8984375,-0.0048828125
112.8,-0.91796875,-0.0146484375
113.1,-0.9521484375,0.0
113.4,-0.9814453125,-0.009765625
113.7,-1.0107421875,0.0
114.0,-1.03515625,-0.0048828125
114.3,-1.0400390625,0.0048828125
114.6,-1.083984375,0.0048828125
114.9,-1.103515625,-0.0048828125
115.2,-1.1474609375,0.0048828125
115.5,-1.1572265625,0.0
115.8,-1.1767578125,0.0
116.1,-1.2158203125,-0.0048828125
116.4,-1.259765625,0.0
116.7,-1.279296875,-0.0146484375
117.0,-1.2890625,-0.0146484375
117.3,-1.3134765625,0.0
117.6,-1.337890625,-0.009765625
117.9,-1.3720703125,0.0
118.2,-1.396484375,-0.0048828125
118.5,-1.4306640625,0.0
118.8,-1.4599609375,-0.0048828125
119.1,-1.4794921875,0.0
119.4,-1.513671875,0.0
119.7,-1.54296875,0.0
120.0,-1.5478515625,-0.0048828125
120.3,-1.58203125,-0.0048828125
120.6,-1.6015625,-0.0048828125
120.9,-1.630859375,0.0048828125
121.2,-1.669921875,0.0
121.5,-1.6943359375,-0.0048828125
121.8,-1.7138671875,0.0048828125
122.1,-1.748046875,0.0
122.4,-1.7578125,0.0
122.7,-1.796875,-0.0048828125
123.0,-1.8310546875,0.0
123.3,-1.8603515625,-0.0048828125
123.6,-1.875,0.0
123.9,-1.904296875,0.0
124.2,-1.9189453125,-0.01953125
124.5,-1.953125,-0.009765625
124.8,-1.97265625,-0.0048828125
125.1,-2.001953125,0.0
125.4,-2.05078125,-0.009765625
125.7,-2.0556640625,-0.009765625
126.0,-2.080078125,-0.009765625
126.3,-2.119140625,0.009765625
126.6,-2.1337890625,0.0
126.9,-2.16796875,0.0048828125
127.2,-2.2021484375,0.0
127.5,-2.216796875,0.0048828125
127.8,-2.2412109375,0.0
128.1,-2.275390625,0.0
128.4,-2.3046875,0.0
128.7,-2.314453125,0.0048828125
129.0,-2.353515625,-0.0048828125
129.3,-2.3779296875,0.0048828125
129.6,-2.4072265625,-0.0048828125
129.9,-2.44140625,0.0
130.2,-2.4609375,0.0048828125
130.5,-2.5,0.0048828125
130.8,-2.51953125,0.009765625
131.1,-2.5341796875,0.0
131.4,-2.5634765625,-0.0048828125
131.7,-2.59765625,-0.0048828125
132.0,-2.6220703125,-0.009765625
132.3,-2.6416015625,0.0
132.6,-2.6806640625,0.0
132.9,-2.6806640625,0.0146484375
133.2,-2.7197265625,0.0
133.5,-2.7490234375,0.0048828125
133.8,-2.783203125,0.0
134.1,-2.7880859375,0.0
134.4,-2.822265625,-0.009765625
134.7,-2.8515625,-0.0048828125
135.0,-2.8857421875,0.0048828125
135.3,-2.9052734375,-0.0048828125
135.6,-2.9296875,0.0048828125
135.9,-2.94921875,0.0
136.2,-2.98828125,-0.0048828125
136.5,-3.017578125,0.0
136.8,-3.037109375,-0.0048828125
137.1,-3.0712890625,0.0
137.4,-3.0908203125,0.0
137.7,-3.125,0.0
138.0,-3.1494140625,0.0048828125
138.3,-3.1787109375,-0.009765625
138.6,-3.203125,-0.0048828125
138.9,-3.22265625,-0.009765625
139.2,-3.2470703125,-0.0146484375
139.5,-3.28125,0.0
139.8,-3.3056640625,0.009765625
140.1,-3.3251953125,-0.0048828125
140.4,-3.359375,-0.009765625
140.7,-3.3837890625,0.0
141.0,-3.4228515625,-0.009765625
141.3,-3.447265625,-0.0048828125
141.6,-3.4619140625,-0.0048828125
141.9,-3.486328125,0.0
142.2,-3.5205078125,0.0
142.5,-3.5400390625,0.0
142.8,-3.5693359375,0.0
143.1,-3.5888671875,-0.0048828125
143.4,-3.6181640625,-0.0048828125
143.7,-3.65234375,-0.0048828125
144.0,-3.671875,-0.0048828125
144.3,-3.7255859375,-0.0048828125
144.6,-3.740234375,-0.0048828125
144.9,-3.7646484375,0.0
145.2,-3.779296875,0.0
145.5,-3.8134765625,0.0
145.8,-3.828125,-0.009765625
146.1,-3.8623046875,0.0
146.4,-3.8720703125,0.0
146.7,-3.9111328125,-0.0048828125
147.0,-3.9453125,-0.009765625
147.3,-3.9697265625,0.0
147.6,-3.9794921875,0.0
147.9,-4.0185546875,0.0
148.2,-4.0380859375,-0.009765625
148.5,-4.072265625,-0.0048828125
148.8,-4.1015625,0.0
149.1,-4.12109375,0.0048828125
149.4,-4.150390625,-0.0048828125
149.7,-4.1796875,-0.0048828125
150.0,-4.19921875,-0.0048828125
150.3,-4.228515625,-0.0048828125
150.6,-4.2529296875,-0.0048828125
150.9,-4.2919921875,0.0048828125
151.2,-4.306640625,0.0146484375
151.5,-4.3408203125,-0.0048828125
151.8,-4.365234375,-0.0048828125
152.1,-4.375,0.0
152.4,-4.4189453125,0.0048828125
152.7,-4.43359375,-0.0048828125
153.0,-4.4775390625,0.0
153.3,-4.4873046875,0.0
153.6,-4.53125,0.0048828125
153.9,-4.5458984375,-0.009765625
154.2,-4.5751953125,0.009765625
154.5,-4.6044921875,-0.009765625
154.8,-4.6337890625,-0.009765625
155.1,-4.6533203125,0.0048828125
155.4,-4.6826171875,0.0048828125
155.7,-4.70703125,-0.0048828125
156.0,-4.7412109375,0.0
156.3,-4.7705078125,-0.0048828125
156.6,-4.775390625,-0.0048828125
156.9,-4.814453125,0.0
157.2,-4.84375,-0.0048828125
157.5,-4.8681640625,0.0048828125
157.8,-4.90234375,0.0
158.1,-4.921875,0.0
158.4,-4.94140625,0.0048828125
158.7,-4.9755859375,-0.009765625
159.0,-5.0048828125,-0.01953125
159.3,-5.029296875,-0.0146484375
159.6,-5.0537109375,-0.009765625
159.9,-5.0732421875,0.0
160.2,-5.09765625,-0.0048828125
160.5,-5.13671875,0.0
160.8,-5.1611328125,-0.009765625
161.1,-5.1806640625,0.0
161.4,-5.205078125,0.0
161.7,-5.234375,-0.0048828125
162.0,-5.283203125,-0.0048828125
162.3,-5.29296875,0.009765625
162.6,-5.3173828125,0.0
162.9,-5.3466796875,-0.0048828125
163.2,-5.3662109375,-0.0048828125
163.5,-5.3955078125,-0.0048828125
163.8,-5.4248046875,0.0048828125
164.1,-5.4443359375,0.0
164.4,-5.478515625,-0.0048828125
164.7,-5.498046875,-0.009765625
165.0,-5.52734375,0.0
165.3,-5.5615234375,0.0
165.6,-5.5859375,-0.009765625
165.9,-5.625,0.0048828125
166.2,-5.6396484375,-0.0048828125
166.5,-5.6591796875,-0.0048828125
166.8,-5.6884765625,0.0
167.1,-5.7080078125,0.0
167.4,-5.72265625,-0.009765625
167.7,-5.7666015625,-0.0048828125
168.0,-5.791015625,-0.0048828125
168.3,-5.8056640625,0.009765625
168.6,-5.830078125,-0.009765625
168.9,-5.8740234375,0.0
169.2,-5.8984375,-0.009765625
169.5,-5.9228515625,-0.009765625
169.8,-5.9521484375,0.0048828125
170.1,-5.9814453125,0.0048828125
170.4,-6.0107421875,0.0048828125
170.7,-6.03515625,-0.0048828125
171.0,-6.044921875,0.0
171.3,-6.0791015625,-0.0048828125
171.6,-6.11328125,-0.0048828125
171.9,-6.1376953125,-0.009765625
172.2,-6.15234375,-0.0048828125
172.5,-6.1767578125,0.0
172.8,-6.2109375,0.0
173.1,-6.2353515625,-0.0048828125
173.4,-6.2646484375,0.0
173.7,-6.2890625,0.0
174.0,-6.3232421875,0.0
174.3,-6.3427734375,0.0048828125
174.6,-6.3720703125,-0.0048828125
174.9,-6.3916015625,0.0048828125
175.2,-6.4306640625,0.0048828125
175.5,-6.455078125,-0.0048828125
175.8,-6.474609375,0.0
176.1,-6.4990234375,-0.0048828125
176.4,-6.5234375,0.0
176.7,-6.5576171875,-0.0048828125
177.0,-6.58203125,-0.009765625
177.3,-6.591796875,0.0
177.6,-6.6259765625,-0.009765625
177.9,-6.650390625,0.0
178.2,-6.6748046875,-0.0048828125
178.5,-6.708984375,-0.009765625
178.8,-6.73828125,-0.0048828125
179.1,-6.7578125,-0.0048828125
179.4,-6.787109375,0.0
179.7,-6.8115234375,0.0
180.0,-6.8310546875,0.0
180.3,-6.8603515625,0.0
180.6,-6.8896484375,-0.009765625
180.9,-6.9287109375,0.0
181.2,-6.9482421875,0.0
181.5,-6.9677734375,-0.009765625
181.8,-6.9970703125,-0.0048828125
182.1,-7.0166015625,-0.0048828125
182.4,-7.041015625,0.0
182.7,-7.0751953125,-0.0048828125
183.0,-7.0947265625,-0.0048828125
183.3,-7.1337890625,0.0
183.6,-7.1484375,0.0
183.9,-7.1728515625,-0.0048828125
184.2,-7.20703125,0.0048828125
184.5,-7.2314453125,0.0048828125
184.8,-7.2607421875,-0.009765625
185.1,-7.2900390625,-0.0048828125
