0.0,0.810546875,264.6484375,2.13616210937,-0.57861328125
0.3,0.810546875,-252.9296875,2.1494921875,0.38818359375
0.6,0.810546875,-241.2109375,2.13616210937,-0.48828125
0.9,0.810546875,166.015625,2.1494921875,-0.535888671875
1.2,0.810546875,-205.078125,2.1494921875,-0.52490234375
1.5,0.810546875,85.9375,2.13616210937,-0.516357421875
1.8,0.810546875,-87.890625,2.1494921875,-0.521240234375
2.1,0.810546875,-21.484375,2.13616210937,-0.52001953125
2.4,0.810546875,-25.390625,2.1494921875,-0.521240234375
2.7,0.810546875,-19.53125,2.1494921875,-0.5126953125
3.0,0.810546875,-26.3671875,2.1494921875,-0.52490234375
3.3,0.810546875,-23.4375,2.1494921875,-0.521240234375
3.6,0.810546875,-32.2265625,2.1494921875,0.477294921875
3.9,0.810546875,-6.8359375,2.1494921875,-0.58349609375
4.2,0.810546875,-29.296875,2.1494921875,0.47607421875
4.5,0.810546875,-10.7421875,2.1494921875,-0.57861328125
4.8,0.810546875,-42.96875,2.13616210937,0.45654296875
5.1,0.810546875,270.5078125,2.13616210937,-0.579833984375
5.4,0.810546875,-264.6484375,2.1494921875,0.4248046875
5.7,0.810546875,223.6328125,2.13616210937,-0.572509765625
6.0,0.810546875,-242.1875,2.1494921875,-0.04150390625
6.3,0.810546875,179.6875,2.1494921875,-0.5419921875
6.6,0.810546875,-227.5390625,2.13616210937,-0.52001953125
6.9,0.810546875,96.6796875,2.1494921875,-0.517578125
7.2,0.810546875,-181.640625,2.13616210937,-0.521240234375
7.5,0.810546875,35.15625,2.1494921875,-0.5224609375
7.8,0.810546875,-55.6640625,2.1494921875,-0.52734375
8.1,0.810546875,-33.203125,2.13616210937,-0.521240234375
8.4,0.810546875,-16.6015625,2.13616210937,-0.5126953125
8.7,0.810546875,-18.5546875,2.13616210937,-0.4931640625
9.0,0.810546875,-26.3671875,2.1494921875,-0.526123046875
9.3,0.810546875,-15.625,2.1494921875,-0.531005859375
9.6,0.810546875,-14.6484375,2.13616210937,-0.560302734375
9.9,0.810546875,-8.7890625,2.1494921875,0.47607421875
10.2,0.810546875,-2.9296875,2.13616210937,-0.5810546875
10.5,0.810546875,-10.7421875,2.1494921875,-0.577392578125
10.8,0.810546875,-145.5078125,2.1494921875,0.462646484375
11.1,0.810546875,230.46875,2.13616210937,-0.579833984375
11.4,0.810546875,-276.3671875,2.1494921875,0.43212890625
11.7,0.810546875,210.9375,2.1494921875,-0.570068359375
12.0,0.810546875,205.078125,2.1494921875,-0.56396484375
12.3,0.810546875,-220.703125,2.1494921875,-0.267333984375
12.6,0.810546875,214.84375,2.1494921875,-0.543212890625
12.9,0.810546875,-231.4453125,2.1494921875,-0.52978515625
13.2,0.810546875,94.7265625,2.1494921875,-0.496826171875
13.5,0.810546875,-167.96875,2.13616210937,-0.52001953125
13.8,0.810546875,15.625,2.1494921875,-0.521240234375
14.1,0.810546875,-51.7578125,2.13616210937,-0.5126953125
14.4,0.810546875,-22.4609375,2.1494921875,-0.52734375
14.7,0.810546875,-2.9296875,2.1494921875,-0.533447265625
15.0,0.810546875,-14.6484375,2.1494921875,-0.52978515625
15.3,0.810546875,-9.765625,2.1494921875,-0.523681640625
15.6,0.810546875,-27.34375,2.13616210937,-0.5224609375
15.9,0.810546875,-7.8125,2.1494921875,-0.54931640625
16.2,0.810546875,-4.8828125,2.1494921875,0.474853515625
16.5,0.810546875,-7.8125,2.1494921875,-0.58349609375
16.8,0.810546875,-19.53125,2.1494921875,0.474853515625
17.1,0.810546875,-20.5078125,2.13616210937,-0.5810546875
17.4,0.810546875,-41.015625,2.1494921875,0.44921875
17.7,0.810546875,-266.6015625,2.1494921875,0.44189453125
18.0,0.810546875,224.609375,2.1494921875,-0.574951171875
18.3,0.810546875,-253.90625,2.1494921875,0.1953125
18.6,0.810546875,123.046875,2.1494921875,-0.55419921875
18.9,0.810546875,-250.0,2.13616210937,-0.526123046875
19.2,0.810546875,138.671875,2.13616210937,-0.518798828125
19.5,0.810546875,-203.125,2.1494921875,-0.533447265625
19.8,0.810546875,86.9140625,2.13616210937,-0.528564453125
20.1,0.810546875,-83.0078125,2.13616210937,-0.518798828125
20.4,0.810546875,-0.9765625,2.1494921875,-0.521240234375
20.7,0.810546875,-43.9453125,2.1494921875,-0.526123046875
21.0,0.810546875,-30.2734375,2.1494921875,-0.513916015625
21.3,0.810546875,-14.6484375,2.1494921875,-0.523681640625
21.6,0.810546875,-17.578125,2.1494921875,-0.521240234375
21.9,0.810546875,-15.625,2.1494921875,-0.523681640625
22.2,0.810546875,-12.6953125,2.1494921875,-0.152587890625
22.5,0.810546875,-13.671875,2.13616210937,-0.58349609375
22.8,0.810546875,-13.671875,2.1494921875,0.478515625
23.1,0.810546875,-12.6953125,2.13616210937,-0.5810546875
23.4,0.810546875,-13.671875,2.1494921875,0.46142578125
23.7,0.810546875,29.296875,2.1494921875,-0.579833984375
24.0,0.810546875,-264.6484375,2.13616210937,0.458984375
24.3,0.810546875,245.1171875,2.13616210937,-0.576171875
24.6,0.810546875,-265.625,2.1494921875,0.404052734375
24.9,0.810546875,167.96875,2.1494921875,-0.560302734375
25.2,0.810546875,-250.0,2.1494921875,-0.499267578125
25.5,0.810546875,152.34375,2.13616210937,-0.531005859375
25.8,0.810546875,-208.0078125,2.13616210937,-0.513916015625
26.1,0.810546875,92.7734375,2.13616210937,-0.498046875
26.4,0.810546875,-117.1875,2.1494921875,-0.52490234375
26.7,0.810546875,-0.9765625,2.1494921875,-0.52490234375
27.0,0.810546875,-38.0859375,2.1494921875,-0.518798828125
27.3,0.810546875,-26.3671875,2.1494921875,-0.5224609375
27.6,0.810546875,-18.5546875,2.1494921875,-0.521240234375
27.9,0.810546875,-23.4375,2.13616210937,-0.528564453125
28.2,0.810546875,-18.5546875,2.13616210937,-0.51513671875
28.5,0.810546875,-16.6015625,2.1494921875,-0.32470703125
28.8,0.810546875,-16.6015625,2.1494921875,-0.58349609375
29.1,0.810546875,-27.34375,2.1494921875,0.477294921875
29.4,0.810546875,-23.4375,2.1494921875,-0.5810546875
29.7,0.810546875,-20.5078125,2.1494921875,0.458984375
30.0,0.810546875,63.4765625,2.1494921875,-0.5810546875
30.3,0.810546875,260.7421875,2.1494921875,-0.576171875
30.6,0.810546875,-253.90625,2.13616210937,-0.557861328125
30.9,0.810546875,-251.953125,2.1494921875,-0.499267578125
31.2,0.810546875,164.0625,2.1494921875,-0.52490234375
31.5,0.810546875,-227.5390625,2.1494921875,-0.531005859375
31.8,0.810546875,85.9375,2.1494921875,-0.51513671875
32.1,0.810546875,-5.859375,2.13616210937,-0.523681640625
32.4,0.810546875,-25.390625,2.1494921875,-0.52490234375
32.7,0.810546875,-32.2265625,2.13616210937,-0.5224609375
33.0,0.810546875,-9.765625,2.1494921875,-0.52734375
33.3,0.810546875,-16.6015625,2.1494921875,-0.52490234375
33.6,0.810546875,-33.203125,2.1494921875,0.33447265625
33.9,0.810546875,-17.578125,2.1494921875,-0.582275390625
34.2,0.810546875,-20.5078125,2.1494921875,0.472412109375
34.5,0.810546875,-20.5078125,2.1494921875,-0.579833984375
34.8,0.810546875,-76.171875,2.13616210937,0.46142578125
35.1,0.810546875,257.8125,2.1494921875,-0.57861328125
35.4,0.810546875,-261.71875,2.1494921875,0.4296875
35.7,0.810546875,229.4921875,2.1494921875,-0.565185546875
36.0,0.810546875,-232.421875,2.1494921875,-0.31494140625
36.3,0.810546875,196.2890625,2.13616210937,-0.53955078125
36.6,0.810546875,-218.75,2.1494921875,-0.52734375
36.9,0.810546875,101.5625,2.13616210937,-0.5126953125
37.2,0.810546875,-125.9765625,2.1494921875,-0.52490234375
37.5,0.810546875,-16.6015625,2.13616210937,-0.526123046875
37.8,0.810546875,-19.53125,2.1494921875,-0.523681640625
38.1,0.810546875,-17.578125,2.1494921875,-0.516357421875
38.4,0.810546875,-21.484375,2.1494921875,-0.52490234375
38.7,0.810546875,-13.671875,2.13616210937,-0.52978515625
39.0,0.810546875,-21.484375,2.13616210937,0.21728515625
39.3,0.810546875,-9.765625,2.13616210937,0.479736328125
39.6,0.810546875,-7.8125,2.1494921875,-0.58349609375
39.9,0.810546875,-20.5078125,2.1494921875,0.4736328125
40.2,0.810546875,-16.6015625,2.1494921875,-0.579833984375
40.5,0.810546875,-101.5625,2.1494921875,0.462646484375
40.8,0.810546875,269.53125,2.1494921875,-0.5810546875
41.1,0.810546875,-267.578125,2.13616210937,0.430908203125
41.4,0.810546875,207.03125,2.1494921875,-0.567626953125
41.7,0.810546875,-229.4921875,2.13616210937,-0.250244140625
42.0,0.810546875,195.3125,2.1494921875,-0.545654296875
42.3,0.810546875,-237.3046875,2.13616210937,-0.531005859375
42.6,0.810546875,105.46875,2.13616210937,-0.518798828125
42.9,0.810546875,-149.4140625,2.1494921875,-0.52490234375
43.2,0.810546875,-1.953125,2.13616210937,-0.523681640625
43.5,0.810546875,-45.8984375,2.1494921875,-0.52001953125
43.8,0.810546875,-23.4375,2.1494921875,-0.521240234375
44.1,0.810546875,-2.9296875,2.1494921875,-0.51513671875
44.4,0.810546875,-22.4609375,2.1494921875,-0.531005859375
44.7,0.810546875,-0.9765625,2.1494921875,-0.582275390625
45.0,0.810546875,-17.578125,2.1494921875,0.478515625
45.3,0.810546875,-4.8828125,2.1494921875,-0.5810546875
45.6,0.810546875,-13.671875,2.1494921875,0.460205078125
45.9,0.810546875,21.484375,2.13616210937,-0.579833984375
46.2,0.810546875,-275.390625,2.13616210937,0.457763671875
46.5,0.810546875,253.90625,2.13616210937,-0.574951171875
46.8,0.810546875,-258.7890625,2.1494921875,0.311279296875
47.1,0.810546875,144.53125,2.1494921875,-0.556640625
47.4,0.810546875,-256.8359375,2.13616210937,-0.477294921875
47.7,0.810546875,143.5546875,2.1494921875,-0.52734375
48.0,0.810546875,-212.890625,2.1494921875,-0.535888671875
48.3,0.810546875,54.6875,2.1494921875,-0.52490234375
48.6,0.810546875,-80.078125,2.1494921875,-0.5224609375
48.9,0.810546875,-17.578125,2.1494921875,-0.511474609375
49.2,0.810546875,-27.34375,2.1494921875,-0.526123046875
49.5,0.810546875,-22.4609375,2.1494921875,-0.517578125
49.8,0.810546875,-16.6015625,2.1494921875,-0.52734375
50.1,0.810546875,-29.296875,2.13616210937,-0.528564453125
50.4,0.810546875,-15.625,2.13616210937,-0.538330078125
50.7,0.810546875,-24.4140625,2.1494921875,0.478515625
51.0,0.810546875,-20.5078125,2.1494921875,-0.58349609375
51.3,0.810546875,-16.6015625,2.1494921875,0.4736328125
51.6,0.810546875,-17.578125,2.1494921875,-0.576171875
51.9,0.810546875,-183.59375,2.1494921875,0.469970703125
52.2,0.810546875,216.796875,2.1494921875,-0.57861328125
52.5,0.810546875,-261.71875,2.1494921875,0.421142578125
52.8,0.810546875,189.453125,2.13616210937,-0.570068359375
53.1,0.810546875,-231.4453125,2.13616210937,-0.450439453125
53.4,0.810546875,184.5703125,2.12283203125,-0.5322265625
53.7,0.810546875,-216.796875,2.13616210937,-0.5224609375
54.0,0.810546875,88.8671875,2.1494921875,-0.523681640625
54.3,0.810546875,-142.578125,2.13616210937,-0.528564453125
54.6,0.810546875,-8.7890625,2.13616210937,-0.513916015625
54.9,0.810546875,-31.25,2.1494921875,-0.526123046875
55.2,0.810546875,-42.96875,2.1494921875,-0.528564453125
55.5,0.810546875,-8.7890625,2.1494921875,-0.526123046875
55.8,0.810546875,-22.4609375,2.1494921875,-0.531005859375
56.1,0.810546875,-16.6015625,2.1494921875,-0.526123046875
56.4,0.810546875,-15.625,2.13616210937,0.31494140625
56.7,0.810546875,-10.7421875,2.1494921875,-0.58349609375
57.0,0.810546875,-16.6015625,2.1494921875,0.472412109375
57.3,0.810546875,-12.6953125,2.1494921875,-0.577392578125
57.6,0.810546875,-27.34375,2.1494921875,0.452880859375
57.9,0.810546875,256.8359375,2.1494921875,-0.579833984375
58.2,0.810546875,-265.625,2.13616210937,0.435791015625
58.5,0.810546875,226.5625,2.1494921875,-0.57373046875
58.8,0.810546875,-241.2109375,2.1494921875,0.068359375
59.1,0.810546875,160.15625,2.13616210937,-0.543212890625
59.4,0.810546875,-239.2578125,2.1494921875,-0.517578125
59.7,0.810546875,102.5390625,2.1494921875,-0.506591796875
60.0,0.810546875,-202.1484375,2.13616210937,-0.51025390625
60.3,0.810546875,42.96875,2.1494921875,-0.5224609375
60.6,0.810546875,-43.9453125,2.1494921875,-0.52001953125
60.9,0.810546875,-5.859375,2.1494921875,-0.5224609375
61.2,0.810546875,-30.2734375,2.1494921875,-0.52490234375
61.5,0.810546875,-26.3671875,2.1494921875,-0.52490234375
61.8,0.810546875,-15.625,2.1494921875,-0.52490234375
62.1,0.810546875,-19.53125,2.1494921875,-0.52490234375
62.4,0.810546875,-14.6484375,2.1494921875,-0.518798828125
62.7,0.810546875,-16.6015625,2.13616210937,0.406494140625
63.0,0.810546875,-18.5546875,2.13616210937,-0.58349609375
63.3,0.810546875,-25.390625,2.13616210937,0.4736328125
63.6,0.810546875,-29.296875,2.13616210937,-0.5810546875
63.9,0.810546875,-27.34375,2.13616210937,0.45166015625
64.2,0.810546875,138.671875,2.1494921875,-0.579833984375
64.5,0.810546875,-256.8359375,2.13616210937,0.45654296875
64.8,0.810546875,246.09375,2.1494921875,-0.576171875
65.1,0.810546875,-268.5546875,2.13616210937,0.3564453125
65.4,0.810546875,152.34375,2.1494921875,-0.55908203125
65.7,0.810546875,-248.046875,2.13616210937,-0.489501953125
66.0,0.810546875,166.015625,2.1494921875,-0.5322265625
66.3,0.810546875,-201.171875,2.1494921875,-0.517578125
66.6,0.810546875,102.5390625,2.1494921875,-0.513916015625
66.9,0.810546875,-146.484375,2.13616210937,-0.526123046875
67.2,0.810546875,21.484375,2.13616210937,-0.521240234375
67.5,0.810546875,-66.40625,2.1494921875,-0.528564453125
67.8,0.810546875,-19.53125,2.1494921875,-0.52001953125
68.1,0.810546875,-18.5546875,2.1494921875,-0.531005859375
68.4,0.810546875,-21.484375,2.1494921875,-0.523681640625
68.7,0.810546875,-16.6015625,2.13616210937,-0.528564453125
69.0,0.810546875,-16.6015625,2.1494921875,-0.5224609375
69.3,0.810546875,-17.578125,2.13616210937,-0.56640625
69.6,0.810546875,-27.34375,2.13616210937,0.477294921875
69.9,0.810546875,-28.3203125,2.1494921875,-0.582275390625
70.2,0.810546875,-16.6015625,2.1494921875,0.472412109375
70.5,0.810546875,-20.5078125,2.13616210937,-0.57861328125
70.8,0.810546875,-159.1796875,2.1494921875,0.46875
71.1,0.810546875,230.46875,2.1494921875,-0.57861328125
71.4,0.810546875,-260.7421875,2.1494921875,0.4296875
71.7,0.810546875,217.7734375,2.1494921875,-0.56884765625
72.0,0.810546875,-228.515625,2.1494921875,-0.203857421875
72.3,0.810546875,201.171875,2.13616210937,-0.54931640625
72.6,0.810546875,-245.1171875,2.1494921875,-0.52734375
72.9,0.810546875,93.75,2.1494921875,-0.51025390625
73.2,0.810546875,-147.4609375,2.1494921875,-0.52490234375
73.5,0.810546875,2.9296875,2.1494921875,-0.518798828125
73.8,0.810546875,-33.203125,2.1494921875,-0.526123046875
74.1,0.810546875,-18.5546875,2.13616210937,-0.516357421875
74.4,0.810546875,-4.8828125,2.1494921875,-0.52978515625
74.7,0.810546875,-22.4609375,2.1494921875,-0.52978515625
75.0,0.810546875,-6.8359375,2.13616210937,-0.521240234375
75.3,0.810546875,-25.390625,2.1494921875,-0.406494140625
75.6,0.810546875,-4.8828125,2.13616210937,-0.5810546875
75.9,0.810546875,-23.4375,2.1494921875,0.478515625
76.2,0.810546875,-5.859375,2.1494921875,-0.5810546875
76.5,0.810546875,-19.53125,2.1494921875,0.460205078125
76.8,0.810546875,109.375,2.13616210937,-0.582275390625
77.1,0.810546875,-269.53125,2.1494921875,0.45166015625
77.4,0.810546875,209.9609375,2.1494921875,-0.576171875
77.7,0.810546875,-263.671875,2.1494921875,0.2197265625
78.0,0.810546875,129.8828125,2.13616210937,-0.546875
78.3,0.810546875,151.3671875,2.1494921875,-0.545654296875
78.6,0.810546875,-241.2109375,2.13616210937,-0.52734375
78.9,0.810546875,108.3984375,2.1494921875,-0.51513671875
79.2,0.810546875,-174.8046875,2.1494921875,-0.51513671875
79.5,0.810546875,25.390625,2.1494921875,-0.52001953125
79.8,0.810546875,-61.5234375,2.13616210937,-0.51025390625
80.1,0.810546875,-27.34375,2.1494921875,-0.526123046875
80.4,0.810546875,-19.53125,2.1494921875,-0.52978515625
80.7,0.810546875,-9.765625,2.1494921875,-0.526123046875
81.0,0.810546875,-25.390625,2.1494921875,-0.52001953125
81.3,0.810546875,-12.6953125,2.1494921875,-0.260009765625
81.6,0.810546875,-15.625,2.1494921875,-0.582275390625
81.9,0.810546875,-12.6953125,2.1494921875,0.477294921875
82.2,0.810546875,-12.6953125,2.1494921875,-0.582275390625
82.5,0.810546875,-17.578125,2.1494921875,0.450439453125
82.8,0.810546875,244.140625,2.1494921875,-0.582275390625
83.1,0.810546875,-276.3671875,2.1494921875,0.44677734375
83.4,0.810546875,216.796875,2.1494921875,-0.572509765625
83.7,0.810546875,-240.234375,2.1494921875,0.00244140625
84.0,0.810546875,171.875,2.13616210937,-0.540771484375
84.3,0.810546875,-241.2109375,2.1494921875,-0.528564453125
84.6,0.810546875,91.796875,2.1494921875,-0.511474609375
84.9,0.810546875,-151.3671875,2.1494921875,-0.523681640625
85.2,0.810546875,0.9765625,2.13616210937,-0.521240234375
85.5,0.810546875,-38.0859375,2.1494921875,-0.5224609375
85.8,0.810546875,-22.4609375,2.13616210937,-0.50537109375
86.1,0.810546875,-15.625,2.1494921875,-0.533447265625
86.4,0.810546875,-23.4375,2.1494921875,-0.5126953125
86.7,0.810546875,-24.4140625,2.1494921875,-0.52978515625
87.0,0.810546875,-23.4375,2.13616210937,-0.582275390625
87.3,0.810546875,-14.6484375,2.13616210937,0.472412109375
87.6,0.810546875,-11.71875,2.1494921875,-0.579833984375
87.9,0.810546875,-37.109375,2.1494921875,0.460205078125
88.2,0.810546875,256.8359375,2.1494921875,-0.57861328125
88.5,0.810546875,-275.390625,2.13616210937,0.430908203125
88.8,0.810546875,197.265625,2.1494921875,-0.56640625
89.1,0.810546875,-221.6796875,2.1494921875,-0.29296875
89.4,0.810546875,204.1015625,2.1494921875,-0.545654296875
89.7,0.810546875,-223.6328125,2.1494921875,-0.53466796875
90.0,0.810546875,97.65625,2.1494921875,-0.511474609375
90.3,0.810546875,-120.1171875,2.1494921875,-0.5322265625
90.6,0.810546875,-13.671875,2.1494921875,-0.521240234375
90.9,0.810546875,-42.96875,2.13616210937,-0.52978515625
91.2,0.810546875,-41.015625,2.1494921875,-0.531005859375
91.5,0.810546875,-6.8359375,2.1494921875,-0.5224609375
91.8,0.810546875,-14.6484375,2.1494921875,-0.5224609375
92.1,0.810546875,-20.5078125,2.1494921875,-0.52490234375
92.4,0.810546875,-22.4609375,2.13616210937,0.478515625
92.7,0.810546875,-17.578125,2.1494921875,-0.58349609375
93.0,0.810546875,-13.671875,2.1494921875,0.47119140625
93.3,0.810546875,-12.6953125,2.1494921875,-0.576171875
93.6,0.810546875,-116.2109375,2.1494921875,0.469970703125
93.9,0.810546875,-206.0546875,2.1494921875,0.47119140625
94.2,0.810546875,217.7734375,2.1494921875,-0.577392578125
94.5,0.810546875,-259.765625,2.13616210937,0.4248046875
94.8,0.810546875,185.546875,2.13616210937,-0.302734375
95.1,0.810546875,202.1484375,2.1494921875,-0.537109375
95.4,0.810546875,-212.890625,2.1494921875,-0.5224609375
95.7,0.810546875,91.796875,2.1494921875,-0.517578125
96.0,0.810546875,-127.9296875,2.1494921875,-0.521240234375
96.3,0.810546875,-4.8828125,2.1494921875,-0.523681640625
96.6,0.810546875,-30.2734375,2.13616210937,-0.523681640625
96.9,0.810546875,-35.15625,2.1494921875,-0.516357421875
97.2,0.810546875,-9.765625,2.13616210937,-0.517578125
97.5,0.810546875,-7.8125,2.1494921875,-0.51025390625
97.8,0.810546875,-25.390625,2.1494921875,-0.528564453125
98.1,0.810546875,-23.4375,2.1494921875,-0.00244140625
98.4,0.810546875,-26.3671875,2.1494921875,-0.58349609375
98.7,0.810546875,-19.53125,2.1494921875,0.4736328125
99.0,0.810546875,-10.7421875,2.1494921875,-0.582275390625
99.3,0.810546875,-18.5546875,2.1494921875,0.4541015625
99.6,0.810546875,265.625,2.1494921875,-0.579833984375
99.9,0.810546875,-272.4609375,2.13616210937,0.4443359375
100.2,0.810546875,206.0546875,2.1494921875,-0.574951171875
100.5,0.810546875,-246.09375,2.1494921875,0.067138671875
100.8,0.810546875,174.8046875,2.1494921875,-0.543212890625
101.1,0.810546875,-220.703125,2.1494921875,-0.531005859375
101.4,0.810546875,92.7734375,2.1494921875,-0.513916015625
101.7,0.810546875,-164.0625,2.1494921875,-0.5224609375
102.0,0.810546875,14.6484375,2.1494921875,-0.518798828125
102.3,0.810546875,-41.015625,2.13616210937,-0.53466796875
102.6,0.810546875,-14.6484375,2.1494921875,-0.516357421875
102.9,0.810546875,-11.71875,2.1494921875,-0.535888671875
103.2,0.810546875,-22.4609375,2.13616210937,-0.521240234375
103.5,0.810546875,-8.7890625,2.13616210937,-0.52001953125
103.8,0.810546875,-19.53125,2.13616210937,-0.115966796875
104.1,0.810546875,-26.3671875,2.1494921875,0.477294921875
104.4,0.810546875,-13.671875,2.1494921875,-0.582275390625
104.7,0.810546875,-15.625,2.13616210937,0.45166015625
105.0,0.810546875,120.1171875,2.13616210937,-0.58349609375
105.3,0.810546875,-256.8359375,2.13616210937,0.44921875
105.6,0.810546875,239.2578125,2.1494921875,-0.576171875
105.9,0.810546875,-244.140625,2.1494921875,0.098876953125
106.2,0.810546875,122.0703125,2.13616210937,-0.546875
106.5,0.810546875,-251.953125,2.1494921875,-0.526123046875
106.8,0.810546875,113.28125,2.1494921875,-0.511474609375
107.1,0.810546875,-203.125,2.1494921875,-0.535888671875
107.4,0.810546875,45.8984375,2.1494921875,-0.526123046875
107.7,0.810546875,-57.6171875,2.1494921875,-0.523681640625
108.0,0.810546875,-32.2265625,2.1494921875,-0.499267578125
108.3,0.810546875,-7.8125,2.1494921875,-0.516357421875
108.6,0.810546875,-15.625,2.1494921875,-0.52734375
108.9,0.810546875,-10.7421875,2.1494921875,-0.5224609375
109.2,0.810546875,-14.6484375,2.13616210937,-0.523681640625
109.5,0.810546875,-19.53125,2.13616210937,-0.572509765625
109.8,0.810546875,-17.578125,2.13616210937,0.47607421875
110.1,0.810546875,-19.53125,2.13616210937,-0.582275390625
110.4,0.810546875,-22.4609375,2.1494921875,0.4638671875
110.7,0.810546875,24.4140625,2.13616210937,-0.579833984375
111.0,0.810546875,-251.953125,2.13616210937,0.460205078125
111.3,0.810546875,235.3515625,2.1494921875,-0.577392578125
111.6,0.810546875,-246.09375,2.1494921875,0.30029296875
111.9,0.810546875,113.28125,2.1494921875,-0.54931640625
112.2,0.810546875,-251.953125,2.1494921875,-0.498046875
112.5,0.810546875,126.953125,2.13616210937,-0.499267578125
112.8,0.810546875,-205.078125,2.13616210937,-0.528564453125
113.1,0.810546875,50.78125,2.1494921875,-0.511474609375
113.4,0.810546875,-62.5,2.1494921875,-0.526123046875
113.7,0.810546875,-23.4375,2.1494921875,-0.523681640625
114.0,0.810546875,-7.8125,2.1494921875,-0.521240234375
114.3,0.810546875,-22.4609375,2.1494921875,-0.518798828125
114.6,0.810546875,-23.4375,2.1494921875,-0.523681640625
114.9,0.810546875,-16.6015625,2.1494921875,-0.523681640625
115.2,0.810546875,-8.7890625,2.13616210937,-0.565185546875
115.5,0.810546875,-19.53125,2.1494921875,0.474853515625
115.8,0.810546875,-12.6953125,2.1494921875,-0.582275390625
116.1,0.810546875,-21.484375,2.1494921875,0.469970703125
116.4,0.810546875,-17.578125,2.13616210937,-0.57861328125
116.7,0.810546875,-216.796875,2.1494921875,0.472412109375
117.0,0.810546875,244.140625,2.1494921875,-0.57861328125
117.3,0.810546875,-275.390625,2.1494921875,0.439453125
117.6,0.810546875,201.171875,2.1494921875,-0.56396484375
117.9,0.810546875,-218.75,2.1494921875,-0.343017578125
118.2,0.810546875,214.84375,2.1494921875,-0.5419921875
118.5,0.810546875,-222.65625,2.1494921875,-0.523681640625
118.8,0.810546875,88.8671875,2.1494921875,-0.511474609375
119.1,0.810546875,-145.5078125,2.1494921875,-0.518798828125
119.4,0.810546875,17.578125,2.1494921875,-0.5224609375
119.7,0.810546875,-50.78125,2.13616210937,-0.528564453125
120.0,0.810546875,-30.2734375,2.13616210937,-0.5029296875
120.3,0.810546875,4.8828125,2.1494921875,-0.516357421875
120.6,0.810546875,-13.671875,2.1494921875,-0.517578125
120.9,0.810546875,-16.6015625,2.1494921875,-0.528564453125
121.2,0.810546875,-10.7421875,2.1494921875,-0.523681640625
121.5,0.810546875,-9.765625,2.1494921875,-0.55908203125
121.8,0.810546875,-16.6015625,2.1494921875,0.47607421875
122.1,0.810546875,-20.5078125,2.13616210937,-0.582275390625
122.4,0.810546875,-15.625,2.1494921875,0.474853515625
122.7,0.810546875,-11.71875,2.13616210937,-0.579833984375
123.0,0.810546875,-27.34375,2.13616210937,0.462646484375
123.3,0.810546875,275.390625,2.13616210937,-0.579833984375
123.6,0.810546875,-258.7890625,2.1494921875,0.439453125
123.9,0.810546875,208.0078125,2.13616210937,-0.576171875
124.2,0.810546875,-249.0234375,2.1494921875,0.2197265625
124.5,0.810546875,131.8359375,2.1494921875,-0.54931640625
124.8,0.810546875,-262.6953125,2.13616210937,-0.511474609375
125.1,0.810546875,140.625,2.13616210937,-0.52978515625
125.4,0.810546875,-216.796875,2.1494921875,-0.523681640625
125.7,0.810546875,78.125,2.1494921875,-0.509033203125
126.0,0.810546875,-121.09375,2.13616210937,-0.516357421875
126.3,0.810546875,-8.7890625,2.13616210937,-0.52001953125
126.6,0.810546875,-41.015625,2.13616210937,-0.517578125
126.9,0.810546875,-13.671875,2.1494921875,-0.523681640625
127.2,0.810546875,-0.9765625,2.1494921875,-0.526123046875
127.5,0.810546875,-9.765625,2.13616210937,-0.5126953125
127.8,0.810546875,-16.6015625,2.13616210937,-0.52734375
128.1,0.810546875,-22.4609375,2.1494921875,-0.516357421875
128.4,0.810546875,-17.578125,2.1494921875,-0.58349609375
128.7,0.810546875,-23.4375,2.1494921875,0.478515625
129.0,0.810546875,-17.578125,2.1494921875,-0.582275390625
129.3,0.810546875,-21.484375,2.13616210937,0.460205078125
129.6,0.810546875,20.5078125,2.1494921875,-0.57861328125
129.9,0.810546875,-281.25,2.1494921875,0.455322265625
130.2,0.810546875,260.7421875,2.1494921875,-0.576171875
130.5,0.810546875,-270.5078125,2.1494921875,0.301513671875
130.8,0.810546875,146.484375,2.13616210937,-0.555419921875
131.1,0.810546875,-252.9296875,2.1494921875,-0.513916015625
131.4,0.810546875,123.046875,2.13616210937,-0.501708984375
131.7,0.810546875,-205.078125,2.1494921875,-0.516357421875
132.0,0.810546875,53.7109375,2.1494921875,-0.5078125
132.3,0.810546875,-58.59375,2.1494921875,-0.518798828125
132.6,0.810546875,-31.25,2.1494921875,-0.52490234375
132.9,0.810546875,-14.6484375,2.1494921875,-0.52001953125
133.2,0.810546875,-13.671875,2.1494921875,-0.52490234375
133.5,0.810546875,-8.7890625,2.13616210937,-0.526123046875
133.8,0.810546875,-14.6484375,2.1494921875,-0.521240234375
134.1,0.810546875,-14.6484375,2.1494921875,-0.584716796875
134.4,0.810546875,-19.53125,2.1494921875,0.479736328125
134.7,0.810546875,-18.5546875,2.1494921875,-0.5810546875
135.0,0.810546875,-20.5078125,2.1494921875,0.452880859375
135.3,0.810546875,146.484375,2.13616210937,-0.582275390625
135.6,0.810546875,-270.5078125,2.1494921875,0.44921875
135.9,0.810546875,223.6328125,2.1494921875,0.247802734375
136.2,0.810546875,128.90625,2.13616210937,-0.546875
136.5,0.810546875,-264.6484375,2.12283203125,-0.494384765625
136.8,0.810546875,115.234375,2.1494921875,-0.518798828125
137.1,0.810546875,-211.9140625,2.13616210937,-0.51513671875
137.4,0.810546875,39.0625,2.13616210937,-0.518798828125
137.7,0.810546875,-44.921875,2.1494921875,-0.52490234375
138.0,0.810546875,-33.203125,2.13616210937,-0.521240234375
138.3,0.810546875,-15.625,2.1494921875,-0.526123046875
138.6,0.810546875,-12.6953125,2.1494921875,-0.518798828125
138.9,0.810546875,-15.625,2.1494921875,-0.526123046875
139.2,0.810546875,-26.3671875,2.13616210937,-0.518798828125
139.5,0.810546875,-13.671875,2.1494921875,-0.555419921875
139.8,0.810546875,-18.5546875,2.1494921875,0.472412109375
140.1,0.810546875,-15.625,2.1494921875,-0.579833984375
140.4,0.810546875,-27.34375,2.1494921875,0.472412109375
140.7,0.810546875,-15.625,2.1494921875,-0.577392578125
141.0,0.810546875,-208.0078125,2.1494921875,0.472412109375
141.3,0.810546875,243.1640625,2.1494921875,-0.577392578125
141.6,0.810546875,-273.4375,2.13616210937,0.416259765625
141.9,0.810546875,190.4296875,2.1494921875,-0.56640625
142.2,0.810546875,216.796875,2.1494921875,-0.548095703125
142.5,0.810546875,-225.5859375,2.1494921875,-0.5224609375
142.8,0.810546875,88.8671875,2.1494921875,-0.498046875
143.1,0.810546875,-159.1796875,2.13616210937,-0.5224609375
143.4,0.810546875,24.4140625,2.1494921875,-0.5224609375
143.7,0.810546875,-62.5,2.1494921875,-0.52978515625
144.0,0.810546875,-24.4140625,2.16282226563,-0.52490234375
144.3,0.810546875,-21.484375,2.13616210937,-0.517578125
144.6,0.810546875,-18.5546875,2.1494921875,-0.52001953125
144.9,0.810546875,-19.53125,2.13616210937,-0.518798828125
145.2,0.810546875,-25.390625,2.1494921875,-0.513916015625
145.5,0.810546875,-25.390625,2.1494921875,-0.545654296875
145.8,0.810546875,-28.3203125,2.1494921875,0.477294921875
146.1,0.810546875,-21.484375,2.1494921875,-0.58349609375
146.4,0.810546875,-14.6484375,2.13616210937,0.474853515625
146.7,0.810546875,-17.578125,2.1494921875,-0.579833984375
147.0,0.810546875,-22.4609375,2.1494921875,0.460205078125
147.3,0.810546875,261.71875,2.1494921875,-0.5810546875
147.6,0.810546875,-265.625,2.1494921875,0.42724609375
147.9,0.810546875,227.5390625,2.1494921875,-0.576171875
148.2,0.810546875,-265.625,2.1494921875,0.146484375
148.5,0.810546875,132.8125,2.1494921875,-0.5517578125
148.8,0.810546875,-258.7890625,2.13616210937,-0.506591796875
149.1,0.810546875,125.0,2.1494921875,-0.52978515625
149.4,0.810546875,-215.8203125,2.1494921875,-0.521240234375
149.7,0.810546875,68.359375,2.1494921875,-0.517578125
150.0,0.810546875,-101.5625,2.1494921875,-0.52490234375
150.3,0.810546875,-4.8828125,2.13616210937,-0.52001953125
150.6,0.810546875,-39.0625,2.13616210937,-0.518798828125
150.9,0.810546875,-29.296875,2.13616210937,-0.521240234375
151.2,0.810546875,-19.53125,2.1494921875,-0.521240234375
151.5,0.810546875,-18.5546875,2.13616210937,-0.523681640625
151.8,0.810546875,-10.7421875,2.1494921875,-0.523681640625
152.1,0.810546875,-20.5078125,2.1494921875,-0.438232421875
152.4,0.810546875,-9.765625,2.1494921875,-0.58349609375
152.7,0.810546875,-16.6015625,2.1494921875,0.474853515625
153.0,0.810546875,-13.671875,2.1494921875,-0.5810546875
153.3,0.810546875,-16.6015625,2.13616210937,0.46142578125
153.6,0.810546875,-16.6015625,2.13616210937,-0.577392578125
153.9,0.810546875,-249.0234375,2.1494921875,0.469970703125
154.2,0.810546875,253.90625,2.1494921875,-0.57861328125
154.5,0.810546875,-257.8125,2.1494921875,0.438232421875
154.8,0.810546875,208.0078125,2.1494921875,-0.560302734375
155.1,0.810546875,-233.3984375,2.1494921875,-0.31982421875
155.4,0.810546875,186.5234375,2.1494921875,-0.548095703125
155.7,0.810546875,-236.328125,2.13616210937,-0.518798828125
156.0,0.810546875,99.609375,2.1494921875,-0.489501953125
156.3,0.810546875,-202.1484375,2.1494921875,-0.528564453125
156.6,0.810546875,41.9921875,2.1494921875,-0.51025390625
156.9,0.810546875,-51.7578125,2.1494921875,-0.531005859375
157.2,0.810546875,-17.578125,2.1494921875,-0.511474609375
157.5,0.810546875,-22.4609375,2.13616210937,-0.518798828125
157.8,0.810546875,-14.6484375,2.1494921875,-0.51513671875
158.1,0.810546875,-23.4375,2.1494921875,-0.523681640625
158.4,0.810546875,-12.6953125,2.1494921875,-0.52490234375
158.7,0.810546875,-7.8125,2.1494921875,-0.52490234375
159.0,0.810546875,-16.6015625,2.1494921875,-0.025634765625
159.3,0.810546875,-16.6015625,2.13616210937,-0.5810546875
159.6,0.810546875,-16.6015625,2.1494921875,0.47607421875
159.9,0.810546875,-9.765625,2.1494921875,-0.5810546875
160.2,0.810546875,-19.53125,2.1494921875,0.4638671875
160.5,0.810546875,-20.5078125,2.1494921875,-0.57861328125
160.8,0.810546875,-241.2109375,2.1494921875,0.46875
161.1,0.810546875,224.609375,2.13616210937,-0.576171875
161.4,0.810546875,-272.4609375,2.1494921875,0.419921875
161.7,0.810546875,213.8671875,2.1494921875,-0.56884765625
162.0,0.810546875,-229.4921875,2.1494921875,0.0048828125
162.3,0.810546875,147.4609375,2.1494921875,-0.54443359375
162.6,0.810546875,-261.71875,2.1494921875,-0.5078125
162.9,0.810546875,139.6484375,2.1494921875,-0.513916015625
163.2,0.810546875,-205.078125,2.13616210937,-0.5126953125
163.5,0.810546875,72.265625,2.1494921875,-0.49560546875
163.8,0.810546875,-120.1171875,2.1494921875,-0.5322265625
164.1,0.810546875,3.90625,2.13616210937,-0.523681640625
164.4,0.810546875,-42.96875,2.1494921875,-0.526123046875
164.7,0.810546875,-23.4375,2.13616210937,-0.52978515625
165.0,0.810546875,-14.6484375,2.13616210937,-0.526123046875
165.3,0.810546875,-22.4609375,2.1494921875,-0.517578125
165.6,0.810546875,-13.671875,2.13616210937,-0.521240234375
165.9,0.810546875,-21.484375,2.1494921875,-0.5224609375
166.2,0.810546875,-15.625,2.1494921875,-0.52734375
166.5,0.810546875,-27.34375,2.1494921875,0.343017578125
166.8,0.810546875,-18.5546875,2.1494921875,-0.5810546875
167.1,0.810546875,-30.2734375,2.1494921875,0.4736328125
167.4,0.810546875,-13.671875,2.1494921875,-0.5810546875
167.7,0.810546875,-15.625,2.1494921875,0.46142578125
168.0,0.810546875,-1.953125,2.13616210937,-0.57861328125
168.3,0.810546875,6.8359375,2.1494921875,-0.57861328125
168.6,0.810546875,-294.921875,2.13616210937,0.46630859375
168.9,0.810546875,254.8828125,2.13616210937,-0.577392578125
169.2,0.810546875,-261.71875,2.13616210937,0.433349609375
169.5,0.810546875,222.65625,2.1494921875,-0.567626953125
169.8,0.810546875,-234.375,2.1494921875,-0.224609375
170.1,0.810546875,193.359375,2.13616210937,-0.53955078125
170.4,0.810546875,-238.28125,2.1494921875,-0.535888671875
170.7,0.810546875,100.5859375,2.1494921875,-0.5078125
171.0,0.810546875,-186.5234375,2.1494921875,-0.531005859375
171.3,0.810546875,37.109375,2.1494921875,-0.52490234375
171.6,0.810546875,-63.4765625,2.1494921875,-0.523681640625
171.9,0.810546875,-12.6953125,2.13616210937,-0.523681640625
172.2,0.810546875,-34.1796875,2.13616210937,-0.5224609375
172.5,0.810546875,-30.2734375,2.1494921875,-0.51513671875
172.8,0.810546875,-18.5546875,2.1494921875,-0.5224609375
173.1,0.810546875,-22.4609375,2.13616210937,-0.518798828125
173.4,0.810546875,-21.484375,2.1494921875,-0.51513671875
173.7,0.810546875,-15.625,2.1494921875,-0.03173828125
174.0,0.810546875,-13.671875,2.1494921875,-0.582275390625
174.3,0.810546875,-25.390625,2.1494921875,0.479736328125
174.6,0.810546875,-21.484375,2.1494921875,-0.582275390625
174.9,0.810546875,-15.625,2.1494921875,0.457763671875
175.2,0.810546875,-6.8359375,2.1494921875,-0.579833984375
175.5,0.810546875,-266.6015625,2.13616210937,0.46630859375
175.8,0.810546875,236.328125,2.1494921875,-0.576171875
176.1,0.810546875,-259.765625,2.1494921875,0.4248046875
176.4,0.810546875,189.453125,2.13616210937,-0.56396484375
176.7,0.810546875,-236.328125,2.1494921875,-0.411376953125
177.0,0.810546875,201.171875,2.1494921875,-0.53955078125
177.3,0.810546875,-221.6796875,2.1494921875,-0.52978515625
177.6,0.810546875,85.9375,2.1494921875,-0.51513671875
177.9,0.810546875,-125.0,2.1494921875,-0.523681640625
178.2,0.810546875,3.90625,2.1494921875,-0.52490234375
178.5,0.810546875,-36.1328125,2.1494921875,-0.528564453125
178.8,0.810546875,-20.5078125,2.1494921875,-0.5224609375
179.1,0.810546875,-16.6015625,2.13616210937,-0.531005859375
179.4,0.810546875,-15.625,2.1494921875,-0.5224609375
179.7,0.810546875,-16.6015625,2.1494921875,-0.5322265625
180.0,0.810546875,-22.4609375,2.1494921875,-0.40771484375
180.3,0.810546875,-26.3671875,2.1494921875,-0.582275390625
180.6,0.810546875,-16.6015625,2.13616210937,0.474853515625
180.9,0.810546875,-18.5546875,2.1494921875,-0.579833984375
181.2,0.810546875,-25.390625,2.1494921875,0.457763671875
181.5,0.810546875,15.625,2.1494921875,-0.579833984375
181.8,0.810546875,-276.3671875,2.13616210937,0.458984375
182.1,0.810546875,242.1875,2.1494921875,-0.576171875
182.4,0.810546875,-263.671875,2.1494921875,0.3759765625
182.7,0.810546875,157.2265625,2.13616210937,-0.55419921875
183.0,0.810546875,-249.0234375,2.1494921875,-0.518798828125
183.3,0.810546875,136.71875,2.13616210937,-0.537109375
183.6,0.810546875,-209.9609375,2.1494921875,-0.535888671875
183.9,0.810546875,78.125,2.1494921875,-0.521240234375
184.2,0.810546875,-97.65625,2.1494921875,-0.526123046875
184.5,0.810546875,-22.4609375,2.1494921875,-0.518798828125
184.8,0.810546875,-24.4140625,2.13616210937,-0.5224609375
185.1,0.810546875,-24.4140625,2.1494921875,-0.526123046875
185.4,0.810546875,-13.671875,2.1494921875,-0.5126953125
185.7,0.810546875,-19.53125,2.13616210937,-0.496826171875
186.0,0.810546875,-13.671875,2.13616210937,-0.52490234375
186.3,0.810546875,-15.625,2.13616210937,0.086669921875
186.6,0.810546875,-19.53125,2.13616210937,-0.582275390625
186.9,0.810546875,-12.6953125,2.1494921875,0.474853515625
187.2,0.810546875,-5.859375,2.1494921875,-0.582275390625
187.5,0.810546875,-18.5546875,2.1494921875,0.4541015625
187.8,0.810546875,111.328125,2.1494921875,-0.5810546875
188.1,0.810546875,-270.5078125,2.1494921875,0.452880859375
188.4,0.810546875,249.0234375,2.1494921875,-0.576171875
188.7,0.810546875,-266.6015625,2.1494921875,0.260009765625
189.0,0.810546875,150.390625,2.1494921875,-0.557861328125
189.3,0.810546875,-257.8125,2.13616210937,-0.5078125
189.6,0.810546875,121.09375,2.13616210937,-0.53466796875
189.9,0.810546875,-201.171875,2.1494921875,-0.5224609375
190.2,0.810546875,72.265625,2.1494921875,-0.5078125
190.5,0.810546875,-98.6328125,2.1494921875,-0.52490234375
190.8,0.810546875,-10.7421875,2.1494921875,-0.528564453125
191.1,0.810546875,-28.3203125,2.1494921875,-0.5224609375
191.4,0.810546875,-20.5078125,2.13616210937,-0.487060546875
191.7,0.810546875,-15.625,2.1494921875,-0.521240234375
192.0,0.810546875,-22.4609375,2.1494921875,-0.494384765625
192.3,0.810546875,-13.671875,2.13616210937,-0.52001953125
192.6,0.810546875,-18.5546875,2.1494921875,-0.162353515625
192.9,0.810546875,-11.71875,2.1494921875,-0.584716796875
193.2,0.810546875,-20.5078125,2.1494921875,0.477294921875
193.5,0.810546875,-19.53125,2.1494921875,-0.582275390625
193.8,0.810546875,-13.671875,2.1494921875,0.458984375
194.1,0.810546875,41.9921875,2.1494921875,-0.579833984375
194.4,0.810546875,-270.5078125,2.13616210937,0.458984375
194.7,0.810546875,257.8125,2.13616210937,-0.576171875
195.0,0.810546875,-265.625,2.1494921875,0.286865234375
195.3,0.810546875,146.484375,2.1494921875,-0.55908203125
195.6,0.810546875,-249.0234375,2.13616210937,-0.506591796875
195.9,0.810546875,125.0,2.1494921875,-0.526123046875
196.2,0.810546875,-212.890625,2.1494921875,-0.528564453125
196.5,0.810546875,75.1953125,2.1494921875,-0.511474609375
196.8,0.810546875,-94.7265625,2.1494921875,-0.521240234375
197.1,0.810546875,-17.578125,2.1494921875,-0.513916015625
197.4,0.810546875,-18.5546875,2.1494921875,-0.52734375
197.7,0.810546875,-24.4140625,2.13616210937,-0.511474609375
198.0,0.810546875,-16.6015625,2.1494921875,-0.521240234375
198.3,0.810546875,-23.4375,2.13616210937,-0.506591796875
198.6,0.810546875,-18.5546875,2.1494921875,-0.52490234375
198.9,0.810546875,-32.2265625,2.1494921875,-0.009765625
199.2,0.810546875,-10.7421875,2.13616210937,-0.5810546875
199.5,0.810546875,-14.6484375,2.1494921875,0.477294921875
199.8,0.810546875,-25.390625,2.1494921875,-0.5810546875
200.1,0.810546875,-26.3671875,2.13616210937,0.458984375
200.4,0.810546875,37.109375,2.1494921875,-0.579833984375
200.7,0.810546875,-267.578125,2.13616210937,0.457763671875
201.0,0.810546875,250.9765625,2.13616210937,-0.574951171875
201.3,0.810546875,-260.7421875,2.13616210937,0.3955078125
201.6,0.810546875,155.2734375,2.13616210937,-0.5615234375
201.9,0.810546875,-235.3515625,2.13616210937,-0.50048828125
202.2,0.810546875,161.1328125,2.1494921875,-0.535888671875
202.5,0.810546875,-197.265625,2.1494921875,-0.521240234375
202.8,0.810546875,90.8203125,2.1494921875,-0.51513671875
203.1,0.810546875,-117.1875,2.13616210937,-0.521240234375
203.4,0.810546875,-0.9765625,2.1494921875,-0.5126953125
203.7,0.810546875,-38.0859375,2.1494921875,-0.51513671875
204.0,0.810546875,-19.53125,2.1494921875,-0.51513671875
204.3,0.810546875,-17.578125,2.1494921875,-0.52490234375
204.6,0.810546875,-16.6015625,2.1494921875,-0.516357421875
204.9,0.810546875,-8.7890625,2.1494921875,-0.5224609375
205.2,0.810546875,-17.578125,2.1494921875,-0.5224609375
205.5,0.810546875,-8.7890625,2.1494921875,-0.579833984375
205.8,0.810546875,-24.4140625,2.13616210937,0.47607421875
206.1,0.810546875,-22.4609375,2.1494921875,-0.582275390625
206.4,0.810546875,-27.34375,2.1494921875,0.46630859375
206.7,0.810546875,-12.6953125,2.1494921875,-0.57861328125
207.0,0.810546875,-209.9609375,2.1494921875,0.47119140625
207.3,0.810546875,233.3984375,2.1494921875,-0.577392578125
207.6,0.810546875,-258.7890625,2.1494921875,0.430908203125
207.9,0.810546875,205.078125,2.1494921875,-0.56640625
208.2,0.810546875,-221.6796875,2.1494921875,-0.29052734375
208.5,0.810546875,191.40625,2.1494921875,-0.54443359375
208.8,0.810546875,-241.2109375,2.1494921875,-0.526123046875
209.1,0.810546875,104.4921875,2.1494921875,-0.4931640625
209.4,0.810546875,-176.7578125,2.13616210937,-0.526123046875
209.7,0.810546875,26.3671875,2.1494921875,-0.52001953125
210.0,0.810546875,-58.59375,2.13616210937,-0.516357421875
210.3,0.810546875,-20.5078125,2.13616210937,-0.52001953125
210.6,0.810546875,-14.6484375,2.1494921875,-0.511474609375
210.9,0.810546875,-19.53125,2.13616210937,-0.521240234375
211.2,0.810546875,-24.4140625,2.1494921875,-0.51513671875
211.5,0.810546875,-25.390625,2.13616210937,-0.521240234375
211.8,0.810546875,-20.5078125,2.13616210937,-0.5322265625
212.1,0.810546875,-22.4609375,2.13616210937,0.477294921875
212.4,0.810546875,-16.6015625,2.13616210937,-0.582275390625
212.7,0.810546875,-15.625,2.1494921875,0.474853515625
213.0,0.810546875,-18.5546875,2.1494921875,-0.5810546875
213.3,0.810546875,-17.578125,2.13616210937,0.44921875
213.6,0.810546875,119.140625,2.13616210937,-0.579833984375
213.9,0.810546875,-270.5078125,2.1494921875,0.455322265625
214.2,0.810546875,247.0703125,2.13616210937,-0.576171875
214.5,0.810546875,-276.3671875,2.1494921875,0.421142578125
214.8,0.810546875,176.7578125,2.13616210937,-0.56396484375
215.1,0.810546875,-233.3984375,2.1494921875,-0.38330078125
215.4,0.810546875,196.2890625,2.1494921875,-0.538330078125
215.7,0.810546875,-224.609375,2.1494921875,-0.52490234375
216.0,0.810546875,97.65625,2.1494921875,-0.499267578125
216.3,0.810546875,-171.875,2.1494921875,-0.5224609375
216.6,0.810546875,39.0625,2.13616210937,-0.52734375
216.9,0.810546875,-31.25,2.13616210937,-0.523681640625
217.2,0.810546875,-26.3671875,2.1494921875,-0.52734375
217.5,0.810546875,-27.34375,2.1494921875,-0.5224609375
217.8,0.810546875,-20.5078125,2.1494921875,-0.50537109375
218.1,0.810546875,-24.4140625,2.1494921875,-0.50537109375
218.4,0.810546875,-15.625,2.1494921875,-0.531005859375
218.7,0.810546875,-20.5078125,2.1494921875,-0.400390625
219.0,0.810546875,-6.8359375,2.1494921875,-0.58349609375
219.3,0.810546875,-12.6953125,2.13616210937,0.477294921875
219.6,0.810546875,-7.8125,2.1494921875,-0.582275390625
219.9,0.810546875,-14.6484375,2.1494921875,0.47119140625
220.2,0.810546875,-10.7421875,2.1494921875,-0.57861328125
220.5,0.810546875,-84.9609375,2.1494921875,0.46142578125
220.8,0.810546875,285.15625,2.1494921875,-0.576171875
221.1,0.810546875,-273.4375,2.13616210937,0.44189453125
221.4,0.810546875,206.0546875,2.13616210937,-0.574951171875
221.7,0.810546875,-253.90625,2.1494921875,0.157470703125
222.0,0.810546875,125.9765625,2.1494921875,-0.552978515625
222.3,0.810546875,-243.1640625,2.13616210937,-0.518798828125
222.6,0.810546875,136.71875,2.1494921875,-0.537109375
222.9,0.810546875,-212.890625,2.1494921875,-0.511474609375
223.2,0.810546875,-134.765625,2.12283203125,-0.51513671875
223.5,0.810546875,-69.3359375,2.1494921875,-0.521240234375
223.8,0.810546875,-19.53125,2.1494921875,-0.52734375
224.1,0.810546875,-11.71875,2.1494921875,-0.517578125
224.4,0.810546875,-18.5546875,2.13616210937,-0.52734375
224.7,0.810546875,-16.6015625,2.1494921875,-0.52001953125
225.0,0.810546875,-20.5078125,2.13616210937,-0.52490234375
225.3,0.810546875,-9.765625,2.1494921875,-0.5322265625
225.6,0.810546875,-24.4140625,2.1494921875,-0.028076171875
225.9,0.810546875,-24.4140625,2.13616210937,-0.582275390625
226.2,0.810546875,-14.6484375,2.1494921875,0.478515625
226.5,0.810546875,-21.484375,2.1494921875,-0.582275390625
226.8,0.810546875,-22.4609375,2.1494921875,0.46630859375
227.1,0.810546875,-18.5546875,2.1494921875,-0.574951171875
227.4,0.810546875,-166.9921875,2.1494921875,0.46875
227.7,0.810546875,252.9296875,2.13616210937,-0.57861328125
228.0,0.810546875,-263.671875,2.13616210937,0.42724609375
228.3,0.810546875,217.7734375,2.1494921875,-0.5712890625
228.6,0.810546875,-256.8359375,2.1494921875,0.064697265625
228.9,0.810546875,142.578125,2.1494921875,-0.543212890625
229.2,0.810546875,-262.6953125,2.1494921875,-0.51513671875
229.5,0.810546875,-210.9375,2.1494921875,-0.52001953125
229.8,0.810546875,-93.75,2.1494921875,-0.51513671875
230.1,0.810546875,-28.3203125,2.16282226563,-0.518798828125
230.4,0.810546875,-13.671875,2.13616210937,-0.52001953125
230.7,0.810546875,-11.71875,2.13616210937,-0.52978515625
231.0,0.810546875,-17.578125,2.1494921875,-0.54931640625
231.3,0.810546875,-14.6484375,2.1494921875,-0.582275390625
231.6,0.810546875,-17.578125,2.1494921875,-0.5810546875
231.9,0.810546875,-9.765625,2.13616210937,0.452880859375
232.2,0.810546875,187.5,2.1494921875,0.45654296875
232.5,0.810546875,257.8125,2.1494921875,0.34912109375
232.8,0.810546875,164.0625,2.13616210937,-0.4638671875
233.1,0.810546875,197.265625,2.1494921875,-0.526123046875
233.4,0.810546875,94.7265625,2.1494921875,-0.531005859375
233.7,0.810546875,42.96875,2.1494921875,-0.53466796875
234.0,0.810546875,-25.390625,2.1494921875,-0.523681640625
234.3,0.810546875,-19.53125,2.1494921875,-0.528564453125
234.6,0.810546875,-17.578125,2.1494921875,-0.52001953125
234.9,0.810546875,-33.203125,2.1494921875,-0.579833984375
235.2,0.810546875,-24.4140625,2.1494921875,-0.582275390625
235.5,0.810546875,-19.53125,2.13616210937,-0.57861328125
235.8,0.810546875,-245.1171875,2.1494921875,-0.576171875
236.1,0.810546875,-260.7421875,2.1494921875,-0.5712890625
236.4,0.810546875,-257.8125,2.1494921875,-0.54443359375
236.7,0.810546875,-217.7734375,2.13616210937,-0.513916015625
237.0,0.810546875,-213.8671875,2.1494921875,-0.523681640625
237.3,0.810546875,-77.1484375,2.1494921875,-0.517578125
237.6,0.810546875,-31.25,2.13616210937,-0.5224609375
237.9,0.810546875,-28.3203125,2.1494921875,-0.5224609375
238.2,0.810546875,-20.5078125,2.13616210937,-0.419921875
238.5,0.810546875,-17.578125,2.1494921875,0.4736328125
238.8,0.810546875,-26.3671875,2.13616210937,0.47119140625
239.1,0.810546875,-17.578125,2.1494921875,-0.574951171875
239.4,0.810546875,-209.9609375,2.1494921875,-0.577392578125
239.7,0.810546875,-270.5078125,2.1494921875,-0.562744140625
240.0,0.810546875,-242.1875,2.1494921875,-0.546875
240.3,0.810546875,-238.28125,2.1494921875,-0.51513671875
240.6,0.810546875,-202.1484375,2.1494921875,-0.513916015625
240.9,0.810546875,-58.59375,2.1494921875,-0.52734375
241.2,0.810546875,-19.53125,2.1494921875,-0.52490234375
241.5,0.810546875,-17.578125,2.1494921875,-0.5224609375
241.8,0.810546875,-24.4140625,2.1494921875,-0.52490234375
242.1,0.810546875,-22.4609375,2.13616210937,-0.58349609375
242.4,0.810546875,-12.6953125,2.1494921875,-0.579833984375
242.7,0.810546875,-19.53125,2.1494921875,-0.579833984375
243.0,0.810546875,-265.625,2.1494921875,-0.57373046875
243.3,0.810546875,-261.71875,2.1494921875,-0.5615234375
243.6,0.810546875,-249.0234375,2.1494921875,-0.533447265625
243.9,0.810546875,-227.5390625,2.1494921875,-0.5224609375
244.2,0.810546875,-142.578125,2.1494921875,-0.5224609375
244.5,0.810546875,-41.015625,2.1494921875,-0.504150390625
244.8,0.810546875,-6.8359375,2.1494921875,-0.511474609375
245.1,0.810546875,-8.7890625,2.1494921875,-0.52490234375
245.4,0.810546875,-13.671875,2.1494921875,-0.52001953125
245.7,0.810546875,-8.7890625,2.1494921875,-0.577392578125
246.0,0.810546875,-17.578125,2.13616210937,0.474853515625
246.3,0.810546875,-19.53125,2.1494921875,-0.582275390625
246.6,0.810546875,-23.4375,2.13616210937,0.4638671875
246.9,0.810546875,-4.8828125,2.13616210937,-0.579833984375
247.2,0.810546875,-278.3203125,2.12283203125,0.462646484375
247.5,0.810546875,248.046875,2.13616210937,0.4296875
247.8,0.810546875,166.9921875,2.1494921875,-0.565185546875
248.1,0.810546875,-241.2109375,2.13616210937,-0.537109375
248.4,0.810546875,-223.6328125,2.1494921875,-0.53466796875
248.7,0.810546875,93.75,2.13616210937,-0.506591796875
249.0,0.810546875,-125.0,2.1494921875,-0.52978515625
249.3,0.810546875,0.9765625,2.1494921875,-0.52490234375
249.6,0.810546875,-30.2734375,2.1494921875,-0.531005859375
249.9,0.810546875,-10.7421875,2.13616210937,-0.5126953125
250.2,0.810546875,-22.4609375,2.1494921875,-0.521240234375
250.5,0.810546875,-13.671875,2.1494921875,-0.509033203125
250.8,0.810546875,-19.53125,2.13616210937,-0.526123046875
251.1,0.810546875,-11.71875,2.1494921875,-0.582275390625
251.4,0.810546875,-12.6953125,2.1494921875,0.4736328125
251.7,0.810546875,-12.6953125,2.1494921875,-0.5810546875
252.0,0.810546875,-30.2734375,2.13616210937,-0.579833984375
252.3,0.810546875,-266.6015625,2.1494921875,0.44677734375
252.6,0.810546875,232.421875,2.13616210937,0.04150390625
252.9,0.810546875,164.0625,2.13616210937,-0.526123046875
253.2,0.810546875,100.5859375,2.1494921875,-0.531005859375
253.5,0.810546875,54.6875,2.1494921875,-0.518798828125
253.8,0.810546875,-27.34375,2.1494921875,-0.521240234375
254.1,0.810546875,-3.90625,2.1494921875,-0.51513671875
254.4,0.810546875,-21.484375,2.13616210937,-0.523681640625
254.7,0.810546875,-22.4609375,2.1494921875,0.478515625
255.0,0.810546875,-19.53125,2.1494921875,0.474853515625
255.3,0.810546875,-12.6953125,2.1494921875,0.445556640625
255.6,0.810546875,282.2265625,2.1494921875,0.43212890625
255.9,0.810546875,215.8203125,2.13616210937,0.06103515625
256.2,0.810546875,139.6484375,2.1494921875,-0.5078125
256.5,0.810546875,124.0234375,2.13616210937,-0.52734375
256.8,0.810546875,59.5703125,2.1494921875,-0.531005859375
257.1,0.810546875,-26.3671875,2.1494921875,-0.52001953125
257.4,0.810546875,-30.2734375,2.1494921875,-0.526123046875
257.7,0.810546875,-8.7890625,2.13616210937,-0.52978515625
258.0,0.810546875,-22.4609375,2.1494921875,-0.5810546875
258.3,0.810546875,-27.34375,2.1494921875,-0.579833984375
258.6,0.810546875,-12.6953125,2.13616210937,-0.5810546875
258.9,0.810546875,-267.578125,2.1494921875,-0.574951171875
259.2,0.810546875,-251.953125,2.1494921875,-0.550537109375
259.5,0.810546875,-249.0234375,2.1494921875,-0.521240234375
259.8,0.810546875,-210.9375,2.1494921875,-0.52978515625
260.1,0.810546875,-83.984375,2.13616210937,-0.511474609375
260.4,0.810546875,-17.578125,2.1494921875,-0.513916015625
260.7,0.810546875,-26.3671875,2.13616210937,-0.52490234375
261.0,0.810546875,-16.6015625,2.1494921875,0.123291015625
261.3,0.810546875,-24.4140625,2.1494921875,0.474853515625
261.6,0.810546875,-16.6015625,2.1494921875,0.45654296875
261.9,0.810546875,140.625,2.1494921875,0.450439453125
262.2,0.810546875,228.515625,2.1494921875,0.299072265625
262.5,0.810546875,143.5546875,2.13616210937,-0.5126953125
262.8,0.810546875,131.8359375,2.13616210937,-0.521240234375
263.1,0.810546875,66.40625,2.1494921875,-0.52001953125
263.4,0.810546875,-84.9609375,2.1494921875,-0.518798828125
263.7,0.810546875,-25.390625,2.1494921875,-0.528564453125
264.0,0.810546875,-11.71875,2.13616210937,-0.521240234375
264.3,0.810546875,-10.7421875,2.1494921875,-0.5810546875
264.6,0.810546875,-20.5078125,2.13616210937,-0.5810546875
264.9,0.810546875,-23.4375,2.13616210937,0.452880859375
265.2,0.810546875,28.3203125,2.1494921875,0.46875
265.5,0.810546875,272.4609375,2.13616210937,0.4296875
265.8,0.810546875,166.9921875,2.13616210937,-0.38330078125
266.1,0.810546875,199.21875,2.1494921875,-0.53955078125
266.4,0.810546875,-219.7265625,2.1494921875,-0.52001953125
266.7,0.810546875,98.6328125,2.1494921875,-0.5322265625
267.0,0.810546875,-7.8125,2.1494921875,-0.51025390625
267.3,0.810546875,-33.203125,2.13616210937,-0.523681640625
267.6,0.810546875,-38.0859375,2.13616210937,-0.5224609375
