0,1,2,-0.18046875
0,1,2,-0.17802734375
0,1,2,-0.17802734375
0,1,2,-0.18046875
0,1,2,-0.17802734375
0,1,2,-0.18046875
0,1,2,-0.17802734375
0,1,2,-0.18046875
0,1,2,-0.18046875
0,1,2,-0.18291015625
0,1,2,-0.18046875
0,1,2,-0.18046875
0,1,2,-0.1755859375
0,1,2,-0.17802734375
0,1,2,-0.18046875
0,1,2,-0.17802734375
0,1,2,-0.18046875
0,1,2,-0.18046875
0,1,2,-0.18046875
0,1,2,-0.18046875
0,1,2,-0.18046875
0,1,2,-0.18046875
0,1,2,-0.17802734375
0,1,2,-0.1755859375
0,1,2,-0.17802734375
0,1,2,-0.17802734375
0,1,2,-0.18046875
0,1,2,-0.18046875
0,1,2,-0.18046875
0,1,2,-0.18046875
0,1,2,-0.18046875
0,1,2,-0.17802734375
0,1,2,-0.18046875
0,1,2,-0.18046875
0,1,2,-0.17314453125
0,1,2,-0.1755859375
0,1,2,-0.18046875
0,1,2,-0.18046875
0,1,2,-0.18291015625
0,1,2,-0.18046875
0,1,2,-0.18046875
0,1,2,-0.18046875
0,1,2,-0.17802734375
0,1,2,-0.17802734375
0,1,2,-0.17802734375
0,1,2,-0.18046875
0,1,2,-0.18046875
0,1,2,-0.17802734375
0,1,2,-0.18046875
0,1,2,-0.18046875
0,1,2,-0.18046875
0,1,2,-0.18046875
0,1,2,-0.18046875
0,1,2,-0.1755859375
0,1,2,-0.18046875
0,1,2,-0.18046875
0,1,2,-0.17802734375
0,1,2,-0.18291015625
0,1,2,-0.18046875
0,1,2,-0.18046875
0,1,2,-0.18046875
0,1,2,-0.17802734375
0,1,2,-0.18046875
0,1,2,-0.18046875
0,1,2,-0.1755859375
0,1,2,-0.18046875
0,1,2,-0.17802734375
0,1,2,-0.17802734375
0,1,2,-0.18291015625
0,1,2,-0.18046875
0,1,2,-0.18046875
0,1,2,-0.18046875
0,1,2,-0.1755859375
0,1,2,-0.18046875
0,1,2,-0.18046875
0,1,2,-0.18046875
0,1,2,-0.18046875
0,1,2,-0.18046875
0,1,2,-0.17802734375
0,1,2,-0.18046875
0,1,2,-0.18046875
0,1,2,-0.17802734375
0,1,2,-0.18046875
0,1,2,-0.1755859375
0,1,2,-0.17802734375
0,1,2,-0.18046875
0,1,2,-0.17802734375
0,1,2,-0.18291015625
0,1,2,-0.18046875
0,1,2,-0.17802734375
0,1,2,-0.18046875
0,1,2,-0.18046875
0,1,2,-0.18046875
0,1,2,-0.18046875
0,1,2,-0.1755859375
0,1,2,-0.17802734375
0,1,2,-0.18046875
0,1,2,-0.17802734375
0,1,2,-0.18046875
0,1,2,-0.18046875
0,1,2,-0.18046875
0,1,2,-0.18046875
0,1,2,-0.18046875
0,1,2,-0.18046875
0,1,2,-0.18046875
0,1,2,-0.1755859375
0,1,2,-0.18046875
0,1,2,-0.17802734375
0,1,2,-0.18046875
0,1,2,-0.18046875
0,1,2,-0.18046875
0,1,2,-0.17802734375
0,1,2,-0.18046875
0,1,2,-0.18046875
0,1,2,-0.18046875
0,1,2,-0.18046875
0,1,2,-0.17802734375
0,1,2,-0.18046875
0,1,2,-0.18046875
0,1,2,-0.1755859375
0,1,2,-0.17802734375
0,1,2,-0.18046875
0,1,2,-0.17802734375
0,1,2,-0.18291015625
0,1,2,-0.17802734375
0,1,2,-0.18046875
0,1,2,-0.18046875
0,1,2,-0.17802734375
0,1,2,-0.18046875
0,1,2,-0.18046875
0,1,2,-0.17802734375
0,1,2,-0.18046875
0,1,2,-0.18046875
0,1,2,-0.17314453125
0,1,2,-0.18046875
0,1,2,-0.18046875
0,1,2,-0.17802734375
0,1,2,-0.18291015625
0,1,2,-0.18046875
0,1,2,-0.18046875
0,1,2,-0.18046875
0,1,2,-0.18046875
0,1,2,-0.18046875
0,1,2,-0.18046875
0,1,2,-0.17314453125
0,1,2,-0.18046875
0,1,2,-0.17802734375
0,1,2,-0.1755859375
0,1,2,-0.17802734375
0,1,2,-0.17802734375
0,1,2,-0.18046875
0,1,2,-0.18046875
0,1,2,-0.17802734375
0,1,2,-0.18046875
0,1,2,-0.18291015625
0,1,2,-0.18291015625
0,1,2,-0.18046875
0,1,2,-0.18046875
0,1,2,-0.17802734375
0,1,2,-0.18046875
0,1,2,-0.18046875
0,1,2,-0.1755859375
0,1,2,-0.17802734375
0,1,2,-0.18046875
0,1,2,-0.17802734375
0,1,2,-0.18046875
0,1,2,-0.17802734375
0,1,2,-0.18046875
0,1,2,-0.18046875
0,1,2,-0.18291015625
0,1,2,-0.17802734375
0,1,2,-0.18046875
0,1,2,-0.1755859375
0,1,2,-0.17802734375
0,1,2,-0.18046875
0,1,2,-0.17314453125
0,1,2,-0.1755859375
0,1,2,-0.18046875
0,1,2,-0.18046875
0,1,2,-0.17802734375
0,1,2,-0.18046875
0,1,2,-0.17802734375
0,1,2,-0.18291015625
0,1,2,-0.18046875
0,1,2,-0.17802734375
0,1,2,-0.17802734375
0,1,2,-0.17802734375
0,1,2,-0.18046875
0,1,2,-0.18046875
0,1,2,-0.1755859375
0,1,2,-0.17802734375
0,1,2,-0.18046875
0,1,2,-0.18046875
0,1,2,-0.18046875
0,1,2,-0.17802734375
0,1,2,-0.17802734375
0,1,2,-0.18291015625
0,1,2,-0.18291015625
0,1,2,-0.18046875
0,1,2,-0.18046875
0,1,2,-0.18046875
0,1,2,-0.18046875
0,1,2,-0.18046875
0,1,2,-0.17314453125
0,1,2,-0.17802734375
0,1,2,-0.18046875
0,1,2,-0.17802734375
0,1,2,-0.18046875
0,1,2,-0.17802734375
0,1,2,-0.18046875
0,1,2,-0.18291015625
0,1,2,-0.18046875
0,1,2,-0.17802734375
0,1,2,-0.18046875
0,1,2,-0.18046875
0,1,2,-0.18046875
0,1,2,-0.18046875
0,1,2,-0.17802734375
0,1,2,-0.18046875
0,1,2,-0.18046875
0,1,2,-0.17802734375
0,1,2,-0.18046875
0,1,2,-0.18046875
0,1,2,-0.18046875
0,1,2,-0.18291015625
0,1,2,-0.18046875
0,1,2,-0.18046875
0,1,2,-0.18046875
0,1,2,-0.18046875
0,1,2,-0.18046875
0,1,2,-0.18046875
0,1,2,-0.1755859375
0,1,2,-0.17802734375
0,1,2,-0.18046875
0,1,2,-0.1755859375
0,1,2,-0.18046875
0,1,2,-0.17802734375
0,1,2,-0.17802734375
0,1,2,-0.18291015625
0,1,2,-0.18046875
0,1,2,-0.17802734375
0,1,2,-0.18046875
0,1,2,-0.18046875
0,1,2,-0.18046875
0,1,2,-0.18046875
0,1,2,-0.1755859375
0,1,2,-0.17802734375
0,1,2,-0.18046875
0,1,2,-0.17802734375
0,1,2,-0.18046875
0,1,2,-0.18046875
0,1,2,-0.1755859375
0,1,2,-0.18046875
0,1,2,-0.18291015625
0,1,2,-0.18046875
0,1,2,-0.18046875
0,1,2,-0.1755859375
0,1,2,-0.18046875
0,1,2,-0.17802734375
0,1,2,-0.17314453125
0,1,2,-0.17802734375
0,1,2,-0.18046875
0,1,2,-0.18046875
0,1,2,-0.18046875
0,1,2,-0.18046875
0,1,2,-0.18046875
0,1,2,-0.18291015625
0,1,2,-0.18046875
0,1,2,-0.17802734375
0,1,2,-0.18046875
0,1,2,-0.17802734375
0,1,2,-0.17802734375
0,1,2,-0.17802734375
0,1,2,-0.17314453125
0,1,2,-0.17802734375
0,1,2,-0.17802734375
0,1,2,-0.17802734375
