0.0,0.0244140625,41.9921875,2.61604492187,-0.875244140625
0.3,0.0244140625,41.9921875,2.629375,-0.87646484375
0.6,0.0244140625,41.015625,2.629375,-0.87646484375
0.9,0.0244140625,40.0390625,2.629375,-0.875244140625
1.2,0.01953125,43.9453125,2.629375,-0.87646484375
1.5,0.029296875,41.9921875,2.629375,-0.875244140625
1.8,0.0244140625,41.9921875,2.64270507812,-0.875244140625
2.1,0.0244140625,41.9921875,2.629375,-0.875244140625
2.4,0.0244140625,41.9921875,2.629375,-0.875244140625
2.7,0.0244140625,42.96875,2.61604492187,-0.875244140625
3.0,0.01953125,41.9921875,2.629375,-0.87646484375
3.3,0.01953125,41.9921875,2.64270507812,-0.875244140625
3.6,0.0244140625,42.96875,2.629375,-0.87646484375
3.9,0.0244140625,41.9921875,2.629375,-0.8740234375
4.2,0.0244140625,41.9921875,2.64270507812,-0.875244140625
4.5,0.01953125,41.015625,2.61604492187,-0.875244140625
4.8,0.0244140625,41.9921875,2.629375,-0.875244140625
5.1,0.01953125,41.015625,2.629375,-0.875244140625
5.4,0.0244140625,42.96875,2.629375,-0.875244140625
5.7,0.0244140625,41.9921875,2.629375,-0.875244140625
6.0,0.0244140625,42.96875,2.629375,-0.875244140625
6.3,0.0244140625,41.9921875,2.629375,-0.875244140625
6.6,0.0244140625,41.9921875,2.629375,-0.875244140625
6.9,0.0244140625,41.9921875,2.629375,-0.875244140625
7.2,0.0244140625,41.9921875,2.629375,-0.875244140625
7.5,0.0244140625,41.9921875,2.629375,-0.875244140625
7.8,0.0244140625,43.9453125,2.629375,-0.875244140625
8.1,0.0244140625,41.9921875,2.61604492187,-0.875244140625
8.4,0.029296875,41.9921875,2.629375,-0.875244140625
8.7,0.01953125,41.9921875,2.629375,-0.87646484375
9.0,0.0244140625,41.9921875,2.629375,-0.87646484375
9.3,0.0244140625,42.96875,2.629375,-0.875244140625
9.6,0.0244140625,42.96875,2.629375,-0.875244140625
9.9,0.01953125,42.96875,2.629375,-0.875244140625
10.2,0.01953125,41.9921875,2.629375,-0.875244140625
10.5,0.0244140625,42.96875,2.629375,-0.875244140625
10.8,0.0244140625,42.96875,2.64270507812,-0.875244140625
11.1,0.0244140625,41.9921875,2.61604492187,-0.875244140625
11.4,0.0244140625,41.9921875,2.629375,-0.875244140625
11.7,0.029296875,42.96875,2.61604492187,-0.875244140625
12.0,0.0244140625,41.015625,2.629375,-0.875244140625
12.3,0.0244140625,42.96875,2.64270507812,-0.875244140625
12.6,0.01953125,42.96875,2.64270507812,-0.87646484375
12.9,0.0244140625,41.015625,2.629375,-0.875244140625
13.2,0.01953125,42.96875,2.629375,-0.875244140625
13.5,0.01953125,43.9453125,2.64270507812,-0.87646484375
13.8,0.0244140625,41.015625,2.629375,-0.875244140625
14.1,0.0244140625,42.96875,2.629375,-0.87646484375
14.4,0.0244140625,42.96875,2.629375,-0.875244140625
14.7,0.0244140625,41.015625,2.629375,-0.87646484375
15.0,0.0244140625,41.9921875,2.629375,-0.8740234375
15.3,0.0244140625,42.96875,2.629375,-0.875244140625
15.6,0.01953125,41.9921875,2.629375,-0.8740234375
15.9,0.0244140625,41.9921875,2.629375,-0.87646484375
16.2,0.0244140625,41.9921875,2.629375,-0.8740234375
16.5,0.0244140625,41.015625,2.64270507812,-0.875244140625
16.8,0.0244140625,41.9921875,2.64270507812,-0.875244140625
17.1,0.0244140625,41.9921875,2.629375,-0.875244140625
17.4,0.0244140625,43.9453125,2.629375,-0.875244140625
17.7,0.0244140625,41.9921875,2.629375,-0.875244140625
18.0,0.029296875,41.015625,2.64270507812,-0.87646484375
18.3,0.0244140625,43.9453125,2.629375,-0.87646484375
18.6,0.029296875,41.9921875,2.629375,-0.875244140625
18.9,0.0244140625,41.9921875,2.629375,-0.875244140625
19.2,0.01953125,43.9453125,2.629375,-0.875244140625
19.5,0.0244140625,41.015625,2.61604492187,-0.875244140625
19.8,0.01953125,40.0390625,2.629375,-0.875244140625
20.1,0.0244140625,42.96875,2.629375,-0.87646484375
20.4,0.0244140625,42.96875,2.629375,-0.8740234375
20.7,0.0244140625,41.9921875,2.629375,-0.8740234375
21.0,0.01953125,41.9921875,2.629375,-0.875244140625
21.3,0.0244140625,41.9921875,2.629375,-0.875244140625
21.6,0.0244140625,41.9921875,2.61604492187,-0.875244140625
21.9,0.01953125,41.9921875,2.64270507812,-0.87646484375
22.2,0.0244140625,41.9921875,2.629375,-0.875244140625
22.5,0.0244140625,41.9921875,2.64270507812,-0.875244140625
22.8,0.0244140625,41.9921875,2.629375,-0.8740234375
23.1,0.01953125,42.96875,2.629375,-0.875244140625
23.4,0.0244140625,41.9921875,2.629375,-0.8740234375
23.7,0.0244140625,41.9921875,2.629375,-0.875244140625
24.0,0.01953125,41.015625,2.629375,-0.875244140625
24.3,0.0244140625,41.015625,2.64270507812,-0.87646484375
24.6,0.0244140625,42.96875,2.629375,-0.875244140625
24.9,0.0244140625,41.9921875,2.64270507812,-0.875244140625
25.2,0.0244140625,43.9453125,2.629375,-0.875244140625
25.5,0.0244140625,42.96875,2.64270507812,-0.87646484375
25.8,0.0244140625,42.96875,2.629375,-0.875244140625
26.1,0.0244140625,42.96875,2.64270507812,-0.87646484375
26.4,0.0244140625,41.9921875,2.629375,-0.87646484375
26.7,0.0244140625,41.9921875,2.629375,-0.87646484375
27.0,0.0244140625,41.9921875,2.629375,-0.875244140625
27.3,0.0244140625,41.9921875,2.64270507812,-0.875244140625
27.6,0.0244140625,41.9921875,2.629375,-0.875244140625
27.9,0.0244140625,42.96875,2.64270507812,-0.875244140625
28.2,0.0244140625,41.9921875,2.629375,-0.875244140625
28.5,0.0244140625,41.9921875,2.629375,-0.875244140625
28.8,0.0244140625,43.9453125,2.629375,-0.875244140625
29.1,0.01953125,41.9921875,2.629375,-0.875244140625
29.4,0.0244140625,42.96875,2.629375,-0.87646484375
29.7,0.0244140625,41.9921875,2.629375,-0.875244140625
30.0,0.0244140625,41.9921875,2.629375,-0.875244140625
30.3,0.0244140625,41.9921875,2.629375,-0.875244140625
30.6,0.029296875,41.015625,2.629375,-0.875244140625
30.9,0.0244140625,41.9921875,2.629375,-0.87646484375
31.2,0.0244140625,42.96875,2.629375,-0.8740234375
31.5,0.0244140625,41.9921875,2.629375,-0.875244140625
31.8,0.0244140625,41.9921875,2.629375,-0.875244140625
32.1,0.0244140625,41.9921875,2.629375,-0.875244140625
32.4,0.0244140625,41.9921875,2.629375,-0.875244140625
32.7,0.029296875,41.015625,2.629375,-0.87646484375
33.0,0.0244140625,42.96875,2.629375,-0.87646484375
33.3,0.0244140625,41.015625,2.629375,-0.875244140625
33.6,0.0244140625,41.9921875,2.629375,-0.87646484375
33.9,0.0244140625,42.96875,2.629375,-0.875244140625
34.2,0.0244140625,41.015625,2.64270507812,-0.875244140625
34.5,0.0244140625,41.9921875,2.629375,-0.875244140625
34.8,0.0244140625,41.9921875,2.64270507812,-0.875244140625
35.1,0.0244140625,41.9921875,2.64270507812,-0.87646484375
35.4,0.0244140625,41.9921875,2.629375,-0.875244140625
35.7,0.0244140625,41.9921875,2.629375,-0.875244140625
36.0,0.0244140625,41.9921875,2.629375,-0.875244140625
36.3,0.01953125,41.015625,2.629375,-0.875244140625
36.6,0.0244140625,41.9921875,2.629375,-0.875244140625
36.9,0.0244140625,41.9921875,2.64270507812,-0.875244140625
37.2,0.0244140625,42.96875,2.61604492187,-0.875244140625
37.5,0.0244140625,41.9921875,2.629375,-0.87646484375
37.8,0.0244140625,42.96875,2.629375,-0.875244140625
38.1,0.0244140625,41.9921875,2.629375,-0.875244140625
38.4,0.01953125,41.9921875,2.629375,-0.875244140625
38.7,0.0244140625,41.9921875,2.629375,-0.87646484375
39.0,0.0244140625,40.0390625,2.629375,-0.875244140625
39.3,0.0244140625,41.9921875,2.629375,-0.8740234375
39.6,0.0244140625,41.9921875,2.629375,-0.875244140625
39.9,0.0244140625,42.96875,2.629375,-0.875244140625
40.2,0.0244140625,41.9921875,2.629375,-0.87646484375
40.5,0.0244140625,41.9921875,2.629375,-0.875244140625
40.8,0.0244140625,42.96875,2.629375,-0.875244140625
41.1,0.01953125,41.9921875,2.629375,-0.875244140625
41.4,0.0244140625,41.9921875,2.629375,-0.875244140625
41.7,0.01953125,44.921875,2.629375,-0.87646484375
42.0,0.0244140625,42.96875,2.629375,-0.875244140625
42.3,0.0244140625,41.9921875,2.629375,-0.875244140625
42.6,0.0244140625,42.96875,2.629375,-0.8740234375
42.9,0.01953125,41.015625,2.629375,-0.87646484375
43.2,0.0244140625,41.015625,2.61604492187,-0.875244140625
43.5,0.0244140625,42.96875,2.629375,-0.87646484375
43.8,0.01953125,40.0390625,2.61604492187,-0.875244140625
44.1,0.0244140625,41.9921875,2.64270507812,-0.87646484375
44.4,0.01953125,41.9921875,2.61604492187,-0.875244140625
44.7,0.01953125,42.96875,2.629375,-0.875244140625
45.0,0.0244140625,41.9921875,2.629375,-0.87646484375
45.3,0.0244140625,42.96875,2.629375,-0.875244140625
45.6,0.0244140625,42.96875,2.64270507812,-0.875244140625
45.9,0.0244140625,42.96875,2.629375,-0.875244140625
46.2,0.0244140625,42.96875,2.629375,-0.875244140625
46.5,0.0244140625,41.9921875,2.629375,-0.875244140625
46.8,0.0244140625,41.9921875,2.629375,-0.875244140625
47.1,0.029296875,41.9921875,2.629375,-0.875244140625
47.4,0.0244140625,41.9921875,2.629375,-0.875244140625
47.7,0.01953125,41.9921875,2.629375,-0.875244140625
48.0,0.0244140625,41.9921875,2.629375,-0.875244140625
48.3,0.0244140625,41.9921875,2.629375,-0.875244140625
48.6,0.0244140625,41.9921875,2.629375,-0.87646484375
48.9,0.0244140625,41.9921875,2.64270507812,-0.875244140625
49.2,0.0244140625,41.015625,2.64270507812,-0.875244140625
49.5,0.01953125,41.9921875,2.61604492187,-0.875244140625
49.8,0.0244140625,41.9921875,2.64270507812,-0.87646484375
50.1,0.0244140625,44.921875,2.629375,-0.875244140625
50.4,0.01953125,42.96875,2.64270507812,-0.875244140625
50.7,0.0244140625,41.9921875,2.64270507812,-0.875244140625
51.0,0.0244140625,42.96875,2.64270507812,-0.87646484375
51.3,0.01953125,41.015625,2.629375,-0.875244140625
51.6,0.01953125,41.9921875,2.64270507812,-0.87646484375
51.9,0.0244140625,41.9921875,2.629375,-0.875244140625
52.2,0.0244140625,41.9921875,2.64270507812,-0.875244140625
52.5,0.0244140625,41.9921875,2.629375,-0.87646484375
52.8,0.01953125,42.96875,2.629375,-0.875244140625
53.1,0.0244140625,41.9921875,2.629375,-0.875244140625
53.4,0.0244140625,41.9921875,2.629375,-0.875244140625
53.7,0.029296875,41.9921875,2.629375,-0.875244140625
54.0,0.0244140625,41.9921875,2.629375,-0.875244140625
54.3,0.029296875,42.96875,2.629375,-0.875244140625
54.6,0.0244140625,41.9921875,2.61604492187,-0.875244140625
54.9,0.0244140625,41.9921875,2.64270507812,-0.87646484375
55.2,0.0244140625,41.9921875,2.629375,-0.875244140625
55.5,0.0244140625,41.9921875,2.629375,-0.875244140625
55.8,0.0244140625,42.96875,2.61604492187,-0.875244140625
56.1,0.0244140625,42.96875,2.629375,-0.87646484375
56.4,0.0244140625,41.015625,2.629375,-0.875244140625
56.7,0.0244140625,42.96875,2.64270507812,-0.87646484375
57.0,0.01953125,41.015625,2.629375,-0.875244140625
57.3,0.01953125,42.96875,2.629375,-0.875244140625
57.6,0.01953125,41.9921875,2.629375,-0.87646484375
57.9,0.0244140625,42.96875,2.61604492187,-0.87646484375
58.2,0.0244140625,41.015625,2.629375,-0.875244140625
58.5,0.0244140625,41.9921875,2.629375,-0.875244140625
58.8,0.0244140625,41.9921875,2.64270507812,-0.875244140625
59.1,0.0244140625,43.9453125,2.629375,-0.875244140625
59.4,0.0244140625,41.9921875,2.64270507812,-0.87646484375
59.7,0.0244140625,42.96875,2.629375,-0.875244140625
60.0,0.0244140625,41.9921875,2.64270507812,-0.87646484375
60.3,0.0244140625,42.96875,2.629375,-0.875244140625
60.6,0.0244140625,41.9921875,2.629375,-0.875244140625
60.9,0.029296875,41.015625,2.629375,-0.875244140625
61.2,0.0244140625,41.015625,2.629375,-0.875244140625
61.5,0.0244140625,41.9921875,2.629375,-0.875244140625
61.8,0.0244140625,43.9453125,2.629375,-0.875244140625
62.1,0.0244140625,43.9453125,2.61604492187,-0.875244140625
62.4,0.0244140625,41.9921875,2.629375,-0.87646484375
62.7,0.0244140625,39.0625,2.64270507812,-0.875244140625
63.0,0.0244140625,42.96875,2.629375,-0.8740234375
63.3,0.0244140625,42.96875,2.629375,-0.875244140625
63.6,0.029296875,41.9921875,2.629375,-0.87646484375
63.9,0.0244140625,41.9921875,2.629375,-0.875244140625
64.2,0.0244140625,41.9921875,2.629375,-0.875244140625
64.5,0.0244140625,43.9453125,2.629375,-0.87646484375
64.8,0.01953125,41.015625,2.629375,-0.87646484375
65.1,0.0244140625,41.9921875,2.64270507812,-0.87646484375
65.4,0.0244140625,41.9921875,2.629375,-0.875244140625
65.7,0.0244140625,42.96875,2.64270507812,-0.875244140625
66.0,0.0244140625,41.9921875,2.629375,-0.8740234375
66.3,0.0244140625,41.9921875,2.64270507812,-0.875244140625
66.6,0.01953125,41.9921875,2.629375,-0.875244140625
66.9,0.01953125,42.96875,2.64270507812,-0.87646484375
67.2,0.0244140625,41.9921875,2.629375,-0.875244140625
67.5,0.0244140625,41.015625,2.629375,-0.875244140625
67.8,0.0244140625,41.9921875,2.629375,-0.8740234375
68.1,0.0244140625,41.015625,2.629375,-0.875244140625
68.4,0.0244140625,43.9453125,2.629375,-0.875244140625
68.7,0.0244140625,41.9921875,2.629375,-0.87646484375
69.0,0.0244140625,43.9453125,2.629375,-0.875244140625
69.3,0.0244140625,42.96875,2.629375,-0.875244140625
69.6,0.0244140625,42.96875,2.629375,-0.87646484375
69.9,0.0244140625,43.9453125,2.629375,-0.87646484375
70.2,0.0244140625,41.9921875,2.629375,-0.875244140625
70.5,0.0244140625,41.9921875,2.629375,-0.875244140625
70.8,0.0244140625,42.96875,2.629375,-0.875244140625
71.1,0.029296875,41.9921875,2.629375,-0.87646484375
71.4,0.0244140625,41.9921875,2.61604492187,-0.875244140625
71.7,0.01953125,42.96875,2.629375,-0.87646484375
72.0,0.0146484375,41.015625,2.629375,-0.875244140625
72.3,0.0244140625,41.9921875,2.64270507812,-0.875244140625
72.6,0.0244140625,41.9921875,2.61604492187,-0.875244140625
72.9,0.0244140625,42.96875,2.629375,-0.875244140625
73.2,0.0244140625,42.96875,2.64270507812,-0.875244140625
73.5,0.0244140625,41.9921875,2.629375,-0.875244140625
73.8,0.0244140625,41.9921875,2.64270507812,-0.875244140625
74.1,0.0244140625,41.9921875,2.629375,-0.8740234375
74.4,0.0244140625,41.9921875,2.64270507812,-0.875244140625
74.7,0.0244140625,41.9921875,2.629375,-0.875244140625
75.0,0.0244140625,41.9921875,2.629375,-0.87646484375
75.3,0.0244140625,41.9921875,2.629375,-0.875244140625
75.6,0.0244140625,41.9921875,2.629375,-0.87646484375
75.9,0.01953125,41.9921875,2.629375,-0.875244140625
76.2,0.0244140625,41.015625,2.629375,-0.875244140625
76.5,0.0244140625,41.9921875,2.64270507812,-0.87646484375
76.8,0.0244140625,41.9921875,2.629375,-0.875244140625
77.1,0.0244140625,41.9921875,2.64270507812,-0.875244140625
77.4,0.029296875,41.9921875,2.64270507812,-0.875244140625
77.7,0.0244140625,41.9921875,2.64270507812,-0.875244140625
78.0,0.0244140625,41.9921875,2.629375,-0.875244140625
78.3,0.0244140625,41.9921875,2.629375,-0.8740234375
78.6,0.0244140625,42.96875,2.629375,-0.875244140625
78.9,0.029296875,42.96875,2.629375,-0.875244140625
79.2,0.01953125,41.9921875,2.64270507812,-0.87646484375
79.5,0.0244140625,42.96875,2.629375,-0.87646484375
79.8,0.0244140625,41.9921875,2.64270507812,-0.875244140625
80.1,0.0244140625,41.9921875,2.61604492187,-0.875244140625
80.4,0.0244140625,41.9921875,2.629375,-0.875244140625
80.7,0.0244140625,43.9453125,2.629375,-0.8740234375
81.0,0.0244140625,41.9921875,2.629375,-0.875244140625
81.3,0.0244140625,41.9921875,2.629375,-0.875244140625
81.6,0.0244140625,41.9921875,2.629375,-0.875244140625
81.9,0.0244140625,41.9921875,2.629375,-0.875244140625
82.2,0.0244140625,41.9921875,2.629375,-0.875244140625
82.5,0.0244140625,41.015625,2.629375,-0.875244140625
82.8,0.01953125,42.96875,2.64270507812,-0.875244140625
83.1,0.0244140625,41.015625,2.629375,-0.875244140625
83.4,0.0244140625,41.9921875,2.61604492187,-0.875244140625
83.7,0.0244140625,41.9921875,2.629375,-0.875244140625
84.0,0.0244140625,42.96875,2.64270507812,-0.875244140625
84.3,0.0244140625,41.015625,2.64270507812,-0.875244140625
84.6,0.01953125,41.9921875,2.61604492187,-0.875244140625
84.9,0.01953125,42.96875,2.64270507812,-0.875244140625
85.2,0.0244140625,41.9921875,2.629375,-0.875244140625
85.5,0.0244140625,41.9921875,2.629375,-0.87646484375
85.8,0.0244140625,42.96875,2.629375,-0.875244140625
86.1,0.0244140625,41.9921875,2.64270507812,-0.875244140625
86.4,0.0244140625,42.96875,2.629375,-0.875244140625
86.7,0.0244140625,42.96875,2.629375,-0.875244140625
87.0,0.0244140625,41.9921875,2.629375,-0.875244140625
87.3,0.0244140625,41.9921875,2.629375,-0.875244140625
87.6,0.0244140625,41.9921875,2.629375,-0.875244140625
87.9,0.0244140625,41.9921875,2.64270507812,-0.875244140625
88.2,0.0244140625,42.96875,2.64270507812,-0.87646484375
88.5,0.01953125,41.9921875,2.629375,-0.875244140625
88.8,0.029296875,41.9921875,2.629375,-0.87646484375
89.1,0.0244140625,41.9921875,2.629375,-0.87646484375
89.4,0.0244140625,41.9921875,2.629375,-0.875244140625
89.7,0.0244140625,41.9921875,2.61604492187,-0.875244140625
90.0,0.0244140625,41.9921875,2.64270507812,-0.875244140625
90.3,0.0244140625,41.015625,2.629375,-0.875244140625
90.6,0.0244140625,42.96875,2.629375,-0.875244140625
90.9,0.0244140625,41.9921875,2.629375,-0.875244140625
91.2,0.0244140625,41.9921875,2.629375,-0.875244140625
91.5,0.0244140625,42.96875,2.629375,-0.875244140625
91.8,0.01953125,42.96875,2.629375,-0.87646484375
92.1,0.0244140625,42.96875,2.64270507812,-0.87646484375
92.4,0.0244140625,42.96875,2.61604492187,-0.875244140625
92.7,0.01953125,41.9921875,2.629375,-0.87646484375
93.0,0.029296875,43.9453125,2.629375,-0.8740234375
93.3,0.029296875,41.9921875,2.629375,-0.875244140625
93.6,0.0244140625,41.9921875,2.629375,-0.8740234375
93.9,0.0244140625,42.96875,2.64270507812,-0.875244140625
94.2,0.0244140625,42.96875,2.629375,-0.875244140625
94.5,0.0244140625,41.9921875,2.629375,-0.875244140625
94.8,0.01953125,41.9921875,2.61604492187,-0.875244140625
95.1,0.0244140625,41.9921875,2.64270507812,-0.8740234375
95.4,0.01953125,42.96875,2.61604492187,-0.875244140625
95.7,0.01953125,41.9921875,2.629375,-0.87646484375
96.0,0.0244140625,41.9921875,2.629375,-0.875244140625
96.3,0.0244140625,41.9921875,2.629375,-0.875244140625
96.6,0.0244140625,41.9921875,2.629375,-0.875244140625
96.9,0.0244140625,41.015625,2.65603515625,-0.875244140625
97.2,0.0244140625,41.9921875,2.629375,-0.875244140625
97.5,0.0244140625,41.9921875,2.64270507812,-0.875244140625
97.8,0.029296875,41.015625,2.629375,-0.8740234375
98.1,0.0244140625,42.96875,2.629375,-0.875244140625
98.4,0.0244140625,41.9921875,2.629375,-0.875244140625
98.7,0.0244140625,41.9921875,2.629375,-0.875244140625
99.0,0.0244140625,42.96875,2.65603515625,-0.875244140625
99.3,0.0244140625,42.96875,2.629375,-0.875244140625
99.6,0.0244140625,41.9921875,2.629375,-0.875244140625
99.9,0.01953125,43.9453125,2.629375,-0.875244140625
100.2,0.0244140625,42.96875,2.629375,-0.875244140625
100.5,0.0244140625,42.96875,2.61604492187,-0.875244140625
100.8,0.0244140625,41.9921875,2.629375,-0.877685546875
101.1,0.029296875,41.015625,2.629375,-0.875244140625
101.4,0.0244140625,43.9453125,2.629375,-0.87646484375
101.7,0.029296875,41.9921875,2.629375,-0.875244140625
102.0,0.0244140625,41.015625,2.64270507812,-0.875244140625
102.3,0.029296875,41.9921875,2.629375,-0.875244140625
102.6,0.01953125,41.9921875,2.629375,-0.87646484375
102.9,0.0244140625,42.96875,2.64270507812,-0.875244140625
103.2,0.0244140625,42.96875,2.629375,-0.875244140625
103.5,0.029296875,41.015625,2.629375,-0.875244140625
103.8,0.0244140625,41.9921875,2.629375,-0.875244140625
104.1,0.0244140625,41.9921875,2.64270507812,-0.875244140625
104.4,0.0244140625,41.015625,2.64270507812,-0.875244140625
104.7,0.0244140625,41.9921875,2.64270507812,-0.875244140625
105.0,0.01953125,41.9921875,2.629375,-0.87646484375
105.3,0.0244140625,42.96875,2.629375,-0.875244140625
105.6,0.0244140625,41.9921875,2.629375,-0.875244140625
105.9,0.0244140625,41.9921875,2.61604492187,-0.875244140625
106.2,0.0244140625,41.9921875,2.629375,-0.875244140625
106.5,0.0244140625,41.9921875,2.629375,-0.875244140625
106.8,0.0244140625,41.9921875,2.629375,-0.875244140625
107.1,0.0244140625,41.9921875,2.61604492187,-0.875244140625
107.4,0.0244140625,41.015625,2.629375,-0.875244140625
107.7,0.029296875,41.015625,2.629375,-0.875244140625
108.0,0.0244140625,41.9921875,2.629375,-0.875244140625
108.3,0.0244140625,41.9921875,2.61604492187,-0.8740234375
108.6,0.0244140625,41.015625,2.64270507812,-0.875244140625
108.9,0.0244140625,42.96875,2.629375,-0.875244140625
109.2,0.0244140625,42.96875,2.629375,-0.875244140625
109.5,0.0244140625,41.9921875,2.629375,-0.8740234375
109.8,0.0244140625,41.9921875,2.629375,-0.87646484375
110.1,0.0244140625,43.9453125,2.64270507812,-0.87646484375
110.4,0.0244140625,41.9921875,2.629375,-0.875244140625
110.7,0.0244140625,41.9921875,2.61604492187,-0.87646484375
111.0,0.0244140625,41.9921875,2.629375,-0.875244140625
111.3,0.0244140625,41.9921875,2.629375,-0.87646484375
111.6,0.0244140625,41.9921875,2.629375,-0.875244140625
111.9,0.0244140625,41.9921875,2.629375,-0.875244140625
112.2,0.0244140625,41.9921875,2.64270507812,-0.875244140625
112.5,0.01953125,41.9921875,2.629375,-0.875244140625
112.8,0.0244140625,41.9921875,2.629375,-0.8740234375
113.1,0.0244140625,42.96875,2.64270507812,-0.87646484375
113.4,0.0244140625,42.96875,2.629375,-0.8740234375
113.7,0.0244140625,42.96875,2.629375,-0.875244140625
114.0,0.0244140625,42.96875,2.629375,-0.875244140625
114.3,0.0244140625,41.9921875,2.629375,-0.875244140625
114.6,0.0244140625,41.9921875,2.629375,-0.875244140625
114.9,0.0244140625,41.9921875,2.629375,-0.875244140625
115.2,0.0244140625,42.96875,2.629375,-0.875244140625
115.5,0.0244140625,41.015625,2.629375,-0.875244140625
115.8,0.01953125,43.9453125,2.629375,-0.875244140625
116.1,0.0244140625,42.96875,2.629375,-0.875244140625
116.4,0.0244140625,41.9921875,2.629375,-0.875244140625
116.7,0.029296875,42.96875,2.629375,-0.875244140625
117.0,0.0244140625,41.015625,2.64270507812,-0.8740234375
117.3,0.0244140625,43.9453125,2.64270507812,-0.875244140625
117.6,0.0244140625,41.015625,2.629375,-0.875244140625
117.9,0.0244140625,41.9921875,2.629375,-0.875244140625
118.2,0.0244140625,41.015625,2.629375,-0.875244140625
118.5,0.0244140625,41.9921875,2.629375,-0.875244140625
118.8,0.0244140625,41.9921875,2.64270507812,-0.875244140625
119.1,0.029296875,42.96875,2.629375,-0.875244140625
119.4,0.0244140625,41.015625,2.629375,-0.875244140625
119.7,0.0244140625,41.9921875,2.64270507812,-0.875244140625
120.0,0.0244140625,41.9921875,2.629375,-0.875244140625
120.3,0.0244140625,42.96875,2.629375,-0.875244140625
120.6,0.0244140625,41.9921875,2.629375,-0.87646484375
120.9,0.0244140625,41.9921875,2.61604492187,-0.8740234375
121.2,0.0244140625,41.9921875,2.629375,-0.875244140625
121.5,0.029296875,42.96875,2.629375,-0.8740234375
121.8,0.0244140625,42.96875,2.629375,-0.875244140625
122.1,0.0244140625,43.9453125,2.629375,-0.8740234375
122.4,0.029296875,41.9921875,2.61604492187,-0.87646484375
122.7,0.0244140625,41.9921875,2.629375,-0.875244140625
123.0,0.0244140625,44.921875,2.629375,-0.875244140625
123.3,0.029296875,42.96875,2.61604492187,-0.875244140625
123.6,0.0244140625,41.9921875,2.629375,-0.875244140625
123.9,0.0244140625,41.015625,2.629375,-0.875244140625
124.2,0.0244140625,41.9921875,2.64270507812,-0.875244140625
124.5,0.01953125,41.9921875,2.629375,-0.8740234375
124.8,0.0244140625,43.9453125,2.629375,-0.87646484375
125.1,0.029296875,41.9921875,2.629375,-0.875244140625
125.4,0.0244140625,39.0625,2.629375,-0.877685546875
125.7,0.0244140625,41.9921875,2.61604492187,-0.875244140625
126.0,0.01953125,41.015625,2.64270507812,-0.875244140625
126.3,0.0244140625,41.9921875,2.629375,-0.875244140625
126.6,0.0244140625,42.96875,2.64270507812,-0.87646484375
126.9,0.0244140625,41.9921875,2.629375,-0.87646484375
127.2,0.0244140625,41.9921875,2.629375,-0.875244140625
127.5,0.01953125,41.9921875,2.61604492187,-0.875244140625
127.8,0.0244140625,41.9921875,2.629375,-0.875244140625
128.1,0.0244140625,41.015625,2.64270507812,-0.87646484375
128.4,0.029296875,41.9921875,2.629375,-0.8740234375
128.7,0.0244140625,41.9921875,2.64270507812,-0.87646484375
129.0,0.0244140625,41.9921875,2.61604492187,-0.8740234375
129.3,0.01953125,41.9921875,2.64270507812,-0.87646484375
129.6,0.029296875,41.9921875,2.629375,-0.8740234375
129.9,0.01953125,41.9921875,2.61604492187,-0.875244140625
130.2,0.0244140625,42.96875,2.64270507812,-0.875244140625
130.5,0.0244140625,42.96875,2.61604492187,-0.875244140625
130.8,0.0244140625,41.9921875,2.629375,-0.87646484375
131.1,0.0244140625,41.9921875,2.629375,-0.875244140625
131.4,0.0244140625,41.9921875,2.64270507812,-0.875244140625
131.7,0.0244140625,41.015625,2.629375,-0.875244140625
132.0,0.01953125,44.921875,2.629375,-0.87646484375
132.3,0.029296875,40.0390625,2.629375,-0.875244140625
132.6,0.0244140625,41.015625,2.64270507812,-0.875244140625
132.9,0.0244140625,42.96875,2.629375,-0.8740234375
133.2,0.01953125,41.9921875,2.629375,-0.875244140625
133.5,0.01953125,41.9921875,2.61604492187,-0.875244140625
133.8,0.0244140625,43.9453125,2.64270507812,-0.875244140625
134.1,0.0244140625,41.9921875,2.61604492187,-0.875244140625
134.4,0.0244140625,43.9453125,2.629375,-0.87646484375
134.7,0.0244140625,42.96875,2.629375,-0.875244140625
135.0,0.0244140625,41.9921875,2.629375,-0.875244140625
135.3,0.029296875,41.9921875,2.629375,-0.875244140625
135.6,0.0244140625,42.96875,2.629375,-0.875244140625
135.9,0.0244140625,41.9921875,2.629375,-0.8740234375
136.2,0.0244140625,41.015625,2.629375,-0.875244140625
136.5,0.0244140625,41.9921875,2.629375,-0.875244140625
136.8,0.0244140625,41.9921875,2.629375,-0.8740234375
137.1,0.0244140625,41.015625,2.629375,-0.87646484375
137.4,0.0244140625,42.96875,2.61604492187,-0.875244140625
137.7,0.01953125,42.96875,2.629375,-0.875244140625
138.0,0.0244140625,43.9453125,2.629375,-0.875244140625
138.3,0.01953125,41.9921875,2.64270507812,-0.87646484375
138.6,0.0244140625,41.9921875,2.61604492187,-0.8740234375
138.9,0.0244140625,44.921875,2.629375,-0.87646484375
139.2,0.0244140625,41.9921875,2.629375,-0.875244140625
139.5,0.01953125,41.015625,2.629375,-0.87646484375
139.8,0.0244140625,42.96875,2.629375,-0.875244140625
140.1,0.0244140625,41.9921875,2.629375,-0.875244140625
140.4,0.0244140625,41.9921875,2.629375,-0.875244140625
140.7,0.029296875,42.96875,2.64270507812,-0.875244140625
141.0,0.01953125,41.015625,2.629375,-0.875244140625
141.3,0.01953125,42.96875,2.629375,-0.875244140625
141.6,0.01953125,41.9921875,2.629375,-0.875244140625
141.9,0.0244140625,42.96875,2.64270507812,-0.875244140625
142.2,0.01953125,41.9921875,2.629375,-0.875244140625
142.5,0.0244140625,41.9921875,2.64270507812,-0.8740234375
142.8,0.01953125,41.015625,2.629375,-0.875244140625
143.1,0.0244140625,42.96875,2.64270507812,-0.875244140625
143.4,0.0244140625,41.9921875,2.629375,-0.875244140625
143.7,0.0244140625,40.0390625,2.629375,-0.875244140625
144.0,0.0244140625,41.9921875,2.629375,-0.875244140625
144.3,0.0244140625,39.0625,2.629375,-0.875244140625
144.6,0.0244140625,41.9921875,2.629375,-0.875244140625
144.9,0.029296875,41.9921875,2.629375,-0.8740234375
145.2,0.0244140625,41.9921875,2.629375,-0.8740234375
145.5,0.0244140625,43.9453125,2.629375,-0.875244140625
145.8,0.0244140625,41.9921875,2.64270507812,-0.87646484375
146.1,0.0244140625,42.96875,2.629375,-0.875244140625
146.4,0.0244140625,43.9453125,2.629375,-0.875244140625
146.7,0.01953125,41.015625,2.629375,-0.875244140625
147.0,0.0244140625,41.9921875,2.629375,-0.875244140625
147.3,0.0244140625,41.9921875,2.629375,-0.8740234375
147.6,0.0244140625,42.96875,2.64270507812,-0.875244140625
147.9,0.0244140625,41.9921875,2.629375,-0.875244140625
148.2,0.0244140625,41.9921875,2.64270507812,-0.87646484375
148.5,0.0244140625,41.9921875,2.629375,-0.875244140625
148.8,0.0244140625,41.9921875,2.629375,-0.875244140625
149.1,0.0244140625,42.96875,2.629375,-0.875244140625
149.4,0.0244140625,41.9921875,2.629375,-0.875244140625
149.7,0.0244140625,42.96875,2.629375,-0.875244140625
150.0,0.0244140625,41.9921875,2.629375,-0.875244140625
150.3,0.01953125,42.96875,2.629375,-0.875244140625
150.6,0.0244140625,41.9921875,2.629375,-0.875244140625
150.9,0.01953125,41.015625,2.629375,-0.875244140625
151.2,0.029296875,42.96875,2.629375,-0.875244140625
151.5,0.0244140625,41.9921875,2.629375,-0.875244140625
151.8,0.01953125,42.96875,2.629375,-0.875244140625
152.1,0.0244140625,42.96875,2.629375,-0.875244140625
152.4,0.0244140625,41.015625,2.64270507812,-0.875244140625
152.7,0.0244140625,42.96875,2.629375,-0.875244140625
153.0,0.0244140625,42.96875,2.629375,-0.875244140625
153.3,0.0244140625,42.96875,2.629375,-0.875244140625
153.6,0.01953125,43.9453125,2.629375,-0.875244140625
153.9,0.0244140625,41.9921875,2.629375,-0.87646484375
154.2,0.0244140625,41.015625,2.629375,-0.875244140625
154.5,0.0244140625,41.9921875,2.629375,-0.875244140625
154.8,0.0244140625,41.015625,2.629375,-0.875244140625
155.1,0.0244140625,41.9921875,2.629375,-0.875244140625
155.4,0.0244140625,41.9921875,2.629375,-0.8740234375
155.7,0.0244140625,41.9921875,2.629375,-0.875244140625
156.0,0.0244140625,42.96875,2.64270507812,-0.875244140625
156.3,0.0244140625,42.96875,2.629375,-0.875244140625
156.6,0.0244140625,41.9921875,2.64270507812,-0.87646484375
156.9,0.01953125,41.9921875,2.629375,-0.875244140625
157.2,0.0244140625,42.96875,2.629375,-0.87646484375
157.5,0.0244140625,41.015625,2.629375,-0.875244140625
157.8,0.0244140625,42.96875,2.629375,-0.87646484375
158.1,0.01953125,41.015625,2.629375,-0.87646484375
158.4,0.01953125,41.9921875,2.629375,-0.87646484375
158.7,0.01953125,42.96875,2.629375,-0.875244140625
159.0,0.0244140625,42.96875,2.629375,-0.875244140625
159.3,0.0244140625,41.9921875,2.61604492187,-0.8740234375
159.6,0.0244140625,41.9921875,2.64270507812,-0.875244140625
159.9,0.0244140625,42.96875,2.629375,-0.875244140625
160.2,0.01953125,41.9921875,2.629375,-0.875244140625
160.5,0.0244140625,41.9921875,2.629375,-0.875244140625
160.8,0.0244140625,41.015625,2.629375,-0.875244140625
161.1,0.0244140625,41.015625,2.629375,-0.8740234375
161.4,0.029296875,41.9921875,2.629375,-0.87646484375
161.7,0.0244140625,42.96875,2.64270507812,-0.875244140625
162.0,0.0244140625,41.9921875,2.629375,-0.875244140625
162.3,0.01953125,41.9921875,2.629375,-0.8740234375
162.6,0.029296875,42.96875,2.629375,-0.875244140625
162.9,0.0244140625,41.9921875,2.629375,-0.875244140625
163.2,0.0244140625,42.96875,2.629375,-0.875244140625
163.5,0.01953125,41.9921875,2.629375,-0.875244140625
163.8,0.0244140625,42.96875,2.64270507812,-0.8740234375
164.1,0.0244140625,42.96875,2.64270507812,-0.875244140625
164.4,0.0244140625,41.9921875,2.629375,-0.875244140625
164.7,0.0244140625,41.9921875,2.629375,-0.875244140625
165.0,0.0244140625,41.015625,2.629375,-0.875244140625
165.3,0.0244140625,42.96875,2.629375,-0.87646484375
165.6,0.0244140625,42.96875,2.629375,-0.875244140625
165.9,0.029296875,41.9921875,2.629375,-0.875244140625
166.2,0.0244140625,41.9921875,2.629375,-0.875244140625
166.5,0.0244140625,42.96875,2.64270507812,-0.8740234375
166.8,0.0244140625,41.9921875,2.61604492187,-0.875244140625
167.1,0.01953125,42.96875,2.629375,-0.87646484375
167.4,0.029296875,41.9921875,2.629375,-0.875244140625
167.7,0.0244140625,42.96875,2.629375,-0.875244140625
168.0,0.0244140625,41.9921875,2.629375,-0.875244140625
168.3,0.0244140625,41.9921875,2.629375,-0.877685546875
168.6,0.0244140625,41.9921875,2.61604492187,-0.875244140625
168.9,0.0244140625,41.015625,2.629375,-0.87646484375
169.2,0.0244140625,43.9453125,2.629375,-0.875244140625
169.5,0.0244140625,42.96875,2.629375,-0.87646484375
169.8,0.0244140625,42.96875,2.629375,-0.8740234375
170.1,0.01953125,41.9921875,2.629375,-0.875244140625
170.4,0.01953125,41.9921875,2.629375,-0.875244140625
170.7,0.01953125,42.96875,2.629375,-0.875244140625
171.0,0.0244140625,41.9921875,2.629375,-0.8740234375
171.3,0.029296875,41.9921875,2.629375,-0.875244140625
171.6,0.0244140625,41.9921875,2.629375,-0.875244140625
171.9,0.0244140625,41.015625,2.629375,-0.875244140625
172.2,0.0244140625,41.9921875,2.64270507812,-0.875244140625
172.5,0.01953125,41.9921875,2.629375,-0.875244140625
172.8,0.0244140625,41.9921875,2.64270507812,-0.875244140625
173.1,0.0244140625,43.9453125,2.629375,-0.875244140625
173.4,0.0244140625,42.96875,2.629375,-0.8740234375
173.7,0.0244140625,42.96875,2.629375,-0.875244140625
174.0,0.0244140625,42.96875,2.629375,-0.875244140625
174.3,0.0244140625,41.9921875,2.64270507812,-0.87646484375
174.6,0.0244140625,41.9921875,2.629375,-0.875244140625
174.9,0.029296875,42.96875,2.61604492187,-0.875244140625
175.2,0.0244140625,41.9921875,2.629375,-0.875244140625
175.5,0.0244140625,41.9921875,2.629375,-0.875244140625
175.8,0.0244140625,41.9921875,2.629375,-0.875244140625
176.1,0.0244140625,41.015625,2.64270507812,-0.875244140625
176.4,0.0244140625,41.9921875,2.629375,-0.875244140625
176.7,0.0244140625,42.96875,2.629375,-0.875244140625
177.0,0.0244140625,41.9921875,2.629375,-0.8740234375
177.3,0.0244140625,42.96875,2.629375,-0.87646484375
177.6,0.0244140625,41.9921875,2.64270507812,-0.875244140625
177.9,0.0244140625,41.015625,2.629375,-0.875244140625
178.2,0.0244140625,41.9921875,2.629375,-0.875244140625
178.5,0.0244140625,41.9921875,2.629375,-0.8740234375
178.8,0.0244140625,41.9921875,2.629375,-0.875244140625
179.1,0.0244140625,41.9921875,2.61604492187,-0.875244140625
179.4,0.0244140625,41.9921875,2.629375,-0.875244140625
179.7,0.0244140625,41.9921875,2.629375,-0.875244140625
180.0,0.0244140625,41.9921875,2.629375,-0.87646484375
180.3,0.0244140625,41.9921875,2.61604492187,-0.875244140625
180.6,0.0244140625,43.9453125,2.629375,-0.87646484375
180.9,0.0244140625,41.9921875,2.629375,-0.875244140625
181.2,0.0244140625,42.96875,2.64270507812,-0.875244140625
181.5,0.0244140625,41.9921875,2.61604492187,-0.875244140625
181.8,0.0244140625,41.9921875,2.629375,-0.875244140625
182.1,0.029296875,41.9921875,2.629375,-0.875244140625
182.4,0.01953125,41.9921875,2.64270507812,-0.875244140625
182.7,0.0244140625,41.015625,2.629375,-0.8740234375
183.0,0.0244140625,41.9921875,2.64270507812,-0.87646484375
183.3,0.029296875,41.9921875,2.629375,-0.8740234375
183.6,0.0244140625,42.96875,2.629375,-0.875244140625
183.9,0.0244140625,41.9921875,2.629375,-0.875244140625
184.2,0.0244140625,41.9921875,2.629375,-0.87646484375
184.5,0.0244140625,42.96875,2.629375,-0.875244140625
184.8,0.029296875,41.9921875,2.629375,-0.875244140625
185.1,0.0244140625,41.015625,2.629375,-0.875244140625
185.4,0.0244140625,41.9921875,2.629375,-0.875244140625
185.7,0.0244140625,41.9921875,2.629375,-0.875244140625
186.0,0.0244140625,41.9921875,2.64270507812,-0.87646484375
186.3,0.0244140625,42.96875,2.629375,-0.875244140625
186.6,0.0244140625,41.9921875,2.629375,-0.87646484375
186.9,0.029296875,42.96875,2.629375,-0.8740234375
187.2,0.01953125,41.015625,2.629375,-0.875244140625
187.5,0.0244140625,41.9921875,2.64270507812,-0.875244140625
187.8,0.0244140625,42.96875,2.61604492187,-0.875244140625
188.1,0.0244140625,41.9921875,2.64270507812,-0.875244140625
188.4,0.01953125,42.96875,2.629375,-0.875244140625
188.7,0.0244140625,41.9921875,2.629375,-0.875244140625
189.0,0.0244140625,42.96875,2.629375,-0.87646484375
189.3,0.01953125,41.015625,2.61604492187,-0.8740234375
189.6,0.0244140625,41.9921875,2.629375,-0.8740234375
189.9,0.0244140625,41.9921875,2.64270507812,-0.875244140625
190.2,0.029296875,41.015625,2.629375,-0.875244140625
190.5,0.0244140625,41.9921875,2.629375,-0.87646484375
190.8,0.0244140625,41.9921875,2.629375,-0.875244140625
191.1,0.01953125,41.9921875,2.629375,-0.875244140625
191.4,0.0244140625,41.9921875,2.629375,-0.875244140625
191.7,0.01953125,41.9921875,2.629375,-0.875244140625
192.0,0.0244140625,42.96875,2.629375,-0.875244140625
192.3,0.01953125,41.9921875,2.629375,-0.875244140625
192.6,0.0244140625,41.9921875,2.629375,-0.87646484375
192.9,0.0244140625,43.9453125,2.629375,-0.875244140625
193.2,0.01953125,41.9921875,2.629375,-0.875244140625
193.5,0.0244140625,42.96875,2.629375,-0.875244140625
193.8,0.0244140625,41.9921875,2.629375,-0.87646484375
194.1,0.01953125,41.9921875,2.629375,-0.875244140625
194.4,0.0244140625,41.9921875,2.629375,-0.87646484375
194.7,0.0244140625,41.9921875,2.64270507812,-0.875244140625
195.0,0.0244140625,42.96875,2.629375,-0.87646484375
195.3,0.01953125,42.96875,2.629375,-0.875244140625
195.6,0.0244140625,41.9921875,2.629375,-0.875244140625
195.9,0.0244140625,44.921875,2.61604492187,-0.875244140625
196.2,0.0244140625,43.9453125,2.64270507812,-0.875244140625
196.5,0.0244140625,41.9921875,2.629375,-0.875244140625
196.8,0.0244140625,41.9921875,2.629375,-0.87646484375
197.1,0.0244140625,41.9921875,2.629375,-0.87646484375
197.4,0.0244140625,42.96875,2.629375,-0.875244140625
197.7,0.0244140625,42.96875,2.629375,-0.875244140625
198.0,0.0244140625,41.9921875,2.629375,-0.875244140625
198.3,0.0244140625,42.96875,2.629375,-0.875244140625
198.6,0.0244140625,41.9921875,2.629375,-0.875244140625
198.9,0.0244140625,41.9921875,2.629375,-0.875244140625
199.2,0.0244140625,41.9921875,2.629375,-0.875244140625
199.5,0.0244140625,41.9921875,2.629375,-0.875244140625
199.8,0.0244140625,41.9921875,2.629375,-0.875244140625
200.1,0.01953125,41.9921875,2.629375,-0.875244140625
200.4,0.0244140625,41.9921875,2.629375,-0.87646484375
200.7,0.0244140625,41.9921875,2.629375,-0.875244140625
201.0,0.01953125,41.9921875,2.629375,-0.875244140625
201.3,0.01953125,41.9921875,2.64270507812,-0.875244140625
201.6,0.0244140625,41.015625,2.64270507812,-0.875244140625
201.9,0.0244140625,42.96875,2.629375,-0.875244140625
202.2,0.0244140625,41.9921875,2.629375,-0.87646484375
202.5,0.01953125,43.9453125,2.629375,-0.875244140625
202.8,0.01953125,42.96875,2.629375,-0.8740234375
203.1,0.0244140625,42.96875,2.629375,-0.875244140625
203.4,0.0244140625,40.0390625,2.629375,-0.875244140625
203.7,0.0244140625,42.96875,2.629375,-0.87646484375
204.0,0.01953125,41.9921875,2.629375,-0.875244140625
204.3,0.0244140625,41.9921875,2.629375,-0.87646484375
204.6,0.01953125,41.9921875,2.629375,-0.875244140625
204.9,0.0244140625,41.9921875,2.629375,-0.875244140625
205.2,0.0244140625,42.96875,2.629375,-0.875244140625
205.5,0.0244140625,41.9921875,2.629375,-0.87646484375
205.8,0.0244140625,42.96875,2.61604492187,-0.8740234375
206.1,0.0244140625,42.96875,2.629375,-0.87646484375
206.4,0.0244140625,43.9453125,2.61604492187,-0.875244140625
206.7,0.0244140625,41.9921875,2.629375,-0.87646484375
207.0,0.0244140625,42.96875,2.629375,-0.8740234375
207.3,0.0244140625,43.9453125,2.64270507812,-0.87646484375
207.6,0.01953125,43.9453125,2.629375,-0.875244140625
207.9,0.0244140625,42.96875,2.629375,-0.8740234375
208.2,0.0244140625,41.9921875,2.629375,-0.875244140625
208.5,0.0244140625,43.9453125,2.64270507812,-0.87646484375
208.8,0.01953125,41.9921875,2.61604492187,-0.875244140625
209.1,0.0244140625,42.96875,2.64270507812,-0.875244140625
209.4,0.0244140625,41.015625,2.61604492187,-0.875244140625
209.7,0.0244140625,41.9921875,2.629375,-0.875244140625
210.0,0.0244140625,41.015625,2.629375,-0.875244140625
210.3,0.0244140625,41.9921875,2.64270507812,-0.875244140625
210.6,0.0244140625,41.9921875,2.629375,-0.8740234375
210.9,0.029296875,42.96875,2.629375,-0.875244140625
211.2,0.01953125,41.9921875,2.629375,-0.875244140625
211.5,0.0244140625,41.9921875,2.64270507812,-0.875244140625
211.8,0.0244140625,41.9921875,2.629375,-0.87646484375
212.1,0.01953125,41.9921875,2.629375,-0.875244140625
212.4,0.029296875,42.96875,2.629375,-0.875244140625
212.7,0.0244140625,43.9453125,2.629375,-0.875244140625
213.0,0.0244140625,41.9921875,2.629375,-0.875244140625
213.3,0.0244140625,41.9921875,2.64270507812,-0.875244140625
213.6,0.0244140625,41.9921875,2.64270507812,-0.875244140625
213.9,0.0244140625,41.9921875,2.629375,-0.875244140625
214.2,0.0244140625,43.9453125,2.629375,-0.875244140625
214.5,0.01953125,43.9453125,2.629375,-0.87646484375
214.8,0.0244140625,41.015625,2.64270507812,-0.875244140625
215.1,0.0244140625,42.96875,2.629375,-0.875244140625
215.4,0.0244140625,42.96875,2.629375,-0.875244140625
215.7,0.0244140625,41.015625,2.61604492187,-0.8740234375
216.0,0.0244140625,41.9921875,2.629375,-0.875244140625
216.3,0.0244140625,41.9921875,2.61604492187,-0.87646484375
216.6,0.0244140625,42.96875,2.629375,-0.87646484375
216.9,0.029296875,41.9921875,2.629375,-0.875244140625
217.2,0.0244140625,42.96875,2.629375,-0.875244140625
217.5,0.0244140625,41.9921875,2.629375,-0.8740234375
217.8,0.0244140625,41.9921875,2.629375,-0.87646484375
218.1,0.0244140625,41.015625,2.61604492187,-0.875244140625
218.4,0.0244140625,41.9921875,2.64270507812,-0.87646484375
218.7,0.0244140625,43.9453125,2.629375,-0.875244140625
219.0,0.0244140625,41.9921875,2.629375,-0.875244140625
219.3,0.0244140625,41.9921875,2.629375,-0.875244140625
219.6,0.01953125,41.9921875,2.629375,-0.875244140625
219.9,0.0244140625,43.9453125,2.64270507812,-0.875244140625
220.2,0.0244140625,42.96875,2.61604492187,-0.875244140625
220.5,0.0244140625,41.9921875,2.64270507812,-0.87646484375
220.8,0.0244140625,41.9921875,2.64270507812,-0.875244140625
221.1,0.029296875,42.96875,2.629375,-0.875244140625
221.4,0.0244140625,41.9921875,2.629375,-0.875244140625
221.7,0.0244140625,42.96875,2.629375,-0.87646484375
222.0,0.0244140625,42.96875,2.629375,-0.875244140625
222.3,0.0244140625,41.015625,2.629375,-0.875244140625
222.6,0.0244140625,41.9921875,2.629375,-0.875244140625
222.9,0.0244140625,41.9921875,2.629375,-0.875244140625
223.2,0.01953125,41.9921875,2.629375,-0.875244140625
223.5,0.029296875,41.9921875,2.629375,-0.875244140625
223.8,0.01953125,41.9921875,2.629375,-0.875244140625
224.1,0.0244140625,40.0390625,2.629375,-0.875244140625
224.4,0.0244140625,42.96875,2.629375,-0.875244140625
224.7,0.0244140625,41.9921875,2.629375,-0.875244140625
225.0,0.01953125,41.015625,2.629375,-0.875244140625
225.3,0.0244140625,43.9453125,2.629375,-0.875244140625
225.6,0.0244140625,41.9921875,2.629375,-0.875244140625
225.9,0.0244140625,41.9921875,2.629375,-0.875244140625
226.2,0.0244140625,42.96875,2.629375,-0.875244140625
226.5,0.0244140625,41.9921875,2.629375,-0.8740234375
226.8,0.0244140625,41.9921875,2.629375,-0.87646484375
227.1,0.0244140625,41.9921875,2.629375,-0.8740234375
227.4,0.0244140625,43.9453125,2.629375,-0.875244140625
227.7,0.01953125,40.0390625,2.629375,-0.875244140625
228.0,0.01953125,41.9921875,2.629375,-0.875244140625
228.3,0.0244140625,41.9921875,2.629375,-0.87646484375
228.6,0.0244140625,41.015625,2.629375,-0.875244140625
228.9,0.01953125,41.9921875,2.629375,-0.875244140625
229.2,0.0244140625,42.96875,2.629375,-0.875244140625
229.5,0.0244140625,41.9921875,2.629375,-0.875244140625
229.8,0.0244140625,42.96875,2.629375,-0.87646484375
230.1,0.0244140625,42.96875,2.629375,-0.875244140625
230.4,0.029296875,41.9921875,2.629375,-0.875244140625
230.7,0.0244140625,42.96875,2.629375,-0.875244140625
231.0,0.029296875,42.96875,2.61604492187,-0.875244140625
231.3,0.0244140625,41.9921875,2.629375,-0.875244140625
231.6,0.01953125,41.9921875,2.629375,-0.8740234375
231.9,0.029296875,41.015625,2.64270507812,-0.875244140625
232.2,0.0244140625,41.9921875,2.61604492187,-0.875244140625
232.5,0.0244140625,41.9921875,2.629375,-0.875244140625
232.8,0.0244140625,41.9921875,2.629375,-0.875244140625
233.1,0.0244140625,41.9921875,2.64270507812,-0.87646484375
233.4,0.0244140625,42.96875,2.629375,-0.875244140625
233.7,0.0146484375,41.9921875,2.64270507812,-0.875244140625
234.0,0.0244140625,41.9921875,2.61604492187,-0.875244140625
234.3,0.0244140625,42.96875,2.629375,-0.875244140625
234.6,0.0244140625,41.015625,2.629375,-0.8740234375
234.9,0.0244140625,41.9921875,2.629375,-0.875244140625
235.2,0.0244140625,41.9921875,2.629375,-0.87646484375
235.5,0.0244140625,43.9453125,2.629375,-0.87646484375
235.8,0.0244140625,41.9921875,2.629375,-0.87646484375
236.1,0.029296875,41.9921875,2.64270507812,-0.875244140625
236.4,0.0244140625,41.9921875,2.629375,-0.875244140625
236.7,0.0244140625,42.96875,2.629375,-0.875244140625
237.0,0.0244140625,41.9921875,2.629375,-0.875244140625
237.3,0.01953125,41.9921875,2.64270507812,-0.875244140625
237.6,0.0244140625,41.9921875,2.629375,-0.8740234375
237.9,0.0244140625,41.9921875,2.64270507812,-0.875244140625
238.2,0.0244140625,41.9921875,2.61604492187,-0.875244140625
238.5,0.0244140625,41.015625,2.629375,-0.875244140625
238.8,0.0244140625,41.9921875,2.629375,-0.875244140625
239.1,0.0244140625,41.9921875,2.629375,-0.875244140625
239.4,0.0244140625,44.921875,2.629375,-0.875244140625
239.7,0.0244140625,41.9921875,2.629375,-0.875244140625
240.0,0.0244140625,44.921875,2.629375,-0.875244140625
240.3,0.0244140625,43.9453125,2.629375,-0.875244140625
240.6,0.0244140625,42.96875,2.629375,-0.875244140625
240.9,0.0244140625,42.96875,2.629375,-0.875244140625
241.2,0.0244140625,41.9921875,2.64270507812,-0.875244140625
241.5,0.0244140625,41.9921875,2.64270507812,-0.87646484375
241.8,0.0244140625,41.9921875,2.629375,-0.875244140625
242.1,0.0244140625,41.9921875,2.629375,-0.875244140625
242.4,0.0244140625,41.015625,2.629375,-0.875244140625
242.7,0.0244140625,42.96875,2.629375,-0.875244140625
243.0,0.0244140625,42.96875,2.629375,-0.875244140625
243.3,0.0244140625,41.9921875,2.64270507812,-0.875244140625
243.6,0.0244140625,42.96875,2.629375,-0.875244140625
243.9,0.0244140625,43.9453125,2.64270507812,-0.875244140625
244.2,0.0244140625,42.96875,2.629375,-0.875244140625
244.5,0.0244140625,41.9921875,2.629375,-0.875244140625
244.8,0.0244140625,41.9921875,2.61604492187,-0.875244140625
245.1,0.0244140625,41.9921875,2.629375,-0.875244140625
245.4,0.0244140625,42.96875,2.64270507812,-0.875244140625
245.7,0.01953125,41.9921875,2.64270507812,-0.875244140625
246.0,0.0244140625,41.9921875,2.629375,-0.875244140625
246.3,0.0244140625,41.9921875,2.629375,-0.875244140625
246.6,0.0244140625,41.9921875,2.629375,-0.875244140625
246.9,0.0244140625,41.9921875,2.629375,-0.87646484375
247.2,0.0244140625,39.0625,2.629375,-0.875244140625
247.5,0.0244140625,42.96875,2.629375,-0.875244140625
247.8,0.0244140625,41.9921875,2.629375,-0.875244140625
248.1,0.0244140625,41.9921875,2.629375,-0.875244140625
248.4,0.0244140625,41.9921875,2.61604492187,-0.87646484375
248.7,0.0244140625,41.9921875,2.629375,-0.875244140625
249.0,0.0244140625,42.96875,2.629375,-0.875244140625
249.3,0.0244140625,41.015625,2.629375,-0.875244140625
249.6,0.0244140625,41.015625,2.629375,-0.875244140625
249.9,0.0244140625,41.9921875,2.629375,-0.875244140625
250.2,0.0244140625,41.015625,2.629375,-0.875244140625
250.5,0.0244140625,41.9921875,2.629375,-0.87646484375
250.8,0.0244140625,42.96875,2.629375,-0.875244140625
251.1,0.01953125,41.015625,2.629375,-0.875244140625
251.4,0.0244140625,41.9921875,2.629375,-0.875244140625
251.7,0.0244140625,42.96875,2.629375,-0.8740234375
252.0,0.0244140625,41.015625,2.64270507812,-0.875244140625
252.3,0.0244140625,41.9921875,2.629375,-0.875244140625
252.6,0.0244140625,41.9921875,2.629375,-0.875244140625
252.9,0.0244140625,41.9921875,2.629375,-0.875244140625
253.2,0.0244140625,41.9921875,2.629375,-0.875244140625
253.5,0.01953125,41.9921875,2.629375,-0.875244140625
253.8,0.0244140625,41.9921875,2.64270507812,-0.875244140625
254.1,0.0244140625,41.015625,2.64270507812,-0.875244140625
254.4,0.0244140625,43.9453125,2.64270507812,-0.875244140625
254.7,0.0244140625,42.96875,2.629375,-0.87646484375
255.0,0.01953125,41.015625,2.629375,-0.875244140625
255.3,0.01953125,41.9921875,2.629375,-0.875244140625
255.6,0.0244140625,41.015625,2.629375,-0.875244140625
255.9,0.0244140625,41.9921875,2.64270507812,-0.875244140625
256.2,0.0244140625,41.9921875,2.629375,-0.875244140625
256.5,0.0244140625,43.9453125,2.629375,-0.87646484375
256.8,0.0244140625,42.96875,2.629375,-0.8740234375
257.1,0.0244140625,42.96875,2.629375,-0.87646484375
257.4,0.0244140625,41.9921875,2.629375,-0.87646484375
257.7,0.0244140625,41.9921875,2.629375,-0.875244140625
258.0,0.0244140625,42.96875,2.629375,-0.875244140625
258.3,0.0244140625,41.9921875,2.629375,-0.875244140625
258.6,0.0146484375,41.9921875,2.629375,-0.8740234375
258.9,0.0244140625,41.9921875,2.64270507812,-0.875244140625
259.2,0.0244140625,41.9921875,2.629375,-0.8740234375
259.5,0.01953125,41.9921875,2.629375,-0.875244140625
259.8,0.0244140625,41.9921875,2.629375,-0.87646484375
260.1,0.0244140625,41.015625,2.64270507812,-0.875244140625
260.4,0.0244140625,41.9921875,2.629375,-0.875244140625
260.7,0.01953125,41.9921875,2.629375,-0.875244140625
261.0,0.01953125,41.9921875,2.629375,-0.875244140625
261.3,0.0244140625,41.9921875,2.629375,-0.875244140625
261.6,0.0244140625,42.96875,2.61604492187,-0.87646484375
261.9,0.0244140625,41.9921875,2.629375,-0.875244140625
262.2,0.029296875,42.96875,2.629375,-0.8740234375
262.5,0.0244140625,41.9921875,2.629375,-0.875244140625
262.8,0.01953125,42.96875,2.64270507812,-0.875244140625
263.1,0.0244140625,41.9921875,2.629375,-0.875244140625
263.4,0.0244140625,41.015625,2.64270507812,-0.87646484375
263.7,0.0244140625,41.9921875,2.64270507812,-0.875244140625
264.0,0.0244140625,40.0390625,2.629375,-0.8740234375
264.3,0.0244140625,42.96875,2.61604492187,-0.875244140625
264.6,0.029296875,42.96875,2.629375,-0.875244140625
264.9,0.0244140625,42.96875,2.629375,-0.875244140625
265.2,0.0244140625,41.9921875,2.64270507812,-0.875244140625
265.5,0.0244140625,41.015625,2.629375,-0.875244140625
265.8,0.029296875,43.9453125,2.629375,-0.875244140625
266.1,0.01953125,41.015625,2.629375,-0.875244140625
266.4,0.01953125,41.9921875,2.629375,-0.875244140625
266.7,0.0244140625,42.96875,2.629375,-0.875244140625
267.0,0.0244140625,42.96875,2.64270507812,-0.875244140625
267.3,0.0244140625,41.9921875,2.629375,-0.87646484375
267.6,0.029296875,41.9921875,2.629375,-0.875244140625
267.9,0.0244140625,41.9921875,2.629375,-0.875244140625
268.2,0.0244140625,41.9921875,2.629375,-0.875244140625
268.5,0.0244140625,41.9921875,2.629375,-0.87646484375
268.8,0.0244140625,41.9921875,2.629375,-0.875244140625
269.1,0.0244140625,41.9921875,2.629375,-0.875244140625
269.4,0.0244140625,42.96875,2.629375,-0.875244140625
269.7,0.01953125,41.9921875,2.629375,-0.875244140625
270.0,0.01953125,41.9921875,2.629375,-0.875244140625
270.3,0.0244140625,41.015625,2.629375,-0.875244140625
270.6,0.0244140625,42.96875,2.629375,-0.875244140625
270.9,0.0244140625,41.9921875,2.629375,-0.875244140625
271.2,0.0244140625,41.9921875,2.629375,-0.875244140625
271.5,0.0244140625,43.9453125,2.629375,-0.875244140625
271.8,0.029296875,41.015625,2.61604492187,-0.8740234375
272.1,0.0244140625,41.015625,2.629375,-0.875244140625
272.4,0.01953125,43.9453125,2.629375,-0.875244140625
272.7,0.0244140625,41.9921875,2.629375,-0.875244140625
273.0,0.029296875,41.9921875,2.629375,-0.87646484375
273.3,0.0244140625,42.96875,2.629375,-0.875244140625
273.6,0.0244140625,41.9921875,2.61604492187,-0.875244140625
273.9,0.0244140625,43.9453125,2.629375,-0.875244140625
274.2,0.0244140625,42.96875,2.629375,-0.875244140625
274.5,0.029296875,42.96875,2.629375,-0.875244140625
274.8,0.0244140625,41.015625,2.629375,-0.875244140625
275.1,0.0244140625,41.9921875,2.61604492187,-0.8740234375
275.4,0.0244140625,42.96875,2.61604492187,-0.875244140625
275.7,0.0244140625,41.9921875,2.629375,-0.875244140625
276.0,0.0244140625,42.96875,2.629375,-0.8740234375
276.3,0.0244140625,43.9453125,2.629375,-0.875244140625
276.6,0.01953125,41.015625,2.64270507812,-0.8740234375
276.9,0.0244140625,41.9921875,2.61604492187,-0.875244140625
277.2,0.0244140625,42.96875,2.64270507812,-0.875244140625
277.5,0.01953125,41.9921875,2.629375,-0.875244140625
277.8,0.0244140625,41.9921875,2.629375,-0.875244140625
278.1,0.01953125,43.9453125,2.629375,-0.875244140625
278.4,0.0244140625,41.9921875,2.64270507812,-0.875244140625
278.7,0.029296875,41.9921875,2.629375,-0.875244140625
279.0,0.01953125,41.9921875,2.629375,-0.875244140625
279.3,0.0244140625,42.96875,2.629375,-0.875244140625
279.6,0.0244140625,39.0625,2.629375,-0.875244140625
279.9,0.0244140625,41.015625,2.629375,-0.87646484375
280.2,0.0244140625,44.921875,2.629375,-0.87646484375
280.5,0.0244140625,41.9921875,2.64270507812,-0.875244140625
280.8,0.01953125,41.9921875,2.61604492187,-0.875244140625
281.1,0.029296875,43.9453125,2.64270507812,-0.875244140625
281.4,0.0244140625,41.9921875,2.629375,-0.875244140625
281.7,0.0244140625,41.9921875,2.64270507812,-0.875244140625
282.0,0.01953125,42.96875,2.629375,-0.8740234375
282.3,0.0244140625,41.9921875,2.629375,-0.875244140625
282.6,0.01953125,41.9921875,2.629375,-0.875244140625
282.9,0.0244140625,42.96875,2.64270507812,-0.875244140625
283.2,0.0244140625,41.9921875,2.629375,-0.8740234375
283.5,0.0244140625,41.9921875,2.629375,-0.875244140625
283.8,0.0244140625,42.96875,2.629375,-0.875244140625
284.1,0.0244140625,41.9921875,2.629375,-0.875244140625
284.4,0.0244140625,41.015625,2.629375,-0.875244140625
284.7,0.0146484375,40.0390625,2.629375,-0.875244140625
285.0,0.0244140625,43.9453125,2.629375,-0.8740234375
285.3,0.0244140625,41.9921875,2.629375,-0.875244140625
285.6,0.0244140625,41.9921875,2.61604492187,-0.875244140625
285.9,0.0244140625,40.0390625,2.629375,-0.875244140625
286.2,0.01953125,41.9921875,2.629375,-0.875244140625
286.5,0.0244140625,41.9921875,2.629375,-0.875244140625
286.8,0.0244140625,41.9921875,2.64270507812,-0.875244140625
287.1,0.0244140625,42.96875,2.629375,-0.875244140625
287.4,0.029296875,41.015625,2.629375,-0.875244140625
287.7,0.0244140625,43.9453125,2.64270507812,-0.875244140625
288.0,0.0244140625,41.9921875,2.629375,-0.87646484375
288.3,0.0244140625,41.015625,2.629375,-0.875244140625
288.6,0.0244140625,43.9453125,2.64270507812,-0.875244140625
288.9,0.0244140625,41.9921875,2.629375,-0.8740234375
289.2,0.0244140625,41.9921875,2.629375,-0.87646484375
289.5,0.0244140625,41.9921875,2.629375,-0.8740234375
289.8,0.0244140625,42.96875,2.629375,-0.87646484375
290.1,0.0244140625,41.9921875,2.629375,-0.8740234375
290.4,0.0244140625,41.9921875,2.64270507812,-0.875244140625
290.7,0.0244140625,41.9921875,2.61604492187,-0.875244140625
291.0,0.0244140625,41.9921875,2.629375,-0.87646484375
291.3,0.0244140625,42.96875,2.61604492187,-0.875244140625
291.6,0.0244140625,42.96875,2.629375,-0.87646484375
291.9,0.0244140625,41.9921875,2.629375,-0.875244140625
292.2,0.0244140625,42.96875,2.629375,-0.875244140625
292.5,0.0244140625,43.9453125,2.629375,-0.87646484375
292.8,0.029296875,41.9921875,2.61604492187,-0.875244140625
293.1,0.0244140625,42.96875,2.629375,-0.8740234375
293.4,0.0244140625,41.015625,2.61604492187,-0.875244140625
293.7,0.0244140625,41.015625,2.629375,-0.875244140625
294.0,0.0244140625,41.9921875,2.629375,-0.875244140625
294.3,0.0244140625,41.9921875,2.629375,-0.875244140625
294.6,0.0244140625,41.9921875,2.629375,-0.875244140625
294.9,0.0244140625,41.9921875,2.629375,-0.87646484375
295.2,0.0244140625,43.9453125,2.61604492187,-0.875244140625
295.5,0.0244140625,41.9921875,2.629375,-0.875244140625
295.8,0.0244140625,41.9921875,2.629375,-0.8740234375
296.1,0.0244140625,41.9921875,2.629375,-0.875244140625
296.4,0.01953125,41.9921875,2.64270507812,-0.875244140625
296.7,0.029296875,41.9921875,2.61604492187,-0.875244140625
297.0,0.029296875,41.9921875,2.629375,-0.875244140625
297.3,0.0244140625,41.015625,2.64270507812,-0.875244140625
297.6,0.01953125,41.9921875,2.629375,-0.875244140625
297.9,0.0244140625,41.9921875,2.629375,-0.875244140625
298.2,0.0244140625,42.96875,2.629375,-0.875244140625
298.5,0.0244140625,42.96875,2.629375,-0.875244140625
298.8,0.0244140625,42.96875,2.629375,-0.875244140625
299.1,0.0244140625,41.9921875,2.629375,-0.875244140625
299.4,0.0244140625,41.9921875,2.629375,-0.875244140625
299.7,0.0244140625,39.0625,2.629375,-0.875244140625
300.0,0.0244140625,41.9921875,2.629375,-0.875244140625
300.3,0.0244140625,41.015625,2.629375,-0.875244140625
300.6,0.0244140625,42.96875,2.629375,-0.875244140625
300.9,0.0244140625,41.9921875,2.629375,-0.875244140625
301.2,0.01953125,40.0390625,2.629375,-0.8740234375
301.5,0.0244140625,41.9921875,2.61604492187,-0.875244140625
301.8,0.029296875,41.015625,2.629375,-0.875244140625
302.1,0.01953125,41.9921875,2.629375,-0.87646484375
302.4,0.029296875,39.0625,2.629375,-0.875244140625
302.7,0.0244140625,42.96875,2.629375,-0.875244140625
303.0,0.0244140625,41.9921875,2.64270507812,-0.875244140625
303.3,0.0244140625,41.9921875,2.629375,-0.875244140625
303.6,0.01953125,41.015625,2.629375,-0.87646484375
303.9,0.0244140625,42.96875,2.629375,-0.875244140625
304.2,0.0244140625,41.9921875,2.629375,-0.875244140625
304.5,0.0244140625,41.9921875,2.629375,-0.87646484375
304.8,0.029296875,42.96875,2.629375,-0.875244140625
305.1,0.0244140625,41.9921875,2.64270507812,-0.87646484375
305.4,0.0244140625,39.0625,2.61604492187,-0.875244140625
305.7,0.029296875,41.9921875,2.64270507812,-0.875244140625
306.0,0.029296875,41.9921875,2.629375,-0.875244140625
306.3,0.0244140625,40.0390625,2.629375,-0.875244140625
306.6,0.01953125,41.015625,2.61604492187,-0.87646484375
306.9,0.029296875,41.9921875,2.629375,-0.875244140625
307.2,0.0244140625,41.9921875,2.61604492187,-0.875244140625
307.5,0.0244140625,41.015625,2.629375,-0.875244140625
307.8,0.0244140625,40.0390625,2.629375,-0.877685546875
308.1,0.0244140625,43.9453125,2.629375,-0.875244140625
308.4,0.0244140625,42.96875,2.61604492187,-0.875244140625
308.7,0.01953125,44.921875,2.64270507812,-0.875244140625
309.0,0.0244140625,43.9453125,2.629375,-0.875244140625
309.3,0.0244140625,41.9921875,2.64270507812,-0.8740234375
309.6,0.0244140625,42.96875,2.629375,-0.875244140625
309.9,0.01953125,40.0390625,2.629375,-0.87646484375
310.2,0.0244140625,41.9921875,2.629375,-0.875244140625
310.5,0.0244140625,41.9921875,2.629375,-0.875244140625
310.8,0.0244140625,41.9921875,2.629375,-0.875244140625
311.1,0.0244140625,40.0390625,2.629375,-0.875244140625
311.4,0.0244140625,42.96875,2.64270507812,-0.87646484375
311.7,0.0244140625,41.015625,2.64270507812,-0.875244140625
312.0,0.0244140625,42.96875,2.629375,-0.875244140625
312.3,0.0244140625,42.96875,2.629375,-0.875244140625
312.6,0.0244140625,41.9921875,2.629375,-0.875244140625
312.9,0.0244140625,41.9921875,2.61604492187,-0.875244140625
313.2,0.0244140625,41.9921875,2.629375,-0.875244140625
313.5,0.0244140625,42.96875,2.629375,-0.8740234375
313.8,0.01953125,41.9921875,2.629375,-0.875244140625
314.1,0.0244140625,41.9921875,2.629375,-0.875244140625
314.4,0.0244140625,41.9921875,2.629375,-0.87646484375
314.7,0.0244140625,41.9921875,2.629375,-0.875244140625
315.0,0.0244140625,41.9921875,2.629375,-0.875244140625
315.3,0.0244140625,41.9921875,2.64270507812,-0.875244140625
315.6,0.01953125,42.96875,2.629375,-0.875244140625
315.9,0.01953125,42.96875,2.61604492187,-0.877685546875
316.2,0.0244140625,41.9921875,2.629375,-0.875244140625
316.5,0.01953125,42.96875,2.629375,-0.875244140625
316.8,0.0244140625,41.9921875,2.629375,-0.875244140625
317.1,0.0244140625,41.9921875,2.629375,-0.875244140625
317.4,0.0244140625,41.9921875,2.629375,-0.875244140625
317.7,0.0244140625,41.9921875,2.61604492187,-0.875244140625
318.0,0.0244140625,41.9921875,2.629375,-0.875244140625
318.3,0.0244140625,41.9921875,2.629375,-0.8740234375
318.6,0.0244140625,42.96875,2.629375,-0.875244140625
318.9,0.0244140625,41.015625,2.629375,-0.87646484375
319.2,0.0244140625,41.9921875,2.629375,-0.875244140625
319.5,0.0244140625,42.96875,2.629375,-0.875244140625
319.8,0.0244140625,41.9921875,2.629375,-0.8740234375
320.1,0.0244140625,42.96875,2.64270507812,-0.8740234375
320.4,0.0244140625,43.9453125,2.629375,-0.87646484375
320.7,0.0244140625,41.9921875,2.629375,-0.8740234375
321.0,0.0244140625,41.9921875,2.629375,-0.875244140625
321.3,0.0244140625,41.9921875,2.629375,-0.875244140625
321.6,0.0244140625,41.9921875,2.629375,-0.875244140625
321.9,0.0244140625,41.9921875,2.629375,-0.87646484375
322.2,0.0244140625,41.9921875,2.64270507812,-0.875244140625
322.5,0.0244140625,40.0390625,2.629375,-0.875244140625
322.8,0.0244140625,41.9921875,2.629375,-0.875244140625
323.1,0.0244140625,41.9921875,2.629375,-0.8740234375
323.4,0.0244140625,41.015625,2.629375,-0.875244140625
323.7,0.0244140625,41.9921875,2.629375,-0.875244140625
324.0,0.0244140625,41.9921875,2.629375,-0.875244140625
324.3,0.0244140625,42.96875,2.64270507812,-0.875244140625
324.6,0.0244140625,43.9453125,2.629375,-0.875244140625
324.9,0.0244140625,42.96875,2.629375,-0.875244140625
325.2,0.0244140625,41.9921875,2.629375,-0.87646484375
325.5,0.01953125,42.96875,2.64270507812,-0.87646484375
325.8,0.01953125,41.9921875,2.629375,-0.875244140625
326.1,0.0244140625,41.015625,2.629375,-0.875244140625
326.4,0.01953125,42.96875,2.629375,-0.875244140625
326.7,0.0244140625,42.96875,2.629375,-0.875244140625
327.0,0.0244140625,41.9921875,2.629375,-0.875244140625
327.3,0.0244140625,42.96875,2.61604492187,-0.875244140625
327.6,0.0244140625,41.9921875,2.629375,-0.875244140625
327.9,0.0244140625,41.9921875,2.629375,-0.875244140625
328.2,0.01953125,41.9921875,2.629375,-0.875244140625
328.5,0.0244140625,41.9921875,2.629375,-0.87646484375
328.8,0.029296875,42.96875,2.64270507812,-0.875244140625
329.1,0.01953125,41.9921875,2.64270507812,-0.8740234375
329.4,0.01953125,42.96875,2.64270507812,-0.875244140625
329.7,0.0244140625,42.96875,2.64270507812,-0.875244140625
330.0,0.01953125,41.015625,2.629375,-0.875244140625
330.3,0.0244140625,41.9921875,2.629375,-0.8740234375
330.6,0.0244140625,41.9921875,2.629375,-0.875244140625
330.9,0.0244140625,41.9921875,2.61604492187,-0.875244140625
331.2,0.0244140625,41.9921875,2.61604492187,-0.875244140625
331.5,0.0244140625,41.9921875,2.629375,-0.875244140625
331.8,0.0244140625,41.9921875,2.629375,-0.875244140625
332.1,0.0244140625,41.9921875,2.629375,-0.8740234375
332.4,0.029296875,42.96875,2.629375,-0.875244140625
332.7,0.01953125,41.9921875,2.629375,-0.875244140625
333.0,0.0244140625,41.015625,2.629375,-0.875244140625
333.3,0.01953125,41.9921875,2.629375,-0.875244140625
333.6,0.0244140625,41.9921875,2.64270507812,-0.875244140625
333.9,0.0244140625,42.96875,2.64270507812,-0.87646484375
334.2,0.01953125,42.96875,2.629375,-0.875244140625
334.5,0.0244140625,42.96875,2.629375,-0.8740234375
334.8,0.01953125,42.96875,2.629375,-0.875244140625
335.1,0.0244140625,42.96875,2.61604492187,-0.875244140625
335.4,0.0244140625,42.96875,2.629375,-0.875244140625
335.7,0.029296875,41.015625,2.64270507812,-0.875244140625
336.0,0.0244140625,41.9921875,2.64270507812,-0.875244140625
336.3,0.0244140625,41.9921875,2.629375,-0.875244140625
336.6,0.01953125,41.9921875,2.64270507812,-0.875244140625
336.9,0.01953125,41.9921875,2.629375,-0.875244140625
337.2,0.01953125,42.96875,2.629375,-0.8740234375
337.5,0.0244140625,41.9921875,2.64270507812,-0.875244140625
337.8,0.0244140625,42.96875,2.61604492187,-0.87646484375
338.1,0.029296875,41.9921875,2.64270507812,-0.875244140625
338.4,0.0244140625,42.96875,2.629375,-0.875244140625
338.7,0.0244140625,42.96875,2.629375,-0.875244140625
339.0,0.0244140625,41.9921875,2.64270507812,-0.87646484375
339.3,0.01953125,41.9921875,2.64270507812,-0.875244140625
339.6,0.01953125,41.9921875,2.629375,-0.8740234375
339.9,0.0244140625,43.9453125,2.629375,-0.87646484375
340.2,0.0244140625,42.96875,2.64270507812,-0.8740234375
340.5,0.0244140625,41.9921875,2.629375,-0.875244140625
340.8,0.0244140625,42.96875,2.629375,-0.8740234375
341.1,0.0244140625,41.9921875,2.64270507812,-0.875244140625
341.4,0.0244140625,43.9453125,2.629375,-0.8740234375
341.7,0.0244140625,42.96875,2.629375,-0.875244140625
342.0,0.0244140625,42.96875,2.64270507812,-0.875244140625
342.3,0.029296875,41.9921875,2.64270507812,-0.875244140625
342.6,0.0244140625,41.9921875,2.629375,-0.87646484375
342.9,0.0244140625,42.96875,2.64270507812,-0.87646484375
343.2,0.0244140625,41.9921875,2.629375,-0.875244140625
343.5,0.029296875,41.9921875,2.629375,-0.875244140625
343.8,0.0244140625,41.015625,2.629375,-0.875244140625
344.1,0.0244140625,41.9921875,2.629375,-0.875244140625
344.4,0.0244140625,41.9921875,2.64270507812,-0.875244140625
344.7,0.0244140625,41.015625,2.629375,-0.87646484375
345.0,0.0244140625,42.96875,2.629375,-0.875244140625
345.3,0.0244140625,41.9921875,2.629375,-0.875244140625
345.6,0.0244140625,41.015625,2.629375,-0.8740234375
345.9,0.0244140625,41.9921875,2.629375,-0.87646484375
346.2,0.01953125,42.96875,2.629375,-0.875244140625
346.5,0.0244140625,41.9921875,2.629375,-0.875244140625
346.8,0.0244140625,41.9921875,2.629375,-0.875244140625
347.1,0.0244140625,41.9921875,2.629375,-0.87646484375
347.4,0.0244140625,42.96875,2.64270507812,-0.875244140625
347.7,0.0244140625,41.9921875,2.629375,-0.875244140625
348.0,0.0244140625,42.96875,2.629375,-0.875244140625
348.3,0.0244140625,42.96875,2.629375,-0.8740234375
348.6,0.0244140625,41.9921875,2.629375,-0.875244140625
348.9,0.01953125,42.96875,2.629375,-0.87646484375
349.2,0.0244140625,42.96875,2.61604492187,-0.8740234375
349.5,0.0244140625,42.96875,2.629375,-0.87646484375
349.8,0.0244140625,41.9921875,2.629375,-0.87646484375
350.1,0.0244140625,41.9921875,2.629375,-0.875244140625
350.4,0.0244140625,41.9921875,2.629375,-0.875244140625
350.7,0.0244140625,41.9921875,2.629375,-0.875244140625
351.0,0.0244140625,42.96875,2.629375,-0.87646484375
351.3,0.029296875,40.0390625,2.629375,-0.8740234375
351.6,0.01953125,42.96875,2.629375,-0.8740234375
351.9,0.0244140625,41.9921875,2.629375,-0.875244140625
352.2,0.0244140625,41.9921875,2.629375,-0.875244140625
352.5,0.0244140625,42.96875,2.629375,-0.875244140625
352.8,0.0244140625,42.96875,2.64270507812,-0.87646484375
353.1,0.0244140625,43.9453125,2.629375,-0.875244140625
353.4,0.0244140625,42.96875,2.64270507812,-0.8740234375
353.7,0.01953125,43.9453125,2.629375,-0.875244140625
354.0,0.0244140625,41.015625,2.629375,-0.8740234375
354.3,0.0244140625,42.96875,2.64270507812,-0.875244140625
354.6,0.0244140625,41.9921875,2.629375,-0.875244140625
354.9,0.0244140625,41.9921875,2.61604492187,-0.875244140625
355.2,0.0244140625,42.96875,2.629375,-0.875244140625
355.5,0.0244140625,41.9921875,2.629375,-0.875244140625
355.8,0.01953125,41.015625,2.629375,-0.8740234375
356.1,0.0244140625,41.9921875,2.629375,-0.875244140625
356.4,0.0244140625,41.9921875,2.629375,-0.87646484375
356.7,0.01953125,41.9921875,2.629375,-0.875244140625
357.0,0.0244140625,41.9921875,2.629375,-0.87646484375
357.3,0.0244140625,41.9921875,2.629375,-0.875244140625
357.6,0.0244140625,40.0390625,2.64270507812,-0.8740234375
357.9,0.0244140625,43.9453125,2.629375,-0.87646484375
358.2,0.0244140625,41.015625,2.629375,-0.875244140625
358.5,0.0244140625,41.015625,2.61604492187,-0.875244140625
358.8,0.0244140625,41.9921875,2.61604492187,-0.875244140625
359.1,0.0244140625,41.9921875,2.629375,-0.8740234375
359.4,0.0244140625,41.015625,2.629375,-0.875244140625
359.7,0.01953125,42.96875,2.629375,-0.875244140625
360.0,0.01953125,41.9921875,2.64270507812,-0.875244140625
360.3,0.0244140625,43.9453125,2.629375,-0.875244140625
360.6,0.0244140625,41.9921875,2.629375,-0.875244140625
360.9,0.01953125,41.9921875,2.629375,-0.875244140625
361.2,0.0244140625,41.9921875,2.629375,-0.875244140625
361.5,0.01953125,41.9921875,2.61604492187,-0.87646484375
361.8,0.0244140625,41.015625,2.629375,-0.87646484375
362.1,0.0244140625,41.9921875,2.629375,-0.8740234375
362.4,0.0244140625,41.9921875,2.629375,-0.875244140625
362.7,0.0244140625,41.9921875,2.64270507812,-0.875244140625
363.0,0.0244140625,43.9453125,2.629375,-0.875244140625
363.3,0.01953125,42.96875,2.629375,-0.875244140625
363.6,0.0244140625,41.9921875,2.629375,-0.875244140625
363.9,0.01953125,42.96875,2.629375,-0.875244140625
364.2,0.0244140625,41.015625,2.64270507812,-0.875244140625
364.5,0.029296875,41.9921875,2.629375,-0.875244140625
364.8,0.01953125,41.9921875,2.64270507812,-0.875244140625
365.1,0.0244140625,42.96875,2.629375,-0.875244140625
365.4,0.01953125,41.015625,2.629375,-0.875244140625
365.7,0.01953125,41.9921875,2.629375,-0.875244140625
366.0,0.0244140625,41.015625,2.629375,-0.875244140625
366.3,0.0244140625,41.9921875,2.629375,-0.875244140625
366.6,0.0244140625,41.9921875,2.629375,-0.875244140625
366.9,0.0244140625,41.9921875,2.64270507812,-0.875244140625
367.2,0.01953125,41.9921875,2.61604492187,-0.875244140625
367.5,0.0244140625,41.015625,2.61604492187,-0.875244140625
367.8,0.0244140625,42.96875,2.629375,-0.8740234375
368.1,0.0244140625,42.96875,2.629375,-0.8740234375
368.4,0.0244140625,42.96875,2.629375,-0.875244140625
368.7,0.0244140625,42.96875,2.629375,-0.875244140625
369.0,0.029296875,41.9921875,2.61604492187,-0.875244140625
369.3,0.0244140625,41.9921875,2.629375,-0.875244140625
369.6,0.0244140625,41.9921875,2.629375,-0.875244140625
369.9,0.0244140625,41.9921875,2.629375,-0.875244140625
370.2,0.01953125,42.96875,2.629375,-0.875244140625
370.5,0.0244140625,42.96875,2.629375,-0.875244140625
370.8,0.0244140625,41.9921875,2.629375,-0.875244140625
371.1,0.0244140625,42.96875,2.629375,-0.875244140625
371.4,0.0244140625,41.015625,2.64270507812,-0.875244140625
371.7,0.0244140625,41.9921875,2.64270507812,-0.875244140625
372.0,0.0244140625,41.9921875,2.64270507812,-0.875244140625
372.3,0.0244140625,41.9921875,2.629375,-0.875244140625
372.6,0.0244140625,41.9921875,2.64270507812,-0.875244140625
372.9,0.0244140625,41.9921875,2.629375,-0.875244140625
373.2,0.0244140625,41.9921875,2.629375,-0.875244140625
373.5,0.0244140625,42.96875,2.629375,-0.875244140625
373.8,0.0244140625,41.9921875,2.629375,-0.875244140625
374.1,0.0244140625,41.9921875,2.629375,-0.875244140625
374.4,0.0244140625,43.9453125,2.629375,-0.875244140625
374.7,0.0244140625,41.9921875,2.629375,-0.875244140625
375.0,0.0244140625,40.0390625,2.629375,-0.8740234375
375.3,0.0244140625,41.9921875,2.629375,-0.875244140625
375.6,0.0244140625,41.9921875,2.64270507812,-0.875244140625
375.9,0.0244140625,41.015625,2.61604492187,-0.875244140625
376.2,0.01953125,41.9921875,2.629375,-0.8740234375
376.5,0.029296875,41.9921875,2.629375,-0.875244140625
376.8,0.0244140625,42.96875,2.629375,-0.875244140625
377.1,0.0244140625,41.9921875,2.629375,-0.875244140625
377.4,0.01953125,40.0390625,2.629375,-0.875244140625
377.7,0.0244140625,42.96875,2.629375,-0.875244140625
378.0,0.0244140625,41.9921875,2.629375,-0.875244140625
378.3,0.0244140625,41.9921875,2.61604492187,-0.875244140625
378.6,0.0244140625,41.9921875,2.629375,-0.875244140625
378.9,0.0244140625,42.96875,2.629375,-0.8740234375
379.2,0.0244140625,41.9921875,2.61604492187,-0.87646484375
379.5,0.029296875,42.96875,2.629375,-0.875244140625
379.8,0.01953125,42.96875,2.629375,-0.875244140625
380.1,0.01953125,40.0390625,2.61604492187,-0.8740234375
380.4,0.0244140625,40.0390625,2.61604492187,-0.875244140625
380.7,0.01953125,42.96875,2.64270507812,-0.875244140625
381.0,0.0244140625,41.9921875,2.61604492187,-0.875244140625
381.3,0.0244140625,41.9921875,2.61604492187,-0.875244140625
381.6,0.0244140625,41.9921875,2.64270507812,-0.875244140625
381.9,0.029296875,41.9921875,2.629375,-0.875244140625
382.2,0.01953125,42.96875,2.629375,-0.875244140625
382.5,0.0244140625,41.015625,2.64270507812,-0.8740234375
382.8,0.0244140625,41.9921875,2.64270507812,-0.875244140625
383.1,0.0244140625,41.9921875,2.629375,-0.875244140625
383.4,0.029296875,41.9921875,2.64270507812,-0.875244140625
383.7,0.0244140625,41.015625,2.629375,-0.875244140625
384.0,0.0244140625,41.9921875,2.629375,-0.875244140625
384.3,0.0244140625,42.96875,2.629375,-0.875244140625
384.6,0.029296875,41.9921875,2.629375,-0.87646484375
384.9,0.029296875,43.9453125,2.629375,-0.8740234375
385.2,0.0244140625,42.96875,2.629375,-0.875244140625
385.5,0.0244140625,41.9921875,2.629375,-0.875244140625
385.8,0.0244140625,41.9921875,2.629375,-0.875244140625
386.1,0.0244140625,41.9921875,2.629375,-0.875244140625
386.4,0.0244140625,41.9921875,2.64270507812,-0.875244140625
386.7,0.0244140625,41.9921875,2.629375,-0.875244140625
387.0,0.0244140625,41.9921875,2.64270507812,-0.8740234375
387.3,0.0244140625,41.9921875,2.629375,-0.875244140625
387.6,0.0244140625,41.9921875,2.629375,-0.8740234375
387.9,0.0244140625,41.015625,2.629375,-0.875244140625
388.2,0.01953125,41.9921875,2.629375,-0.875244140625
388.5,0.0244140625,42.96875,2.629375,-0.875244140625
388.8,0.0244140625,41.9921875,2.629375,-0.875244140625
389.1,0.0244140625,41.015625,2.61604492187,-0.87646484375
389.4,0.029296875,41.9921875,2.629375,-0.875244140625
389.7,0.0244140625,42.96875,2.629375,-0.875244140625
390.0,0.01953125,41.9921875,2.629375,-0.875244140625
390.3,0.0244140625,41.015625,2.629375,-0.87646484375
390.6,0.0244140625,41.9921875,2.61604492187,-0.875244140625
390.9,0.0244140625,41.015625,2.64270507812,-0.87646484375
391.2,0.0244140625,42.96875,2.64270507812,-0.875244140625
391.5,0.01953125,41.015625,2.629375,-0.875244140625
391.8,0.0244140625,42.96875,2.64270507812,-0.875244140625
392.1,0.01953125,41.9921875,2.629375,-0.875244140625
392.4,0.0244140625,41.9921875,2.629375,-0.875244140625
392.7,0.0244140625,42.96875,2.629375,-0.875244140625
393.0,0.0244140625,43.9453125,2.629375,-0.875244140625
393.3,0.01953125,41.9921875,2.629375,-0.875244140625
393.6,0.0244140625,42.96875,2.629375,-0.875244140625
393.9,0.0244140625,41.015625,2.629375,-0.875244140625
394.2,0.0244140625,41.9921875,2.629375,-0.875244140625
394.5,0.0244140625,41.9921875,2.629375,-0.875244140625
394.8,0.0244140625,41.9921875,2.629375,-0.8740234375
395.1,0.0244140625,41.9921875,2.629375,-0.87646484375
395.4,0.01953125,42.96875,2.629375,-0.875244140625
395.7,0.0244140625,41.015625,2.629375,-0.875244140625
396.0,0.0244140625,41.9921875,2.629375,-0.87646484375
396.3,0.0244140625,41.9921875,2.629375,-0.875244140625
396.6,0.0244140625,41.9921875,2.64270507812,-0.875244140625
396.9,0.0244140625,43.9453125,2.629375,-0.8740234375
397.2,0.01953125,41.9921875,2.629375,-0.875244140625
397.5,0.0244140625,43.9453125,2.629375,-0.875244140625
397.8,0.0244140625,41.015625,2.629375,-0.875244140625
398.1,0.0244140625,41.9921875,2.629375,-0.872802734375
398.4,0.0244140625,42.96875,2.61604492187,-0.875244140625
398.7,0.029296875,42.96875,2.64270507812,-0.875244140625
399.0,0.0244140625,41.9921875,2.64270507812,-0.875244140625
399.3,0.0244140625,42.96875,2.629375,-0.875244140625
399.6,0.0244140625,42.96875,2.629375,-0.87646484375
399.9,0.0244140625,41.9921875,2.629375,-0.8740234375
400.2,0.0244140625,41.9921875,2.629375,-0.875244140625
400.5,0.0244140625,41.9921875,2.64270507812,-0.87646484375
400.8,0.0244140625,41.9921875,2.629375,-0.875244140625
401.1,0.029296875,41.9921875,2.64270507812,-0.875244140625
401.4,0.0244140625,42.96875,2.629375,-0.8740234375
401.7,0.0244140625,41.015625,2.629375,-0.875244140625
402.0,0.0244140625,43.9453125,2.629375,-0.875244140625
402.3,0.0244140625,41.015625,2.629375,-0.875244140625
402.6,0.0244140625,41.9921875,2.629375,-0.875244140625
402.9,0.01953125,41.9921875,2.629375,-0.875244140625
403.2,0.0244140625,41.9921875,2.629375,-0.875244140625
403.5,0.0244140625,41.9921875,2.629375,-0.875244140625
403.8,0.0244140625,41.9921875,2.64270507812,-0.875244140625
404.1,0.01953125,41.9921875,2.629375,-0.875244140625
404.4,0.029296875,42.96875,2.629375,-0.875244140625
404.7,0.01953125,41.9921875,2.61604492187,-0.875244140625
405.0,0.0244140625,41.9921875,2.629375,-0.875244140625
405.3,0.0244140625,41.015625,2.629375,-0.875244140625
405.6,0.0244140625,41.9921875,2.629375,-0.875244140625
405.9,0.0244140625,42.96875,2.629375,-0.875244140625
406.2,0.0244140625,42.96875,2.61604492187,-0.875244140625
406.5,0.0244140625,43.9453125,2.64270507812,-0.87646484375
406.8,0.0244140625,42.96875,2.61604492187,-0.8740234375
407.1,0.0244140625,41.9921875,2.629375,-0.875244140625
407.4,0.0244140625,41.9921875,2.64270507812,-0.875244140625
407.7,0.01953125,40.0390625,2.629375,-0.875244140625
408.0,0.01953125,42.96875,2.61604492187,-0.8740234375
408.3,0.0244140625,41.9921875,2.629375,-0.875244140625
408.6,0.0244140625,41.9921875,2.629375,-0.875244140625
408.9,0.0244140625,41.9921875,2.629375,-0.875244140625
409.2,0.0244140625,42.96875,2.629375,-0.875244140625
409.5,0.0244140625,41.9921875,2.629375,-0.8740234375
409.8,0.0244140625,41.9921875,2.629375,-0.875244140625
410.1,0.0244140625,41.9921875,2.629375,-0.875244140625
410.4,0.0146484375,41.9921875,2.629375,-0.87646484375
410.7,0.0244140625,42.96875,2.629375,-0.875244140625
411.0,0.029296875,41.9921875,2.64270507812,-0.875244140625
411.3,0.0244140625,41.015625,2.629375,-0.875244140625
411.6,0.0244140625,42.96875,2.629375,-0.875244140625
411.9,0.0244140625,41.9921875,2.629375,-0.87646484375
412.2,0.0244140625,41.9921875,2.629375,-0.875244140625
412.5,0.01953125,42.96875,2.629375,-0.875244140625
412.8,0.01953125,41.9921875,2.629375,-0.875244140625
413.1,0.0244140625,42.96875,2.629375,-0.875244140625
413.4,0.01953125,41.9921875,2.629375,-0.875244140625
413.7,0.0244140625,41.9921875,2.629375,-0.875244140625
414.0,0.029296875,41.9921875,2.629375,-0.875244140625
414.3,0.01953125,41.9921875,2.629375,-0.875244140625
414.6,0.0244140625,41.015625,2.629375,-0.875244140625
414.9,0.01953125,41.9921875,2.629375,-0.875244140625
415.2,0.0244140625,41.9921875,2.629375,-0.875244140625
415.5,0.0244140625,43.9453125,2.629375,-0.875244140625
415.8,0.0244140625,41.9921875,2.61604492187,-0.875244140625
416.1,0.029296875,41.9921875,2.629375,-0.875244140625
416.4,0.0244140625,41.9921875,2.629375,-0.875244140625
416.7,0.029296875,43.9453125,2.629375,-0.875244140625
417.0,0.0244140625,41.9921875,2.629375,-0.875244140625
417.3,0.0244140625,41.015625,2.61604492187,-0.875244140625
417.6,0.0244140625,41.9921875,2.629375,-0.875244140625
417.9,0.0244140625,41.9921875,2.629375,-0.875244140625
418.2,0.029296875,42.96875,2.629375,-0.875244140625
418.5,0.0244140625,41.9921875,2.629375,-0.875244140625
418.8,0.0244140625,42.96875,2.64270507812,-0.875244140625
419.1,0.01953125,41.9921875,2.629375,-0.875244140625
419.4,0.01953125,41.9921875,2.64270507812,-0.875244140625
419.7,0.0244140625,42.96875,2.64270507812,-0.875244140625
420.0,0.0244140625,41.9921875,2.629375,-0.875244140625
420.3,0.0244140625,42.96875,2.64270507812,-0.875244140625
420.6,0.0244140625,41.9921875,2.629375,-0.875244140625
420.9,0.0244140625,41.9921875,2.64270507812,-0.8740234375
421.2,0.0244140625,41.9921875,2.629375,-0.8740234375
421.5,0.0244140625,43.9453125,2.64270507812,-0.875244140625
421.8,0.0244140625,41.015625,2.61604492187,-0.875244140625
422.1,0.0244140625,42.96875,2.629375,-0.875244140625
422.4,0.0244140625,41.9921875,2.629375,-0.875244140625
422.7,0.0244140625,41.9921875,2.64270507812,-0.875244140625
423.0,0.029296875,42.96875,2.61604492187,-0.875244140625
423.3,0.0244140625,41.9921875,2.629375,-0.875244140625
423.6,0.0244140625,41.9921875,2.61604492187,-0.875244140625
423.9,0.01953125,41.9921875,2.64270507812,-0.8740234375
424.2,0.0244140625,41.9921875,2.629375,-0.875244140625
424.5,0.01953125,41.9921875,2.61604492187,-0.875244140625
424.8,0.0244140625,41.9921875,2.61604492187,-0.8740234375
425.1,0.0244140625,41.9921875,2.64270507812,-0.875244140625
425.4,0.0244140625,41.9921875,2.629375,-0.875244140625
425.7,0.0244140625,41.9921875,2.629375,-0.8740234375
426.0,0.0244140625,42.96875,2.629375,-0.8740234375
426.3,0.0244140625,41.015625,2.629375,-0.875244140625
426.6,0.029296875,41.9921875,2.629375,-0.8740234375
426.9,0.0244140625,42.96875,2.64270507812,-0.875244140625
427.2,0.0244140625,42.96875,2.64270507812,-0.875244140625
427.5,0.01953125,41.9921875,2.629375,-0.875244140625
427.8,0.0244140625,41.9921875,2.61604492187,-0.875244140625
428.1,0.0244140625,42.96875,2.629375,-0.875244140625
428.4,0.0244140625,41.9921875,2.629375,-0.87646484375
428.7,0.0244140625,41.9921875,2.629375,-0.875244140625
429.0,0.01953125,42.96875,2.629375,-0.875244140625
429.3,0.0244140625,42.96875,2.629375,-0.875244140625
429.6,0.0244140625,41.9921875,2.629375,-0.875244140625
429.9,0.0244140625,41.9921875,2.629375,-0.8740234375
430.2,0.0244140625,42.96875,2.629375,-0.875244140625
430.5,0.0244140625,41.015625,2.629375,-0.875244140625
430.8,0.0244140625,42.96875,2.64270507812,-0.877685546875
431.1,0.0244140625,41.015625,2.629375,-0.875244140625
431.4,0.0244140625,41.9921875,2.64270507812,-0.87646484375
431.7,0.0244140625,41.015625,2.629375,-0.875244140625
432.0,0.0244140625,41.9921875,2.629375,-0.875244140625
432.3,0.01953125,39.0625,2.629375,-0.875244140625
432.6,0.0244140625,41.9921875,2.629375,-0.8740234375
432.9,0.0244140625,41.015625,2.629375,-0.875244140625
433.2,0.0244140625,42.96875,2.629375,-0.875244140625
433.5,0.0244140625,41.015625,2.629375,-0.875244140625
433.8,0.0244140625,40.0390625,2.61604492187,-0.87646484375
434.1,0.0244140625,41.9921875,2.629375,-0.875244140625
434.4,0.0244140625,41.9921875,2.629375,-0.875244140625
434.7,0.0244140625,41.9921875,2.629375,-0.875244140625
435.0,0.0244140625,41.9921875,2.64270507812,-0.875244140625
435.3,0.01953125,42.96875,2.629375,-0.875244140625
435.6,0.0244140625,41.015625,2.629375,-0.875244140625
435.9,0.0244140625,41.015625,2.629375,-0.8740234375
436.2,0.0244140625,42.96875,2.629375,-0.875244140625
436.5,0.029296875,42.96875,2.61604492187,-0.8740234375
436.8,0.0244140625,41.9921875,2.64270507812,-0.875244140625
437.1,0.0244140625,41.9921875,2.61604492187,-0.875244140625
437.4,0.0244140625,41.9921875,2.629375,-0.875244140625
437.7,0.0244140625,41.9921875,2.629375,-0.8740234375
438.0,0.0244140625,41.015625,2.629375,-0.875244140625
438.3,0.0244140625,41.015625,2.61604492187,-0.875244140625
438.6,0.0244140625,43.9453125,2.629375,-0.875244140625
438.9,0.01953125,42.96875,2.629375,-0.8740234375
439.2,0.0244140625,41.015625,2.629375,-0.87646484375
439.5,0.0244140625,43.9453125,2.629375,-0.875244140625
439.8,0.0244140625,41.9921875,2.629375,-0.875244140625
440.1,0.0244140625,41.9921875,2.64270507812,-0.8740234375
440.4,0.0244140625,42.96875,2.629375,-0.8740234375
440.7,0.0244140625,41.9921875,2.64270507812,-0.875244140625
441.0,0.0244140625,42.96875,2.629375,-0.875244140625
441.3,0.0244140625,41.9921875,2.629375,-0.87646484375
441.6,0.01953125,42.96875,2.61604492187,-0.875244140625
441.9,0.01953125,41.9921875,2.629375,-0.875244140625
442.2,0.0244140625,41.015625,2.61604492187,-0.8740234375
442.5,0.0244140625,42.96875,2.629375,-0.875244140625
442.8,0.01953125,41.9921875,2.61604492187,-0.875244140625
443.1,0.0244140625,41.015625,2.64270507812,-0.875244140625
443.4,0.029296875,41.9921875,2.629375,-0.875244140625
443.7,0.0244140625,42.96875,2.629375,-0.87646484375
444.0,0.0244140625,41.9921875,2.629375,-0.8740234375
444.3,0.0244140625,43.9453125,2.629375,-0.875244140625
444.6,0.0244140625,41.9921875,2.61604492187,-0.875244140625
444.9,0.0244140625,41.9921875,2.64270507812,-0.875244140625
445.2,0.0244140625,41.9921875,2.61604492187,-0.875244140625
445.5,0.0244140625,42.96875,2.629375,-0.8740234375
445.8,0.0244140625,41.9921875,2.629375,-0.875244140625
446.1,0.029296875,43.9453125,2.629375,-0.87646484375
446.4,0.0244140625,41.9921875,2.629375,-0.875244140625
446.7,0.0244140625,41.9921875,2.64270507812,-0.875244140625
447.0,0.01953125,41.9921875,2.629375,-0.875244140625
447.3,0.0244140625,40.0390625,2.629375,-0.875244140625
447.6,0.0244140625,41.9921875,2.629375,-0.8740234375
447.9,0.0244140625,42.96875,2.629375,-0.875244140625
448.2,0.0244140625,41.9921875,2.629375,-0.875244140625
448.5,0.0244140625,41.9921875,2.629375,-0.87646484375
448.8,0.029296875,41.9921875,2.64270507812,-0.875244140625
449.1,0.0244140625,41.9921875,2.629375,-0.875244140625
449.4,0.0244140625,42.96875,2.629375,-0.875244140625
449.7,0.029296875,41.9921875,2.61604492187,-0.875244140625
450.0,0.0244140625,41.9921875,2.629375,-0.875244140625
450.3,0.01953125,41.015625,2.629375,-0.875244140625
450.6,0.0244140625,41.9921875,2.64270507812,-0.875244140625
450.9,0.01953125,41.9921875,2.629375,-0.875244140625
451.2,0.0244140625,42.96875,2.629375,-0.875244140625
451.5,0.0244140625,41.9921875,2.61604492187,-0.875244140625
451.8,0.0244140625,41.9921875,2.64270507812,-0.875244140625
452.1,0.0244140625,41.9921875,2.61604492187,-0.8740234375
452.4,0.0244140625,41.9921875,2.629375,-0.875244140625
452.7,0.01953125,41.9921875,2.629375,-0.8740234375
453.0,0.0244140625,41.9921875,2.629375,-0.875244140625
453.3,0.0244140625,42.96875,2.629375,-0.875244140625
453.6,0.0244140625,42.96875,2.629375,-0.875244140625
453.9,0.0244140625,41.9921875,2.629375,-0.8740234375
454.2,0.0244140625,42.96875,2.61604492187,-0.875244140625
454.5,0.0244140625,41.9921875,2.629375,-0.875244140625
454.8,0.01953125,42.96875,2.629375,-0.875244140625
455.1,0.0244140625,42.96875,2.64270507812,-0.875244140625
455.4,0.01953125,43.9453125,2.629375,-0.8740234375
455.7,0.0244140625,42.96875,2.65603515625,-0.875244140625
456.0,0.0244140625,41.9921875,2.629375,-0.8740234375
456.3,0.0244140625,42.96875,2.629375,-0.875244140625
456.6,0.0244140625,42.96875,2.629375,-0.8740234375
456.9,0.0244140625,41.015625,2.629375,-0.875244140625
457.2,0.0244140625,41.9921875,2.629375,-0.8740234375
457.5,0.0244140625,41.015625,2.629375,-0.875244140625
457.8,0.0244140625,41.015625,2.629375,-0.875244140625
458.1,0.0244140625,41.9921875,2.64270507812,-0.8740234375
458.4,0.0244140625,43.9453125,2.629375,-0.875244140625
458.7,0.0244140625,41.9921875,2.629375,-0.8740234375
459.0,0.01953125,40.0390625,2.64270507812,-0.875244140625
459.3,0.0244140625,42.96875,2.629375,-0.875244140625
459.6,0.0244140625,42.96875,2.629375,-0.87646484375
459.9,0.029296875,42.96875,2.64270507812,-0.8740234375
460.2,0.0244140625,42.96875,2.629375,-0.875244140625
460.5,0.0244140625,41.9921875,2.629375,-0.875244140625
460.8,0.0244140625,42.96875,2.629375,-0.875244140625
461.1,0.0244140625,41.9921875,2.629375,-0.875244140625
461.4,0.0244140625,41.9921875,2.629375,-0.875244140625
461.7,0.01953125,41.9921875,2.64270507812,-0.87646484375
462.0,0.0244140625,41.9921875,2.64270507812,-0.875244140625
462.3,0.0244140625,42.96875,2.629375,-0.875244140625
462.6,0.029296875,42.96875,2.629375,-0.87646484375
462.9,0.0244140625,41.9921875,2.629375,-0.875244140625
463.2,0.0244140625,42.96875,2.61604492187,-0.87646484375
463.5,0.01953125,41.015625,2.629375,-0.875244140625
463.8,0.0244140625,41.9921875,2.629375,-0.875244140625
464.1,0.0244140625,42.96875,2.629375,-0.875244140625
464.4,0.01953125,41.9921875,2.629375,-0.875244140625
464.7,0.01953125,41.9921875,2.629375,-0.875244140625
465.0,0.029296875,41.9921875,2.64270507812,-0.875244140625
465.3,0.0244140625,43.9453125,2.61604492187,-0.875244140625
465.6,0.0244140625,41.9921875,2.64270507812,-0.87646484375
465.9,0.0244140625,42.96875,2.629375,-0.875244140625
466.2,0.0244140625,42.96875,2.629375,-0.875244140625
466.5,0.0244140625,41.015625,2.629375,-0.8740234375
466.8,0.0244140625,41.9921875,2.64270507812,-0.875244140625
467.1,0.0244140625,41.015625,2.629375,-0.8740234375
467.4,0.01953125,42.96875,2.64270507812,-0.875244140625
467.7,0.01953125,42.96875,2.629375,-0.875244140625
468.0,0.0244140625,42.96875,2.629375,-0.87646484375
468.3,0.01953125,41.9921875,2.61604492187,-0.875244140625
468.6,0.01953125,42.96875,2.64270507812,-0.87646484375
468.9,0.0244140625,41.9921875,2.629375,-0.875244140625
469.2,0.0244140625,41.015625,2.629375,-0.875244140625
469.5,0.0244140625,42.96875,2.629375,-0.875244140625
469.8,0.0244140625,41.9921875,2.64270507812,-0.87646484375
