0.0,0.810546875,-216.796875,2.1494921875,-0.330810546875
0.3,0.810546875,83.984375,2.13616210937,-0.540771484375
0.6,0.810546875,-135.7421875,2.13616210937,-0.511474609375
0.9,0.810546875,-56.640625,2.1494921875,-0.526123046875
1.2,0.810546875,-11.71875,2.1494921875,-0.517578125
1.5,0.810546875,-5.859375,2.1494921875,-0.516357421875
1.8,0.810546875,-22.4609375,2.1494921875,-0.506591796875
2.1,0.810546875,-19.53125,2.1494921875,-0.516357421875
2.4,0.810546875,-19.53125,2.13616210937,-0.517578125
2.7,0.810546875,-18.5546875,2.13616210937,-0.5126953125
3.0,0.810546875,-18.5546875,2.1494921875,-0.516357421875
3.3,0.810546875,-20.5078125,2.1494921875,-0.528564453125
3.6,0.810546875,-10.7421875,2.1494921875,-0.167236328125
3.9,0.810546875,-10.7421875,2.1494921875,0.469970703125
4.2,0.810546875,-263.671875,2.1494921875,0.45654296875
4.5,0.810546875,268.5546875,2.1494921875,-0.572509765625
4.8,0.810546875,-255.859375,2.1494921875,0.46142578125
5.1,0.810546875,131.8359375,2.13616210937,-0.5712890625
5.4,0.810546875,152.34375,2.13616210937,-0.560302734375
5.7,0.810546875,-224.609375,2.13616210937,-0.250244140625
6.0,0.810546875,-135.7421875,2.1494921875,-0.52734375
6.3,0.810546875,-6.8359375,2.13616210937,-0.49560546875
6.6,0.810546875,-49.8046875,2.13616210937,-0.51513671875
6.9,0.810546875,-21.484375,2.13616210937,-0.518798828125
7.2,0.810546875,-17.578125,2.13616210937,-0.52001953125
7.5,0.810546875,-16.6015625,2.1494921875,-0.52001953125
7.8,0.810546875,-12.6953125,2.1494921875,-0.523681640625
8.1,0.810546875,-33.203125,2.16282226563,-0.51513671875
8.4,0.810546875,-10.7421875,2.1494921875,-0.526123046875
8.7,0.810546875,-9.765625,2.13616210937,-0.516357421875
9.0,0.810546875,-22.4609375,2.1494921875,-0.576171875
9.3,0.810546875,-20.5078125,2.1494921875,0.46630859375
9.6,0.810546875,166.015625,2.13616210937,-0.576171875
9.9,0.810546875,-251.953125,2.13616210937,0.438232421875
10.2,0.810546875,233.3984375,2.13616210937,-0.57373046875
10.5,0.810546875,-246.09375,2.16282226563,0.443115234375
10.8,0.810546875,136.71875,2.1494921875,-0.570068359375
11.1,0.810546875,-240.234375,2.1494921875,0.247802734375
11.4,0.810546875,102.5390625,2.1494921875,-0.548095703125
11.7,0.810546875,47.8515625,2.1494921875,-0.52490234375
12.0,0.810546875,-53.7109375,2.1494921875,-0.518798828125
12.3,0.810546875,-20.5078125,2.1494921875,-0.52001953125
12.6,0.810546875,-13.671875,2.1494921875,-0.517578125
12.9,0.810546875,-24.4140625,2.1494921875,-0.52001953125
13.2,0.810546875,-19.53125,2.1494921875,-0.52001953125
13.5,0.810546875,-5.859375,2.1494921875,-0.518798828125
13.8,0.810546875,-14.6484375,2.1494921875,-0.521240234375
14.1,0.810546875,-8.7890625,2.13616210937,-0.516357421875
14.4,0.810546875,-6.8359375,2.1494921875,-0.570068359375
14.7,0.810546875,-29.296875,2.1494921875,0.46630859375
15.0,0.810546875,101.5625,2.1494921875,-0.576171875
15.3,0.810546875,-263.671875,2.1494921875,0.4541015625
15.6,0.810546875,251.953125,2.13616210937,-0.574951171875
15.9,0.810546875,-246.09375,2.1494921875,0.44921875
16.2,0.810546875,117.1875,2.1494921875,-0.570068359375
16.5,0.810546875,-247.0703125,2.1494921875,0.2490234375
16.8,0.810546875,112.3046875,2.1494921875,-0.54931640625
17.1,0.810546875,-195.3125,2.1494921875,-0.513916015625
17.4,0.810546875,25.390625,2.1494921875,-0.521240234375
17.7,0.810546875,-66.40625,2.1494921875,-0.52001953125
18.0,0.810546875,-31.25,2.1494921875,-0.504150390625
18.3,0.810546875,-15.625,2.1494921875,-0.52001953125
18.6,0.810546875,-16.6015625,2.13616210937,-0.517578125
18.9,0.810546875,-17.578125,2.1494921875,-0.521240234375
19.2,0.810546875,-17.578125,2.1494921875,0.36865234375
19.5,0.810546875,-15.625,2.13616210937,-0.576171875
19.8,0.810546875,-163.0859375,2.13616210937,0.46630859375
20.1,0.810546875,226.5625,2.1494921875,-0.5712890625
20.4,0.810546875,-262.6953125,2.1494921875,0.455322265625
20.7,0.810546875,172.8515625,2.13616210937,-0.572509765625
21.0,0.810546875,-223.6328125,2.1494921875,0.419921875
21.3,0.810546875,187.5,2.1494921875,-0.565185546875
21.6,0.810546875,95.703125,2.1494921875,-0.52978515625
21.9,0.810546875,-128.90625,2.1494921875,-0.5126953125
22.2,0.810546875,-16.6015625,2.1494921875,-0.516357421875
22.5,0.810546875,-29.296875,2.1494921875,-0.52734375
22.8,0.810546875,-37.109375,2.1494921875,-0.521240234375
23.1,0.810546875,-4.8828125,2.1494921875,-0.518798828125
23.4,0.810546875,-21.484375,2.1494921875,-0.5126953125
23.7,0.810546875,-12.6953125,2.1494921875,-0.516357421875
24.0,0.810546875,-5.859375,2.1494921875,-0.50537109375
24.3,0.810546875,-18.5546875,2.1494921875,-0.516357421875
24.6,0.810546875,-18.5546875,2.16282226563,-0.02197265625
24.9,0.810546875,-16.6015625,2.1494921875,-0.574951171875
25.2,0.810546875,-41.015625,2.1494921875,0.46630859375
25.5,0.810546875,267.578125,2.1494921875,-0.576171875
25.8,0.810546875,-275.390625,2.1494921875,0.440673828125
26.1,0.810546875,211.9140625,2.13616210937,-0.576171875
26.4,0.810546875,-229.4921875,2.1494921875,0.438232421875
26.7,0.810546875,180.6640625,2.1494921875,-0.56884765625
27.0,0.810546875,-240.234375,2.1494921875,0.220947265625
27.3,0.810546875,102.5390625,2.1494921875,-0.543212890625
27.6,0.810546875,-176.7578125,2.1494921875,-0.498046875
27.9,0.810546875,41.015625,2.13616210937,-0.51513671875
28.2,0.810546875,-56.640625,2.13616210937,-0.52490234375
28.5,0.810546875,-25.390625,2.1494921875,-0.5078125
28.8,0.810546875,-9.765625,2.13616210937,-0.518798828125
29.1,0.810546875,-12.6953125,2.1494921875,-0.517578125
29.4,0.810546875,-25.390625,2.1494921875,-0.52001953125
29.7,0.810546875,-14.6484375,2.1494921875,-0.516357421875
30.0,0.810546875,-5.859375,2.1494921875,-0.518798828125
30.3,0.810546875,-26.3671875,2.1494921875,-0.518798828125
30.6,0.810546875,-16.6015625,2.1494921875,-0.518798828125
30.9,0.810546875,-16.6015625,2.13616210937,0.474853515625
31.2,0.810546875,-17.578125,2.1494921875,-0.577392578125
31.5,0.810546875,-144.53125,2.1494921875,0.467529296875
31.8,0.810546875,235.3515625,2.13616210937,-0.57373046875
32.1,0.810546875,-275.390625,2.1494921875,0.44677734375
32.4,0.810546875,208.984375,2.1494921875,-0.57373046875
32.7,0.810546875,-217.7734375,2.1494921875,0.438232421875
33.0,0.810546875,181.640625,2.13616210937,-0.56884765625
33.3,0.810546875,-231.4453125,2.13616210937,0.1611328125
33.6,0.810546875,93.75,2.13616210937,-0.543212890625
33.9,0.810546875,35.15625,2.13616210937,-0.4931640625
34.2,0.810546875,-9.765625,2.1494921875,-0.511474609375
34.5,0.810546875,-5.859375,2.13616210937,-0.516357421875
34.8,0.810546875,-25.390625,2.1494921875,-0.516357421875
35.1,0.810546875,-18.5546875,2.1494921875,-0.518798828125
35.4,0.810546875,-21.484375,2.1494921875,-0.50537109375
35.7,0.810546875,-13.671875,2.1494921875,-0.5126953125
36.0,0.810546875,-17.578125,2.1494921875,-0.244140625
36.3,0.810546875,-15.625,2.1494921875,-0.57861328125
36.6,0.810546875,-15.625,2.13616210937,0.47119140625
36.9,0.810546875,208.984375,2.1494921875,0.445556640625
37.2,0.810546875,-267.578125,2.1494921875,0.460205078125
37.5,0.810546875,131.8359375,2.1494921875,-0.5712890625
0.0,0.810546875,65.4296875,2.1494921875,-0.533447265625
0.3,0.810546875,-76.171875,2.13616210937,-0.53466796875
0.6,0.810546875,-8.7890625,2.13616210937,-0.513916015625
0.9,0.810546875,-9.765625,2.1494921875,-0.517578125
1.2,0.810546875,-22.4609375,2.13616210937,-0.518798828125
1.5,0.810546875,-7.8125,2.1494921875,-0.51513671875
1.8,0.810546875,-14.6484375,2.1494921875,-0.518798828125
2.1,0.810546875,-14.6484375,2.13616210937,-0.52001953125
2.4,0.810546875,-16.6015625,2.1494921875,-0.517578125
2.7,0.810546875,-12.6953125,2.13616210937,-0.518798828125
3.0,0.810546875,-17.578125,2.1494921875,-0.518798828125
3.3,0.810546875,-17.578125,2.13616210937,-0.570068359375
3.6,0.810546875,-18.5546875,2.13616210937,0.462646484375
3.9,0.810546875,12.6953125,2.13616210937,-0.57861328125
4.2,0.810546875,-287.109375,2.1494921875,0.465087890625
4.5,0.810546875,218.75,2.1494921875,-0.572509765625
4.8,0.810546875,-266.6015625,2.1494921875,0.455322265625
5.1,0.810546875,192.3828125,2.1494921875,0.439453125
5.4,0.810546875,-241.2109375,2.1494921875,0.157470703125
5.7,0.810546875,100.5859375,2.1494921875,-0.543212890625
6.0,0.810546875,-190.4296875,2.13616210937,-0.51513671875
6.3,0.810546875,-26.3671875,2.1494921875,-0.513916015625
6.6,0.810546875,-24.4140625,2.1494921875,-0.52490234375
6.9,0.810546875,-29.296875,2.1494921875,-0.517578125
7.2,0.810546875,-19.53125,2.13616210937,-0.52734375
7.5,0.810546875,-26.3671875,2.1494921875,-0.509033203125
7.8,0.810546875,-21.484375,2.13616210937,-0.5126953125
8.1,0.810546875,-13.671875,2.1494921875,-0.52001953125
8.4,0.810546875,-23.4375,2.1494921875,-0.540771484375
8.7,0.810546875,-11.71875,2.13616210937,0.47119140625
9.0,0.810546875,-4.8828125,2.1494921875,-0.57861328125
9.3,0.810546875,-142.578125,2.1494921875,0.46875
9.6,0.810546875,270.5078125,2.13616210937,-0.574951171875
9.9,0.810546875,-269.53125,2.1494921875,0.43701171875
10.2,0.810546875,216.796875,2.13616210937,-0.57373046875
10.5,0.810546875,-240.234375,2.13616210937,0.44189453125
10.8,0.810546875,119.140625,2.13616210937,-0.5712890625
11.1,0.810546875,-244.140625,2.1494921875,0.384521484375
11.4,0.810546875,142.578125,2.1494921875,-0.55908203125
11.7,0.810546875,-208.0078125,2.1494921875,-0.24658203125
12.0,0.810546875,83.0078125,2.13616210937,-0.5419921875
12.3,0.810546875,-138.671875,2.1494921875,-0.5224609375
12.6,0.810546875,34.1796875,2.1494921875,-0.50048828125
12.9,0.810546875,-60.546875,2.1494921875,-0.5126953125
13.2,0.810546875,-12.6953125,2.13616210937,-0.52490234375
13.5,0.810546875,-24.4140625,2.1494921875,-0.52001953125
13.8,0.810546875,-26.3671875,2.1494921875,-0.516357421875
14.1,0.810546875,-28.3203125,2.1494921875,-0.517578125
14.4,0.810546875,-8.7890625,2.1494921875,-0.523681640625
14.7,0.810546875,-10.7421875,2.13616210937,-0.516357421875
15.0,0.810546875,-17.578125,2.1494921875,-0.52490234375
15.3,0.810546875,-18.5546875,2.13616210937,-0.51513671875
15.6,0.810546875,-14.6484375,2.1494921875,-0.56396484375
15.9,0.810546875,-24.4140625,2.13616210937,0.46630859375
16.2,0.810546875,-19.53125,2.13616210937,-0.577392578125
16.5,0.810546875,-227.5390625,2.13616210937,0.46875
16.8,0.810546875,212.890625,2.1494921875,-0.57373046875
17.1,0.810546875,-268.5546875,2.13616210937,0.44677734375
17.4,0.810546875,214.84375,2.1494921875,-0.574951171875
17.7,0.810546875,-223.6328125,2.1494921875,0.4345703125
18.0,0.810546875,152.34375,2.1494921875,-0.570068359375
18.3,0.810546875,-237.3046875,2.13616210937,0.225830078125
18.6,0.810546875,125.0,2.1494921875,-0.54931640625
18.9,0.810546875,-202.1484375,2.1494921875,-0.48583984375
19.2,0.810546875,66.40625,2.1494921875,-0.52734375
19.5,0.810546875,-78.125,2.13616210937,-0.52490234375
19.8,0.810546875,-15.625,2.1494921875,-0.5224609375
20.1,0.810546875,-30.2734375,2.13616210937,-0.52734375
20.4,0.810546875,-23.4375,2.1494921875,-0.516357421875
20.7,0.810546875,-3.90625,2.1494921875,-0.5224609375
21.0,0.810546875,-20.5078125,2.13616210937,-0.521240234375
21.3,0.810546875,-6.8359375,2.13616210937,-0.513916015625
21.6,0.810546875,-6.8359375,2.1494921875,-0.504150390625
21.9,0.810546875,-18.5546875,2.1494921875,-0.521240234375
22.2,0.810546875,-17.578125,2.1494921875,-0.51513671875
22.5,0.810546875,-10.7421875,2.1494921875,-0.556640625
22.8,0.810546875,-21.484375,2.1494921875,0.47119140625
23.1,0.810546875,-23.4375,2.1494921875,-0.576171875
23.4,0.810546875,-273.4375,2.1494921875,0.46630859375
23.7,0.810546875,212.890625,2.1494921875,-0.5712890625
24.0,0.810546875,-259.765625,2.13616210937,0.458984375
24.3,0.810546875,188.4765625,2.1494921875,-0.572509765625
24.6,0.810546875,-242.1875,2.1494921875,0.416259765625
24.9,0.810546875,205.078125,2.1494921875,-0.565185546875
25.2,0.810546875,-225.5859375,2.1494921875,-0.0732421875
25.5,0.810546875,94.7265625,2.13616210937,-0.538330078125
25.8,0.810546875,-147.4609375,2.1494921875,-0.52001953125
26.1,0.810546875,17.578125,2.1494921875,-0.499267578125
26.4,0.810546875,-55.6640625,2.1494921875,-0.521240234375
26.7,0.810546875,-22.4609375,2.1494921875,-0.52001953125
27.0,0.810546875,-3.90625,2.1494921875,-0.52001953125
27.3,0.810546875,-19.53125,2.13616210937,-0.518798828125
27.6,0.810546875,-16.6015625,2.1494921875,-0.52001953125
27.9,0.810546875,-17.578125,2.13616210937,-0.521240234375
28.2,0.810546875,-19.53125,2.12283203125,-0.5224609375
28.5,0.810546875,-31.25,2.1494921875,-0.517578125
28.8,0.810546875,-22.4609375,2.1494921875,-0.5712890625
29.1,0.810546875,-4.8828125,2.16282226563,-0.577392578125
29.4,0.810546875,-277.34375,2.1494921875,0.46630859375
29.7,0.810546875,249.0234375,2.1494921875,-0.5712890625
30.0,0.810546875,-267.578125,2.13616210937,0.465087890625
30.3,0.810546875,136.71875,2.1494921875,-0.572509765625
30.6,0.810546875,-227.5390625,2.13616210937,0.421142578125
30.9,0.810546875,160.15625,2.1494921875,-0.55908203125
31.2,0.810546875,-218.75,2.1494921875,-0.322265625
31.5,0.810546875,84.9609375,2.13616210937,-0.52978515625
31.8,0.810546875,-106.4453125,2.1494921875,-0.501708984375
32.1,0.810546875,-18.5546875,2.1494921875,-0.504150390625
32.4,0.810546875,-11.71875,2.1494921875,-0.5224609375
32.7,0.810546875,-26.3671875,2.1494921875,-0.5029296875
33.0,0.810546875,-15.625,2.13616210937,-0.516357421875
33.3,0.810546875,-22.4609375,2.1494921875,-0.517578125
33.6,0.810546875,-14.6484375,2.13616210937,-0.518798828125
33.9,0.810546875,-14.6484375,2.1494921875,-0.51513671875
34.2,0.810546875,-22.4609375,2.1494921875,-0.57861328125
34.5,0.810546875,-19.53125,2.1494921875,0.469970703125
34.8,0.810546875,162.109375,2.1494921875,-0.576171875
35.1,0.810546875,-238.28125,2.13616210937,0.44189453125
35.4,0.810546875,229.4921875,2.13616210937,-0.57373046875
35.7,0.810546875,-249.0234375,2.1494921875,0.445556640625
36.0,0.810546875,127.9296875,2.1494921875,-0.57373046875
36.3,0.810546875,-242.1875,2.13616210937,0.338134765625
36.6,0.810546875,-208.0078125,2.13616210937,-0.487060546875
36.9,0.810546875,69.3359375,2.1494921875,-0.509033203125
37.2,0.810546875,-76.171875,2.1494921875,-0.511474609375
37.5,0.810546875,-26.3671875,2.1494921875,-0.517578125
37.8,0.810546875,-12.6953125,2.13616210937,-0.511474609375
38.1,0.810546875,-9.765625,2.1494921875,-0.499267578125
38.4,0.810546875,-11.71875,2.1494921875,-0.51513671875
38.7,0.810546875,-19.53125,2.1494921875,-0.5126953125
39.0,0.810546875,-19.53125,2.1494921875,-0.5224609375
39.3,0.810546875,-18.5546875,2.13616210937,-0.15869140625
39.6,0.810546875,-3.90625,2.1494921875,-0.577392578125
39.9,0.810546875,-17.578125,2.13616210937,0.47119140625
40.2,0.810546875,274.4140625,2.1494921875,-0.577392578125
40.5,0.810546875,-272.4609375,2.13616210937,0.4345703125
40.8,0.810546875,211.9140625,2.13616210937,-0.576171875
41.1,0.810546875,-232.421875,2.13616210937,0.44677734375
41.4,0.810546875,156.25,2.1494921875,-0.570068359375
41.7,0.810546875,-227.5390625,2.13616210937,0.2490234375
42.0,0.810546875,115.234375,2.1494921875,-0.545654296875
42.3,0.810546875,-197.265625,2.13616210937,-0.52001953125
42.6,0.810546875,41.015625,2.1494921875,-0.52734375
42.9,0.810546875,-36.1328125,2.1494921875,-0.521240234375
43.2,0.810546875,-27.34375,2.13616210937,-0.517578125
43.5,0.810546875,-10.7421875,2.1494921875,-0.516357421875
43.8,0.810546875,-17.578125,2.1494921875,-0.516357421875
44.1,0.810546875,-26.3671875,2.1494921875,-0.523681640625
44.4,0.810546875,-17.578125,2.1494921875,-0.521240234375
44.7,0.810546875,-14.6484375,2.13616210937,-0.523681640625
45.0,0.810546875,-17.578125,2.1494921875,-0.509033203125
45.3,0.810546875,-15.625,2.1494921875,-0.57861328125
45.6,0.810546875,-21.484375,2.13616210937,0.4638671875
45.9,0.810546875,-0.9765625,2.1494921875,-0.576171875
46.2,0.810546875,-258.7890625,2.1494921875,0.465087890625
46.5,0.810546875,192.3828125,2.1494921875,-0.572509765625
46.8,0.810546875,-250.9765625,2.1494921875,0.4541015625
47.1,0.810546875,216.796875,2.1494921875,-0.574951171875
47.4,0.810546875,-226.5625,2.1494921875,0.43701171875
47.7,0.810546875,-241.2109375,2.1494921875,0.296630859375
48.0,0.810546875,134.765625,2.1494921875,-0.555419921875
48.3,0.810546875,-228.515625,2.1494921875,-0.400390625
48.6,0.810546875,68.359375,2.1494921875,-0.535888671875
48.9,0.810546875,-127.9296875,2.1494921875,-0.518798828125
49.2,0.810546875,5.859375,2.1494921875,-0.487060546875
49.5,0.810546875,-47.8515625,2.1494921875,-0.5224609375
49.8,0.810546875,-19.53125,2.1494921875,-0.5029296875
50.1,0.810546875,-30.2734375,2.1494921875,-0.521240234375
50.4,0.810546875,-22.4609375,2.1494921875,-0.517578125
50.7,0.810546875,-3.90625,2.13616210937,-0.52734375
51.0,0.810546875,-16.6015625,2.1494921875,-0.526123046875
51.3,0.810546875,-15.625,2.13616210937,-0.518798828125
51.6,0.810546875,-17.578125,2.1494921875,-0.509033203125
51.9,0.810546875,-22.4609375,2.1494921875,-0.523681640625
52.2,0.810546875,-14.6484375,2.1494921875,-0.177001953125
52.5,0.810546875,-15.625,2.1494921875,-0.577392578125
52.8,0.810546875,-17.578125,2.13616210937,0.46630859375
53.1,0.810546875,-19.53125,2.1494921875,-0.577392578125
53.4,0.810546875,-149.4140625,2.1494921875,0.467529296875
53.7,0.810546875,274.4140625,2.13616210937,-0.576171875
54.0,0.810546875,-260.7421875,2.1494921875,0.452880859375
54.3,0.810546875,244.140625,2.1494921875,-0.572509765625
54.6,0.810546875,-254.8828125,2.13616210937,0.460205078125
54.9,0.810546875,188.4765625,2.1494921875,-0.57373046875
55.2,0.810546875,-219.7265625,2.1494921875,0.438232421875
55.5,0.810546875,129.8828125,2.13616210937,-0.570068359375
55.8,0.810546875,-254.8828125,2.1494921875,-0.5517578125
56.1,0.810546875,95.703125,2.1494921875,-0.538330078125
56.4,0.810546875,-164.0625,2.1494921875,-0.517578125
56.7,0.810546875,53.7109375,2.13616210937,-0.518798828125
57.0,0.810546875,-72.265625,2.1494921875,-0.523681640625
57.3,0.810546875,-9.765625,2.13616210937,-0.509033203125
57.6,0.810546875,-46.875,2.12283203125,-0.516357421875
57.9,0.810546875,-20.5078125,2.1494921875,-0.52490234375
58.2,0.810546875,-19.53125,2.13616210937,-0.51025390625
58.5,0.810546875,-29.296875,2.1494921875,-0.51513671875
58.8,0.810546875,-7.8125,2.13616210937,-0.5078125
59.1,0.810546875,-21.484375,2.1494921875,-0.5126953125
59.4,0.810546875,-11.71875,2.1494921875,-0.518798828125
59.7,0.810546875,-6.8359375,2.13616210937,-0.52001953125
60.0,0.810546875,-10.7421875,2.1494921875,-0.5224609375
60.3,0.810546875,-18.5546875,2.1494921875,-0.517578125
60.6,0.810546875,-15.625,2.13616210937,-0.516357421875
60.9,0.810546875,-21.484375,2.13616210937,-0.51025390625
61.2,0.810546875,-27.34375,2.1494921875,-0.516357421875
61.5,0.810546875,-9.765625,2.1494921875,-0.537109375
61.8,0.810546875,-21.484375,2.1494921875,0.269775390625
62.1,0.810546875,-9.765625,2.1494921875,-0.57861328125
62.4,0.810546875,-18.5546875,2.1494921875,0.462646484375
62.7,0.810546875,-15.625,2.1494921875,-0.57861328125
63.0,0.810546875,-120.1171875,2.1494921875,0.46630859375
63.3,0.810546875,252.9296875,2.13616210937,-0.576171875
63.6,0.810546875,-264.6484375,2.13616210937,0.45654296875
63.9,0.810546875,215.8203125,2.1494921875,-0.572509765625
64.2,0.810546875,-252.9296875,2.1494921875,0.445556640625
64.5,0.810546875,202.1484375,2.1494921875,-0.574951171875
64.8,0.810546875,-278.3203125,2.1494921875,0.458984375
65.1,0.810546875,146.484375,2.1494921875,-0.572509765625
65.4,0.810546875,-221.6796875,2.1494921875,0.440673828125
65.7,0.810546875,145.5078125,2.1494921875,-0.56884765625
66.0,0.810546875,-253.90625,2.13616210937,0.411376953125
66.3,0.810546875,155.2734375,2.13616210937,-0.56396484375
66.6,0.810546875,-241.2109375,2.13616210937,0.057373046875
66.9,0.810546875,115.234375,2.1494921875,-0.550537109375
67.2,0.810546875,-206.0546875,2.1494921875,-0.4345703125
67.5,0.810546875,88.8671875,2.1494921875,-0.5419921875
67.8,0.810546875,-141.6015625,2.1494921875,-0.50537109375
68.1,0.810546875,-36.1328125,2.1494921875,-0.513916015625
68.4,0.810546875,-23.4375,2.1494921875,-0.518798828125
68.7,0.810546875,-16.6015625,2.1494921875,-0.51025390625
69.0,0.810546875,-17.578125,2.1494921875,-0.517578125
69.3,0.810546875,-23.4375,2.1494921875,-0.517578125
69.6,0.810546875,-25.390625,2.1494921875,-0.518798828125
69.9,0.810546875,-17.578125,2.1494921875,-0.517578125
70.2,0.810546875,-11.71875,2.13616210937,-0.52734375
70.5,0.810546875,-17.578125,2.1494921875,-0.509033203125
70.8,0.810546875,-19.53125,2.13616210937,-0.5126953125
71.1,0.810546875,-17.578125,2.1494921875,-0.511474609375
71.4,0.810546875,-12.6953125,2.13616210937,-0.538330078125
71.7,0.810546875,-29.296875,2.1494921875,0.435791015625
72.0,0.810546875,-28.3203125,2.1494921875,-0.576171875
72.3,0.810546875,-29.296875,2.1494921875,0.46630859375
72.6,0.810546875,-278.3203125,2.1494921875,0.4638671875
72.9,0.810546875,238.28125,2.13616210937,-0.572509765625
73.2,0.810546875,-274.4140625,2.1494921875,0.44189453125
73.5,0.810546875,233.3984375,2.13616210937,-0.574951171875
73.8,0.810546875,-245.1171875,2.1494921875,0.4638671875
74.1,0.810546875,167.96875,2.1494921875,-0.57373046875
74.4,0.810546875,-227.5390625,2.1494921875,0.433349609375
74.7,0.810546875,152.34375,2.1494921875,-0.570068359375
75.0,0.810546875,-264.6484375,2.13616210937,0.36865234375
75.3,0.810546875,147.4609375,2.1494921875,-0.560302734375
75.6,0.810546875,-225.5859375,2.1494921875,-0.11962890625
75.9,0.810546875,90.8203125,2.1494921875,-0.545654296875
76.2,0.810546875,-189.453125,2.1494921875,-0.518798828125
76.5,0.810546875,62.5,2.13616210937,-0.51513671875
76.8,0.810546875,-106.4453125,2.1494921875,-0.52490234375
77.1,0.810546875,-5.859375,2.1494921875,-0.51513671875
77.4,0.810546875,-41.015625,2.1494921875,-0.521240234375
77.7,0.810546875,-24.4140625,2.1494921875,-0.5078125
78.0,0.810546875,-3.90625,2.13616210937,-0.516357421875
78.3,0.810546875,-21.484375,2.1494921875,-0.513916015625
78.6,0.810546875,-12.6953125,2.13616210937,-0.516357421875
78.9,0.810546875,-20.5078125,2.1494921875,-0.52490234375
79.2,0.810546875,-9.765625,2.1494921875,-0.521240234375
79.5,0.810546875,-19.53125,2.13616210937,-0.5126953125
79.8,0.810546875,-16.6015625,2.1494921875,-0.52001953125
80.1,0.810546875,-21.484375,2.1494921875,0.472412109375
80.4,0.810546875,-83.0078125,2.13616210937,0.46875
80.7,0.810546875,275.390625,2.1494921875,-0.577392578125
81.0,0.810546875,277.34375,2.1494921875,-0.572509765625
81.3,0.810546875,-267.578125,2.1494921875,0.452880859375
81.6,0.810546875,189.453125,2.1494921875,-0.57373046875
81.9,0.810546875,-224.609375,2.1494921875,0.4443359375
82.2,0.810546875,149.4140625,2.1494921875,-0.572509765625
82.5,0.810546875,-252.9296875,2.1494921875,0.401611328125
82.8,0.810546875,137.6953125,2.1494921875,-0.29296875
83.1,0.810546875,-168.9453125,2.13616210937,-0.516357421875
83.4,0.810546875,36.1328125,2.13616210937,-0.499267578125
83.7,0.810546875,-64.453125,2.16282226563,-0.5078125
84.0,0.810546875,-5.859375,2.13616210937,-0.516357421875
84.3,0.810546875,-47.8515625,2.1494921875,-0.526123046875
84.6,0.810546875,-20.5078125,2.13616210937,-0.52001953125
84.9,0.810546875,-18.5546875,2.1494921875,-0.517578125
85.2,0.810546875,-27.34375,2.1494921875,-0.521240234375
85.5,0.810546875,-21.484375,2.1494921875,-0.516357421875
85.8,0.810546875,-13.671875,2.1494921875,-0.52001953125
86.1,0.810546875,-18.5546875,2.1494921875,-0.517578125
86.4,0.810546875,-24.4140625,2.1494921875,-0.5224609375
86.7,0.810546875,-18.5546875,2.1494921875,-0.516357421875
87.0,0.810546875,-14.6484375,2.1494921875,-0.521240234375
87.3,0.810546875,-18.5546875,2.1494921875,-0.52001953125
87.6,0.810546875,-18.5546875,2.1494921875,-0.540771484375
87.9,0.810546875,-25.390625,2.1494921875,0.469970703125
88.2,0.810546875,-12.6953125,2.1494921875,-0.576171875
88.5,0.810546875,-26.3671875,2.1494921875,0.47119140625
88.8,0.810546875,87.890625,2.1494921875,-0.57861328125
89.1,0.810546875,-281.25,2.13616210937,0.4638671875
89.4,0.810546875,223.6328125,2.1494921875,-0.572509765625
89.7,0.810546875,-279.296875,2.13616210937,0.440673828125
90.0,0.810546875,203.125,2.1494921875,-0.576171875
90.3,0.810546875,-254.8828125,2.13616210937,0.452880859375
90.6,0.810546875,121.09375,2.1494921875,-0.572509765625
90.9,0.810546875,-233.3984375,2.1494921875,0.430908203125
91.2,0.810546875,186.5234375,2.1494921875,-0.5712890625
91.5,0.810546875,-225.5859375,2.1494921875,0.16845703125
91.8,0.810546875,132.8125,2.1494921875,-0.545654296875
92.1,0.810546875,-208.984375,2.13616210937,-0.4736328125
92.4,0.810546875,85.9375,2.16282226563,-0.53955078125
92.7,0.810546875,-121.09375,2.12283203125,-0.533447265625
93.0,0.810546875,6.8359375,2.1494921875,-0.5029296875
93.3,0.810546875,-59.5703125,2.1494921875,-0.516357421875
93.6,0.810546875,-8.7890625,2.13616210937,-0.513916015625
93.9,0.810546875,-12.6953125,2.13616210937,-0.523681640625
94.2,0.810546875,-8.7890625,2.1494921875,-0.52001953125
94.5,0.810546875,-10.7421875,2.13616210937,-0.5078125
94.8,0.810546875,-14.6484375,2.13616210937,-0.518798828125
95.1,0.810546875,-11.71875,2.13616210937,-0.516357421875
95.4,0.810546875,-24.4140625,2.1494921875,-0.518798828125
95.7,0.810546875,-15.625,2.1494921875,-0.521240234375
96.0,0.810546875,-10.7421875,2.13616210937,-0.51513671875
96.3,0.810546875,-20.5078125,2.1494921875,-0.513916015625
96.6,0.810546875,-18.5546875,2.1494921875,0.472412109375
96.9,0.810546875,-17.578125,2.1494921875,-0.574951171875
97.2,0.810546875,-36.1328125,2.1494921875,0.472412109375
97.5,0.810546875,180.6640625,2.1494921875,-0.576171875
97.8,0.810546875,-275.390625,2.1494921875,0.460205078125
98.1,0.810546875,237.3046875,2.1494921875,-0.570068359375
98.4,0.810546875,-261.71875,2.13616210937,-0.57373046875
98.7,0.810546875,144.53125,2.1494921875,-0.5712890625
99.0,0.810546875,-249.0234375,2.1494921875,0.389404296875
99.3,0.810546875,122.0703125,2.13616210937,-0.55908203125
99.6,0.810546875,-222.65625,2.1494921875,-0.186767578125
99.9,0.810546875,88.8671875,2.1494921875,-0.538330078125
100.2,0.810546875,-172.8515625,2.1494921875,-0.5029296875
100.5,0.810546875,61.5234375,2.1494921875,-0.51025390625
100.8,0.810546875,-79.1015625,2.1494921875,-0.513916015625
101.1,0.810546875,-27.34375,2.1494921875,-0.48095703125
101.4,0.810546875,-27.34375,2.1494921875,-0.52001953125
101.7,0.810546875,-13.671875,2.1494921875,-0.51025390625
102.0,0.810546875,-14.6484375,2.13616210937,-0.521240234375
102.3,0.810546875,-22.4609375,2.13616210937,-0.518798828125
102.6,0.810546875,-13.671875,2.13616210937,-0.516357421875
102.9,0.810546875,-13.671875,2.1494921875,-0.5078125
103.2,0.810546875,-19.53125,2.12283203125,-0.521240234375
103.5,0.810546875,-15.625,2.13616210937,-0.5078125
103.8,0.810546875,-19.53125,2.1494921875,-0.518798828125
104.1,0.810546875,-22.4609375,2.1494921875,-0.5224609375
104.4,0.810546875,-22.4609375,2.1494921875,-0.516357421875
104.7,0.810546875,-30.2734375,2.13616210937,-0.087890625
105.0,0.810546875,-21.484375,2.13616210937,-0.577392578125
105.3,0.810546875,-17.578125,2.13616210937,0.46630859375
105.6,0.810546875,-0.9765625,2.1494921875,-0.577392578125
105.9,0.810546875,-252.9296875,2.1494921875,0.465087890625
106.2,0.810546875,219.7265625,2.1494921875,-0.572509765625
106.5,0.810546875,-270.5078125,2.1494921875,0.44189453125
106.8,0.810546875,212.890625,2.13616210937,-0.574951171875
107.1,0.810546875,-239.2578125,2.1494921875,0.4541015625
107.4,0.810546875,110.3515625,2.13616210937,-0.5712890625
107.7,0.810546875,-244.140625,2.1494921875,0.423583984375
108.0,0.810546875,162.109375,2.13616210937,-0.560302734375
108.3,0.810546875,-218.75,2.1494921875,-0.029296875
108.6,0.810546875,117.1875,2.1494921875,-0.53955078125
108.9,0.810546875,-170.8984375,2.1494921875,-0.52001953125
109.2,0.810546875,45.8984375,2.1494921875,-0.5126953125
109.5,0.810546875,-82.03125,2.1494921875,-0.52001953125
109.8,0.810546875,-12.6953125,2.1494921875,-0.516357421875
110.1,0.810546875,-30.2734375,2.13616210937,-0.511474609375
110.4,0.810546875,-29.296875,2.1494921875,-0.517578125
110.7,0.810546875,-15.625,2.1494921875,-0.513916015625
111.0,0.810546875,-18.5546875,2.13616210937,-0.518798828125
111.3,0.810546875,-8.7890625,2.13616210937,-0.517578125
111.6,0.810546875,-23.4375,2.1494921875,-0.516357421875
111.9,0.810546875,-19.53125,2.1494921875,-0.518798828125
112.2,0.810546875,-25.390625,2.1494921875,-0.52001953125
112.5,0.810546875,-13.671875,2.1494921875,-0.52001953125
112.8,0.810546875,-20.5078125,2.13616210937,-0.509033203125
113.1,0.810546875,-7.8125,2.1494921875,-0.540771484375
113.4,0.810546875,-26.3671875,2.1494921875,0.472412109375
113.7,0.810546875,-16.6015625,2.1494921875,-0.576171875
114.0,0.810546875,-21.484375,2.13616210937,0.46875
114.3,0.810546875,200.1953125,2.13616210937,-0.576171875
114.6,0.810546875,-259.765625,2.1494921875,0.44921875
114.9,0.810546875,250.9765625,2.1494921875,-0.572509765625
115.2,0.810546875,-256.8359375,2.1494921875,0.457763671875
115.5,0.810546875,193.359375,2.1494921875,-0.57373046875
115.8,0.810546875,-220.703125,2.1494921875,0.443115234375
116.1,0.810546875,148.4375,2.13616210937,-0.570068359375
116.4,0.810546875,-261.71875,2.1494921875,0.33203125
116.7,0.810546875,135.7421875,2.1494921875,-0.560302734375
117.0,0.810546875,-211.9140625,2.1494921875,-0.352783203125
117.3,0.810546875,83.0078125,2.13616210937,-0.5322265625
117.6,0.810546875,-157.2265625,2.13616210937,-0.52490234375
117.9,0.810546875,31.25,2.1494921875,-0.517578125
118.2,0.810546875,-65.4296875,2.1494921875,-0.528564453125
118.5,0.810546875,-29.296875,2.13616210937,-0.5126953125
118.8,0.810546875,-18.5546875,2.13616210937,-0.516357421875
119.1,0.810546875,-13.671875,2.1494921875,-0.51513671875
119.4,0.810546875,-15.625,2.1494921875,-0.51513671875
119.7,0.810546875,-18.5546875,2.1494921875,-0.52001953125
120.0,0.810546875,-14.6484375,2.13616210937,-0.521240234375
120.3,0.810546875,-23.4375,2.1494921875,-0.516357421875
120.6,0.810546875,-11.71875,2.1494921875,-0.51513671875
120.9,0.810546875,-14.6484375,2.1494921875,-0.52001953125
121.2,0.810546875,-18.5546875,2.1494921875,-0.526123046875
121.5,0.810546875,-18.5546875,2.13616210937,-0.526123046875
121.8,0.810546875,-13.671875,2.13616210937,-0.521240234375
122.1,0.810546875,-23.4375,2.1494921875,-0.277099609375
122.4,0.810546875,-12.6953125,2.1494921875,-0.572509765625
122.7,0.810546875,-28.3203125,2.1494921875,0.469970703125
123.0,0.810546875,-13.671875,2.1494921875,-0.576171875
123.3,0.810546875,-72.265625,2.1494921875,0.467529296875
123.6,0.810546875,243.1640625,2.1494921875,-0.576171875
123.9,0.810546875,-272.4609375,2.1494921875,0.455322265625
124.2,0.810546875,229.4921875,2.1494921875,-0.57373046875
124.5,0.810546875,-261.71875,2.13616210937,0.443115234375
124.8,0.810546875,216.796875,2.13616210937,-0.574951171875
125.1,0.810546875,-238.28125,2.1494921875,0.44677734375
125.4,0.810546875,122.0703125,2.1494921875,-0.5712890625
125.7,0.810546875,-253.90625,2.1494921875,0.416259765625
126.0,0.810546875,205.078125,2.1494921875,-0.565185546875
126.3,0.810546875,-224.609375,2.1494921875,0.13916015625
126.6,0.810546875,127.9296875,2.1494921875,-0.548095703125
126.9,0.810546875,-208.984375,2.1494921875,-0.487060546875
127.2,0.810546875,79.1015625,2.1494921875,-0.5322265625
127.5,0.810546875,-157.2265625,2.1494921875,-0.52490234375
127.8,0.810546875,39.0625,2.13616210937,-0.52001953125
128.1,0.810546875,-58.59375,2.13616210937,-0.52001953125
128.4,0.810546875,-8.7890625,2.1494921875,-0.489501953125
128.7,0.810546875,-33.203125,2.1494921875,-0.51025390625
129.0,0.810546875,-15.625,2.13616210937,-0.52001953125
129.3,0.810546875,-11.71875,2.1494921875,-0.52001953125
129.6,0.810546875,-48.828125,2.1494921875,-0.509033203125
129.9,0.810546875,-17.578125,2.1494921875,-0.526123046875
130.2,0.810546875,-19.53125,2.13616210937,-0.516357421875
130.5,0.810546875,-15.625,2.1494921875,-0.518798828125
130.8,0.810546875,-19.53125,2.1494921875,-0.5126953125
131.1,0.810546875,-17.578125,2.13616210937,-0.5224609375
131.4,0.810546875,-21.484375,2.1494921875,-0.264892578125
131.7,0.810546875,-21.484375,2.13616210937,-0.5712890625
132.0,0.810546875,-17.578125,2.13616210937,-0.577392578125
132.3,0.810546875,270.5078125,2.1494921875,0.435791015625
132.6,0.810546875,-259.765625,2.1494921875,0.4541015625
132.9,0.810546875,134.765625,2.1494921875,-0.5712890625
133.2,0.810546875,-242.1875,2.1494921875,0.426025390625
133.5,0.810546875,185.546875,2.13616210937,-0.570068359375
133.8,0.810546875,-234.375,2.13616210937,0.22216796875
134.1,0.810546875,129.8828125,2.1494921875,-0.550537109375
134.4,0.810546875,-201.171875,2.13616210937,-0.439453125
134.7,0.810546875,93.75,2.1494921875,-0.537109375
135.0,0.810546875,-141.6015625,2.1494921875,-0.52490234375
135.3,0.810546875,34.1796875,2.13616210937,-0.51025390625
135.6,0.810546875,-55.6640625,2.1494921875,-0.528564453125
135.9,0.810546875,-16.6015625,2.1494921875,-0.517578125
136.2,0.810546875,-25.390625,2.13616210937,-0.52978515625
136.5,0.810546875,-12.6953125,2.1494921875,-0.518798828125
136.8,0.810546875,-9.765625,2.1494921875,-0.516357421875
137.1,0.810546875,-19.53125,2.13616210937,-0.51513671875
137.4,0.810546875,-28.3203125,2.1494921875,-0.51513671875
137.7,0.810546875,-24.4140625,2.1494921875,-0.516357421875
0.0,0.810546875,138.671875,2.1494921875,-0.560302734375
0.3,0.810546875,-229.4921875,2.1494921875,-0.150146484375
0.6,0.810546875,85.9375,2.1494921875,-0.540771484375
0.9,0.810546875,-188.4765625,2.13616210937,-0.516357421875
1.2,0.810546875,42.96875,2.1494921875,-0.5126953125
1.5,0.810546875,-72.265625,2.1494921875,-0.5322265625
1.8,0.810546875,-11.71875,2.13616210937,-0.478515625
2.1,0.810546875,-19.53125,2.1494921875,-0.51513671875
2.4,0.810546875,-28.3203125,2.1494921875,-0.4931640625
2.7,0.810546875,-19.53125,2.1494921875,-0.5126953125
3.0,0.810546875,-25.390625,2.1494921875,-0.51513671875
3.3,0.810546875,-27.34375,2.1494921875,-0.521240234375
3.6,0.810546875,-24.4140625,2.13616210937,-0.513916015625
3.9,0.810546875,-21.484375,2.1494921875,-0.516357421875
4.2,0.810546875,-33.203125,2.1494921875,-0.51513671875
4.5,0.810546875,-14.6484375,2.1494921875,-0.5224609375
4.8,0.810546875,-16.6015625,2.1494921875,-0.029296875
5.1,0.810546875,-9.765625,2.1494921875,0.472412109375
5.4,0.810546875,62.5,2.1494921875,-0.576171875
5.7,0.810546875,-274.4140625,2.1494921875,0.4638671875
6.0,0.810546875,252.9296875,2.1494921875,-0.572509765625
6.3,0.810546875,-264.6484375,2.1494921875,0.462646484375
6.6,0.810546875,166.9921875,2.1494921875,-0.572509765625
6.9,0.810546875,-214.84375,2.1494921875,0.40283203125
7.2,0.810546875,200.1953125,2.1494921875,-0.567626953125
7.5,0.810546875,-229.4921875,2.1494921875,0.087890625
7.8,0.810546875,112.3046875,2.1494921875,-0.54443359375
8.1,0.810546875,-180.6640625,2.1494921875,-0.5078125
8.4,0.810546875,52.734375,2.1494921875,-0.5078125
8.7,0.810546875,-63.4765625,2.1494921875,-0.52978515625
9.0,0.810546875,-19.53125,2.1494921875,-0.5224609375
9.3,0.810546875,-15.625,2.13616210937,-0.52001953125
9.6,0.810546875,-28.3203125,2.1494921875,-0.517578125
9.9,0.810546875,-15.625,2.1494921875,-0.51025390625
10.2,0.810546875,-11.71875,2.1494921875,-0.518798828125
10.5,0.810546875,-23.4375,2.1494921875,-0.51025390625
10.8,0.810546875,-15.625,2.13616210937,-0.5126953125
11.1,0.810546875,-16.6015625,2.1494921875,-0.5322265625
11.4,0.810546875,-19.53125,2.1494921875,0.46875
11.7,0.810546875,-16.6015625,2.1494921875,-0.57861328125
12.0,0.810546875,-131.8359375,2.13616210937,0.467529296875
12.3,0.810546875,287.109375,2.1494921875,-0.57373046875
12.6,0.810546875,-284.1796875,2.13616210937,0.438232421875
12.9,0.810546875,221.6796875,2.1494921875,-0.576171875
13.2,0.810546875,-233.3984375,2.13616210937,0.43701171875
13.5,0.810546875,124.0234375,2.1494921875,-0.5712890625
13.8,0.810546875,-257.8125,2.1494921875,0.35888671875
14.1,0.810546875,120.1171875,2.1494921875,-0.557861328125
14.4,0.810546875,-205.078125,2.1494921875,-0.44921875
14.7,0.810546875,77.1484375,2.13616210937,-0.540771484375
15.0,0.810546875,-108.3984375,2.1494921875,-0.52001953125
15.3,0.810546875,-10.7421875,2.1494921875,-0.496826171875
15.6,0.810546875,-44.921875,2.1494921875,-0.521240234375
15.9,0.810546875,-39.0625,2.13616210937,-0.51513671875
16.2,0.810546875,-5.859375,2.13616210937,-0.52490234375
16.5,0.810546875,-28.3203125,2.13616210937,-0.5126953125
16.8,0.810546875,-8.7890625,2.1494921875,-0.518798828125
17.1,0.810546875,-21.484375,2.1494921875,-0.518798828125
17.4,0.810546875,-21.484375,2.13616210937,-0.518798828125
17.7,0.810546875,-8.7890625,2.1494921875,-0.516357421875
18.0,0.810546875,-21.484375,2.1494921875,-0.52734375
18.3,0.810546875,-18.5546875,2.13616210937,-0.04150390625
18.6,0.810546875,-16.6015625,2.1494921875,-0.579833984375
18.9,0.810546875,-20.5078125,2.1494921875,0.47119140625
19.2,0.810546875,114.2578125,2.1494921875,-0.574951171875
19.5,0.810546875,-275.390625,2.13616210937,0.46142578125
19.8,0.810546875,237.3046875,2.13616210937,-0.5712890625
20.1,0.810546875,-255.859375,2.13616210937,0.457763671875
20.4,0.810546875,183.59375,2.1494921875,-0.57373046875
20.7,0.810546875,-215.8203125,2.1494921875,0.43701171875
21.0,0.810546875,178.7109375,2.13616210937,-0.56884765625
21.3,0.810546875,-232.421875,2.13616210937,0.277099609375
21.6,0.810546875,112.3046875,2.13616210937,-0.477294921875
21.9,0.810546875,0.9765625,2.13616210937,-0.484619140625
22.2,0.810546875,-67.3828125,2.1494921875,-0.5224609375
22.5,0.810546875,-26.3671875,2.1494921875,-0.52001953125
22.8,0.810546875,-1.953125,2.13616210937,-0.517578125
23.1,0.810546875,-25.390625,2.1494921875,-0.518798828125
23.4,0.810546875,-17.578125,2.13616210937,-0.51513671875
23.7,0.810546875,-22.4609375,2.1494921875,-0.51513671875
24.0,0.810546875,-22.4609375,2.1494921875,-0.509033203125
24.3,0.810546875,-22.4609375,2.1494921875,-0.521240234375
24.6,0.810546875,-18.5546875,2.1494921875,-0.521240234375
24.9,0.810546875,-15.625,2.1494921875,-0.5078125
25.2,0.810546875,-22.4609375,2.1494921875,-0.52734375
25.5,0.810546875,-28.3203125,2.1494921875,-0.574951171875
25.8,0.810546875,246.09375,2.1494921875,-0.576171875
26.1,0.810546875,-255.859375,2.1494921875,0.445556640625
26.4,0.810546875,263.671875,2.1494921875,-0.5712890625
26.7,0.810546875,-267.578125,2.1494921875,0.46142578125
27.0,0.810546875,225.5859375,2.1494921875,-0.572509765625
27.3,0.810546875,-235.3515625,2.13616210937,0.439453125
27.6,0.810546875,153.3203125,2.13616210937,-0.56884765625
27.9,0.810546875,-243.1640625,2.1494921875,0.399169921875
28.2,0.810546875,125.9765625,2.1494921875,-0.5615234375
28.5,0.810546875,-220.703125,2.1494921875,-0.294189453125
28.8,0.810546875,100.5859375,2.1494921875,-0.5419921875
29.1,0.810546875,-153.3203125,2.1494921875,-0.5126953125
29.4,0.810546875,35.15625,2.1494921875,-0.51025390625
29.7,0.810546875,-27.34375,2.1494921875,-0.521240234375
30.0,0.810546875,-27.34375,2.1494921875,-0.509033203125
30.3,0.810546875,-17.578125,2.1494921875,-0.513916015625
30.6,0.810546875,-12.6953125,2.1494921875,-0.52490234375
30.9,0.810546875,-29.296875,2.1494921875,-0.504150390625
31.2,0.810546875,-31.25,2.1494921875,-0.52001953125
31.5,0.810546875,-26.3671875,2.1494921875,-0.491943359375
31.8,0.810546875,-21.484375,2.1494921875,-0.5224609375
32.1,0.810546875,-26.3671875,2.1494921875,-0.51513671875
32.4,0.810546875,-12.6953125,2.1494921875,-0.521240234375
32.7,0.810546875,-18.5546875,2.1494921875,-0.5224609375
33.0,0.810546875,-17.578125,2.1494921875,-0.52734375
33.3,0.810546875,-17.578125,2.1494921875,0.078125
33.6,0.810546875,-21.484375,2.1494921875,-0.577392578125
33.9,0.810546875,-17.578125,2.1494921875,0.465087890625
34.2,0.810546875,-25.390625,2.1494921875,-0.577392578125
34.5,0.810546875,-193.359375,2.1494921875,0.4638671875
34.8,0.810546875,293.9453125,2.13616210937,-0.574951171875
35.1,0.810546875,-249.0234375,2.1494921875,0.44189453125
35.4,0.810546875,249.0234375,2.1494921875,-0.572509765625
35.7,0.810546875,-261.71875,2.1494921875,0.458984375
36.0,0.810546875,210.9375,2.1494921875,-0.57373046875
36.3,0.810546875,-235.3515625,2.1494921875,0.44189453125
36.6,0.810546875,118.1640625,2.13616210937,-0.56884765625
36.9,0.810546875,-240.234375,2.1494921875,0.40771484375
37.2,0.810546875,166.9921875,2.1494921875,-0.565185546875
37.5,0.810546875,-210.9375,2.1494921875,0.0390625
37.8,0.810546875,129.8828125,2.13616210937,-0.546875
38.1,0.810546875,-201.171875,2.1494921875,-0.4736328125
38.4,0.810546875,77.1484375,2.1494921875,-0.537109375
38.7,0.810546875,-147.4609375,2.1494921875,-0.517578125
39.0,0.810546875,31.25,2.1494921875,-0.506591796875
39.3,0.810546875,-54.6875,2.1494921875,-0.498046875
39.6,0.810546875,-6.8359375,2.1494921875,-0.5029296875
39.9,0.810546875,-39.0625,2.1494921875,-0.52001953125
40.2,0.810546875,-28.3203125,2.1494921875,-0.516357421875
40.5,0.810546875,-14.6484375,2.13616210937,-0.5078125
40.8,0.810546875,-19.53125,2.1494921875,-0.521240234375
41.1,0.810546875,-9.765625,2.13616210937,-0.521240234375
41.4,0.810546875,-16.6015625,2.1494921875,-0.521240234375
41.7,0.810546875,-25.390625,2.1494921875,-0.516357421875
42.0,0.810546875,-14.6484375,2.1494921875,-0.521240234375
42.3,0.810546875,-20.5078125,2.1494921875,-0.518798828125
42.6,0.810546875,-21.484375,2.13616210937,-0.517578125
42.9,0.810546875,-21.484375,2.1494921875,-0.517578125
43.2,0.810546875,-15.625,2.1494921875,-0.513916015625
43.5,0.810546875,-20.5078125,2.1494921875,-0.517578125
43.8,0.810546875,-20.5078125,2.1494921875,-0.504150390625
44.1,0.810546875,-16.6015625,2.1494921875,-0.552978515625
44.4,0.810546875,-21.484375,2.1494921875,0.472412109375
44.7,0.810546875,-13.671875,2.1494921875,-0.577392578125
45.0,0.810546875,-24.4140625,2.1494921875,0.469970703125
45.3,0.810546875,41.015625,2.1494921875,-0.576171875
45.6,0.810546875,-277.34375,2.13616210937,0.465087890625
45.9,0.810546875,277.34375,2.1494921875,-0.57373046875
46.2,0.810546875,-264.6484375,2.1494921875,0.44189453125
46.5,0.810546875,238.28125,2.1494921875,-0.57373046875
46.8,0.810546875,-262.6953125,2.1494921875,0.462646484375
47.1,0.810546875,208.0078125,2.1494921875,-0.57373046875
47.4,0.810546875,-236.328125,2.13616210937,0.439453125
47.7,0.810546875,109.375,2.1494921875,-0.570068359375
48.0,0.810546875,-242.1875,2.1494921875,0.401611328125
48.3,0.810546875,178.7109375,2.1494921875,-0.56640625
48.6,0.810546875,-232.421875,2.13616210937,0.20263671875
48.9,0.810546875,117.1875,2.13616210937,-0.54931640625
49.2,0.810546875,-207.03125,2.1494921875,-0.4345703125
49.5,0.810546875,90.8203125,2.13616210937,-0.535888671875
49.8,0.810546875,-168.9453125,2.1494921875,-0.5029296875
50.1,0.810546875,-36.1328125,2.13616210937,-0.5126953125
50.4,0.810546875,-24.4140625,2.13616210937,-0.52001953125
50.7,0.810546875,-25.390625,2.1494921875,-0.50537109375
51.0,0.810546875,-11.71875,2.1494921875,-0.526123046875
51.3,0.810546875,-22.4609375,2.1494921875,-0.504150390625
51.6,0.810546875,-12.6953125,2.1494921875,-0.518798828125
51.9,0.810546875,-19.53125,2.1494921875,-0.516357421875
52.2,0.810546875,-19.53125,2.1494921875,-0.521240234375
52.5,0.810546875,-31.25,2.1494921875,-0.518798828125
52.8,0.810546875,-13.671875,2.1494921875,-0.518798828125
53.1,0.810546875,-20.5078125,2.1494921875,-0.518798828125
53.4,0.810546875,-16.6015625,2.1494921875,-0.5126953125
53.7,0.810546875,-21.484375,2.1494921875,-0.496826171875
54.0,0.810546875,-18.5546875,2.1494921875,-0.52001953125
54.3,0.810546875,-19.53125,2.13616210937,-0.494384765625
54.6,0.810546875,-19.53125,2.13616210937,-0.531005859375
54.9,0.810546875,-15.625,2.1494921875,0.3857421875
55.2,0.810546875,-18.5546875,2.1494921875,-0.576171875
55.5,0.810546875,-26.3671875,2.13616210937,0.4638671875
55.8,0.810546875,-19.53125,2.1494921875,-0.577392578125
56.1,0.810546875,-118.1640625,2.1494921875,0.46630859375
56.4,0.810546875,280.2734375,2.1494921875,-0.576171875
56.7,0.810546875,-261.71875,2.1494921875,0.455322265625
57.0,0.810546875,219.7265625,2.1494921875,-0.57373046875
57.3,0.810546875,-278.3203125,2.1494921875,0.443115234375
57.6,0.810546875,226.5625,2.1494921875,-0.576171875
57.9,0.810546875,-257.8125,2.1494921875,0.45654296875
58.2,0.810546875,151.3671875,2.1494921875,-0.572509765625
58.5,0.810546875,-222.65625,2.13616210937,0.43701171875
58.8,0.810546875,155.2734375,2.1494921875,-0.570068359375
59.1,0.810546875,-244.140625,2.13616210937,0.406494140625
59.4,0.810546875,142.578125,2.1494921875,-0.56396484375
59.7,0.810546875,-216.796875,2.1494921875,0.04150390625
60.0,0.810546875,111.328125,2.1494921875,-0.548095703125
60.3,0.810546875,-200.1953125,2.1494921875,-0.4736328125
60.6,0.810546875,94.7265625,2.13616210937,-0.53955078125
60.9,0.810546875,-158.203125,2.1494921875,-0.52001953125
61.2,0.810546875,47.8515625,2.1494921875,-0.509033203125
61.5,0.810546875,-82.03125,2.13616210937,-0.52001953125
61.8,0.810546875,-0.9765625,2.13616210937,-0.511474609375
62.1,0.810546875,-48.828125,2.1494921875,-0.518798828125
62.4,0.810546875,-27.34375,2.1494921875,-0.513916015625
62.7,0.810546875,-27.34375,2.1494921875,-0.523681640625
63.0,0.810546875,-34.1796875,2.1494921875,-0.52001953125
63.3,0.810546875,-8.7890625,2.1494921875,-0.517578125
63.6,0.810546875,-29.296875,2.1494921875,-0.521240234375
63.9,0.810546875,-21.484375,2.1494921875,-0.52490234375
64.2,0.810546875,-20.5078125,2.1494921875,-0.516357421875
64.5,0.810546875,-18.5546875,2.1494921875,-0.52490234375
64.8,0.810546875,-26.3671875,2.1494921875,-0.523681640625
65.1,0.810546875,-17.578125,2.1494921875,-0.52734375
65.4,0.810546875,-25.390625,2.1494921875,-0.5224609375
65.7,0.810546875,-20.5078125,2.1494921875,-0.51513671875
66.0,0.810546875,-15.625,2.1494921875,-0.516357421875
66.3,0.810546875,-12.6953125,2.1494921875,-0.52001953125
66.6,0.810546875,-10.7421875,2.13616210937,-0.4345703125
66.9,0.810546875,-19.53125,2.1494921875,0.469970703125
67.2,0.810546875,-96.6796875,2.13616210937,0.467529296875
67.5,0.810546875,271.484375,2.1494921875,-0.576171875
67.8,0.810546875,-264.6484375,2.13616210937,0.45654296875
68.1,0.810546875,238.28125,2.1494921875,-0.5712890625
68.4,0.810546875,208.0078125,2.13616210937,-0.576171875
68.7,0.810546875,-242.1875,2.13616210937,0.44921875
69.0,0.810546875,124.0234375,2.13616210937,-0.572509765625
69.3,0.810546875,-242.1875,2.1494921875,0.42236328125
69.6,0.810546875,200.1953125,2.13616210937,-0.56396484375
69.9,0.810546875,-246.09375,2.1494921875,0.1806640625
70.2,0.810546875,107.421875,2.1494921875,-0.550537109375
70.5,0.810546875,-216.796875,2.1494921875,-0.430908203125
70.8,0.810546875,104.4921875,2.1494921875,-0.543212890625
71.1,0.810546875,-166.015625,2.13616210937,-0.526123046875
71.4,0.810546875,38.0859375,2.13616210937,-0.52001953125
71.7,0.810546875,-71.2890625,2.1494921875,-0.523681640625
72.0,0.810546875,1.953125,2.1494921875,-0.509033203125
72.3,0.810546875,-39.0625,2.1494921875,-0.517578125
72.6,0.810546875,-27.34375,2.1494921875,-0.521240234375
72.9,0.810546875,-15.625,2.13616210937,-0.51513671875
73.2,0.810546875,-18.5546875,2.13616210937,-0.521240234375
73.5,0.810546875,-16.6015625,2.1494921875,-0.5224609375
73.8,0.810546875,-19.53125,2.13616210937,-0.52001953125
74.1,0.810546875,-14.6484375,2.1494921875,-0.504150390625
74.4,0.810546875,-16.6015625,2.1494921875,-0.518798828125
74.7,0.810546875,-11.71875,2.1494921875,-0.52734375
75.0,0.810546875,-22.4609375,2.1494921875,-0.506591796875
75.3,0.810546875,-20.5078125,2.1494921875,-0.5224609375
75.6,0.810546875,-12.6953125,2.13616210937,-0.00244140625
75.9,0.810546875,-20.5078125,2.1494921875,-0.577392578125
76.2,0.810546875,-30.2734375,2.1494921875,0.46630859375
76.5,0.810546875,-13.671875,2.1494921875,-0.577392578125
76.8,0.810546875,-105.46875,2.1494921875,0.467529296875
77.1,0.810546875,263.671875,2.1494921875,-0.574951171875
77.4,0.810546875,-268.5546875,2.1494921875,0.4541015625
77.7,0.810546875,244.140625,2.13616210937,-0.572509765625
78.0,0.810546875,-269.53125,2.1494921875,0.455322265625
78.3,0.810546875,202.1484375,2.1494921875,0.450439453125
78.6,0.810546875,-240.234375,2.13616210937,0.418701171875
78.9,0.810546875,153.3203125,2.1494921875,-0.56640625
79.2,0.810546875,-220.703125,2.1494921875,0.11474609375
79.5,0.810546875,120.1171875,2.1494921875,-0.548095703125
79.8,0.810546875,-207.03125,2.1494921875,-0.467529296875
80.1,0.810546875,83.984375,2.13616210937,-0.538330078125
80.4,0.810546875,-158.203125,2.1494921875,-0.5224609375
80.7,0.810546875,49.8046875,2.1494921875,-0.516357421875
81.0,0.810546875,-64.453125,2.1494921875,-0.51025390625
81.3,0.810546875,-17.578125,2.13616210937,-0.494384765625
81.6,0.810546875,-44.921875,2.1494921875,-0.511474609375
81.9,0.810546875,-40.0390625,2.1494921875,-0.504150390625
82.2,0.810546875,-20.5078125,2.1494921875,-0.513916015625
82.5,0.810546875,-13.671875,2.1494921875,-0.511474609375
82.8,0.810546875,-18.5546875,2.1494921875,-0.517578125
83.1,0.810546875,-28.3203125,2.13616210937,-0.5078125
83.4,0.810546875,-3.90625,2.1494921875,-0.517578125
83.7,0.810546875,-17.578125,2.1494921875,-0.516357421875
84.0,0.810546875,-20.5078125,2.13616210937,-0.5224609375
84.3,0.810546875,-22.4609375,2.1494921875,-0.511474609375
84.6,0.810546875,-13.671875,2.1494921875,-0.5126953125
84.9,0.810546875,-30.2734375,2.13616210937,-0.50537109375
85.2,0.810546875,-10.7421875,2.13616210937,-0.51513671875
85.5,0.810546875,-16.6015625,2.1494921875,-0.546875
85.8,0.810546875,-25.390625,2.1494921875,0.469970703125
86.1,0.810546875,-13.671875,2.1494921875,-0.576171875
86.4,0.810546875,-18.5546875,2.1494921875,0.47119140625
86.7,0.810546875,16.6015625,2.13616210937,-0.576171875
87.0,0.810546875,-241.2109375,2.13616210937,0.46630859375
87.3,0.810546875,256.8359375,2.1494921875,-0.574951171875
87.6,0.810546875,-272.4609375,2.1494921875,0.4296875
87.9,0.810546875,235.3515625,2.1494921875,-0.57373046875
88.2,0.810546875,-276.3671875,2.1494921875,0.4638671875
88.5,0.810546875,191.40625,2.1494921875,-0.572509765625
88.8,0.810546875,-242.1875,2.1494921875,0.4345703125
89.1,0.810546875,143.5546875,2.1494921875,-0.572509765625
89.4,0.810546875,-261.71875,2.13616210937,0.38818359375
89.7,0.810546875,152.34375,2.1494921875,-0.5615234375
90.0,0.810546875,-233.3984375,2.13616210937,-0.081787109375
90.3,0.810546875,100.5859375,2.13616210937,-0.53955078125
90.6,0.810546875,-190.4296875,2.1494921875,-0.51513671875
90.9,0.810546875,57.6171875,2.13616210937,-0.535888671875
91.2,0.810546875,-111.328125,2.13616210937,-0.51513671875
91.5,0.810546875,6.8359375,2.1494921875,-0.52001953125
91.8,0.810546875,-23.4375,2.13616210937,-0.52001953125
92.1,0.810546875,-13.671875,2.12283203125,-0.52490234375
92.4,0.810546875,-28.3203125,2.1494921875,-0.511474609375
92.7,0.810546875,-12.6953125,2.12283203125,-0.52001953125
93.0,0.810546875,-23.4375,2.13616210937,-0.511474609375
93.3,0.810546875,-14.6484375,2.1494921875,-0.5126953125
93.6,0.810546875,-23.4375,2.1494921875,-0.511474609375
93.9,0.810546875,-10.7421875,2.1494921875,-0.521240234375
94.2,0.810546875,-15.625,2.13616210937,-0.51513671875
94.5,0.810546875,-16.6015625,2.1494921875,-0.517578125
94.8,0.810546875,-19.53125,2.1494921875,-0.521240234375
95.1,0.810546875,-23.4375,2.1494921875,-0.516357421875
95.4,0.810546875,-17.578125,2.1494921875,-0.51513671875
95.7,0.810546875,-12.6953125,2.13616210937,-0.543212890625
96.0,0.810546875,-20.5078125,2.1494921875,0.46875
96.3,0.810546875,-13.671875,2.1494921875,-0.577392578125
96.6,0.810546875,-17.578125,2.13616210937,0.472412109375
96.9,0.810546875,-11.71875,2.1494921875,0.469970703125
97.2,0.810546875,35.15625,2.1494921875,-0.574951171875
0.0,0.810546875,60.546875,2.1494921875,-0.531005859375
0.3,0.810546875,-80.078125,2.13616210937,-0.523681640625
0.6,0.810546875,4.8828125,2.1494921875,-0.5078125
0.9,0.810546875,-48.828125,2.1494921875,-0.517578125
1.2,0.810546875,-21.484375,2.1494921875,-0.521240234375
1.5,0.810546875,-3.90625,2.1494921875,-0.52001953125
1.8,0.810546875,-26.3671875,2.1494921875,-0.489501953125
2.1,0.810546875,-17.578125,2.13616210937,-0.518798828125
2.4,0.810546875,-23.4375,2.1494921875,-0.51025390625
2.7,0.810546875,-18.5546875,2.13616210937,-0.521240234375
3.0,0.810546875,-17.578125,2.1494921875,-0.51513671875
3.3,0.810546875,-20.5078125,2.1494921875,-0.517578125
3.6,0.810546875,-10.7421875,2.13616210937,-0.521240234375
3.9,0.810546875,-22.4609375,2.1494921875,-0.518798828125
4.2,0.810546875,-37.109375,2.1494921875,-0.5126953125
4.5,0.810546875,-21.484375,2.1494921875,-0.55908203125
4.8,0.810546875,-24.4140625,2.1494921875,0.4736328125
5.1,0.810546875,-13.671875,2.1494921875,-0.577392578125
5.4,0.810546875,-61.5234375,2.1494921875,0.46875
5.7,0.810546875,285.15625,2.1494921875,-0.574951171875
6.0,0.810546875,-252.9296875,2.1494921875,0.443115234375
6.3,0.810546875,258.7890625,2.1494921875,-0.572509765625
6.6,0.810546875,201.171875,2.1494921875,-0.57373046875
6.9,0.810546875,-229.4921875,2.1494921875,0.440673828125
7.2,0.810546875,165.0390625,2.1494921875,-0.5712890625
7.5,0.810546875,136.71875,2.1494921875,-0.555419921875
7.8,0.810546875,-205.078125,2.1494921875,-0.35888671875
8.1,0.810546875,96.6796875,2.1494921875,-0.540771484375
8.4,0.810546875,-144.53125,2.13616210937,-0.506591796875
8.7,0.810546875,41.9921875,2.1494921875,-0.509033203125
9.0,0.810546875,-61.5234375,2.1494921875,-0.5322265625
9.3,0.810546875,-24.4140625,2.1494921875,-0.518798828125
9.6,0.810546875,-14.6484375,2.13616210937,-0.523681640625
9.9,0.810546875,-15.625,2.13616210937,-0.521240234375
10.2,0.810546875,-13.671875,2.1494921875,-0.511474609375
10.5,0.810546875,-13.671875,2.13616210937,-0.523681640625
10.8,0.810546875,-16.6015625,2.1494921875,-0.51025390625
11.1,0.810546875,-17.578125,2.1494921875,-0.5224609375
11.4,0.810546875,-18.5546875,2.1494921875,-0.428466796875
11.7,0.810546875,-1.953125,2.1494921875,-0.572509765625
12.0,0.810546875,-22.4609375,2.1494921875,0.467529296875
12.3,0.810546875,-9.765625,2.1494921875,-0.577392578125
12.6,0.810546875,-183.59375,2.1494921875,0.46630859375
12.9,0.810546875,266.6015625,2.1494921875,-0.574951171875
13.2,0.810546875,-281.25,2.13616210937,0.439453125
13.5,0.810546875,219.7265625,2.1494921875,-0.57373046875
13.8,0.810546875,-258.7890625,2.13616210937,0.447998046875
14.1,0.810546875,108.3984375,2.1494921875,-0.57373046875
14.4,0.810546875,175.78125,2.1494921875,-0.565185546875
14.7,0.810546875,-215.8203125,2.1494921875,-0.098876953125
15.0,0.810546875,84.9609375,2.1494921875,-0.540771484375
15.3,0.810546875,-170.8984375,2.1494921875,-0.517578125
15.6,0.810546875,33.203125,2.1494921875,-0.509033203125
15.9,0.810546875,-61.5234375,2.1494921875,-0.528564453125
16.2,0.810546875,-22.4609375,2.1494921875,-0.513916015625
16.5,0.810546875,-18.5546875,2.13616210937,-0.5126953125
16.8,0.810546875,-37.109375,2.1494921875,-0.506591796875
17.1,0.810546875,-10.7421875,2.1494921875,-0.523681640625
17.4,0.810546875,-13.671875,2.13616210937,-0.521240234375
17.7,0.810546875,-10.7421875,2.1494921875,-0.52001953125
18.0,0.810546875,-24.4140625,2.1494921875,-0.518798828125
18.3,0.810546875,-12.6953125,2.1494921875,-0.521240234375
18.6,0.810546875,-23.4375,2.1494921875,-0.4833984375
18.9,0.810546875,-4.8828125,2.1494921875,-0.526123046875
19.2,0.810546875,-14.6484375,2.13616210937,0.44677734375
19.5,0.810546875,-14.6484375,2.1494921875,-0.577392578125
19.8,0.810546875,-37.109375,2.1494921875,0.46875
20.1,0.810546875,260.7421875,2.13616210937,-0.574951171875
20.4,0.810546875,-258.7890625,2.13616210937,0.440673828125
20.7,0.810546875,228.515625,2.1494921875,-0.572509765625
21.0,0.810546875,-254.8828125,2.16282226563,0.458984375
21.3,0.810546875,141.6015625,2.1494921875,-0.572509765625
21.6,0.810546875,-245.1171875,2.1494921875,0.423583984375
21.9,0.810546875,204.1015625,2.1494921875,-0.567626953125
22.2,0.810546875,-215.8203125,2.1494921875,0.02685546875
22.5,0.810546875,86.9140625,2.13616210937,-0.538330078125
22.8,0.810546875,-166.015625,2.1494921875,-0.496826171875
23.1,0.810546875,-10.7421875,2.1494921875,-0.51513671875
23.4,0.810546875,-9.765625,2.1494921875,-0.516357421875
23.7,0.810546875,-12.6953125,2.1494921875,-0.509033203125
24.0,0.810546875,-16.6015625,2.1494921875,-0.521240234375
24.3,0.810546875,-21.484375,2.1494921875,-0.526123046875
24.6,0.810546875,-12.6953125,2.1494921875,-0.51513671875
24.9,0.810546875,-24.4140625,2.1494921875,-0.511474609375
25.2,0.810546875,-6.8359375,2.1494921875,-0.52001953125
25.5,0.810546875,-7.8125,2.1494921875,-0.517578125
25.8,0.810546875,-9.765625,2.1494921875,-0.521240234375
26.1,0.810546875,-19.53125,2.13616210937,-0.57373046875
26.4,0.810546875,267.578125,2.1494921875,-0.576171875
26.7,0.810546875,-259.765625,2.1494921875,0.439453125
27.0,0.810546875,233.3984375,2.1494921875,-0.572509765625
27.3,0.810546875,-257.8125,2.1494921875,0.458984375
27.6,0.810546875,137.6953125,2.1494921875,-0.57373046875
27.9,0.810546875,-238.28125,2.1494921875,0.423583984375
28.2,0.810546875,175.78125,2.1494921875,-0.565185546875
28.5,0.810546875,-229.4921875,2.13616210937,-0.53955078125
28.8,0.810546875,29.296875,2.13616210937,-0.5078125
29.1,0.810546875,-71.2890625,2.1494921875,-0.513916015625
29.4,0.810546875,-14.6484375,2.1494921875,-0.51025390625
29.7,0.810546875,0.0,2.1494921875,-0.518798828125
30.0,0.810546875,-19.53125,2.1494921875,-0.517578125
30.3,0.810546875,-14.6484375,2.1494921875,-0.516357421875
30.6,0.810546875,-9.765625,2.1494921875,-0.513916015625
30.9,0.810546875,-13.671875,2.13616210937,-0.5224609375
31.2,0.810546875,-18.5546875,2.13616210937,-0.518798828125
31.5,0.810546875,-17.578125,2.1494921875,-0.51513671875
31.8,0.810546875,-14.6484375,2.13616210937,-0.29052734375
32.1,0.810546875,-21.484375,2.13616210937,-0.577392578125
32.4,0.810546875,-25.390625,2.13616210937,0.467529296875
32.7,0.810546875,96.6796875,2.1494921875,-0.574951171875
33.0,0.810546875,-276.3671875,2.1494921875,0.458984375
33.3,0.810546875,264.6484375,2.1494921875,-0.572509765625
33.6,0.810546875,-254.8828125,2.1494921875,0.462646484375
33.9,0.810546875,142.578125,2.13616210937,-0.572509765625
34.2,0.810546875,-236.328125,2.1494921875,0.4150390625
34.5,0.810546875,170.8984375,2.1494921875,-0.565185546875
34.8,0.810546875,-223.6328125,2.1494921875,-0.152587890625
35.1,0.810546875,104.4921875,2.1494921875,-0.5322265625
35.4,0.810546875,-143.5546875,2.1494921875,-0.526123046875
35.7,0.810546875,12.6953125,2.13616210937,-0.5029296875
36.0,0.810546875,-49.8046875,2.1494921875,-0.52001953125
36.3,0.810546875,-20.5078125,2.1494921875,-0.516357421875
36.6,0.810546875,-1.953125,2.1494921875,-0.5224609375
36.9,0.810546875,-21.484375,2.1494921875,-0.518798828125
37.2,0.810546875,-16.6015625,2.1494921875,-0.516357421875
37.5,0.810546875,-18.5546875,2.1494921875,-0.513916015625
37.8,0.810546875,-19.53125,2.13616210937,-0.523681640625
38.1,0.810546875,-20.5078125,2.1494921875,-0.517578125
38.4,0.810546875,-19.53125,2.13616210937,-0.5126953125
38.7,0.810546875,-21.484375,2.1494921875,-0.234375
39.0,0.810546875,-14.6484375,2.13616210937,-0.579833984375
39.3,0.810546875,-18.5546875,2.1494921875,0.465087890625
39.6,0.810546875,56.640625,2.13616210937,-0.576171875
39.9,0.810546875,-276.3671875,2.1494921875,0.452880859375
40.2,0.810546875,242.1875,2.1494921875,-0.57373046875
40.5,0.810546875,-274.4140625,2.1494921875,0.465087890625
40.8,0.810546875,161.1328125,2.1494921875,-0.572509765625
41.1,0.810546875,-229.4921875,2.1494921875,0.41259765625
41.4,0.810546875,153.3203125,2.13616210937,-0.56396484375
41.7,0.810546875,-220.703125,2.1494921875,-0.155029296875
42.0,0.810546875,84.9609375,2.13616210937,-0.538330078125
42.3,0.810546875,-134.765625,2.1494921875,-0.5126953125
42.6,0.810546875,14.6484375,2.13616210937,-0.5126953125
42.9,0.810546875,-42.96875,2.1494921875,-0.521240234375
43.2,0.810546875,-14.6484375,2.1494921875,-0.5126953125
43.5,0.810546875,-21.484375,2.1494921875,-0.516357421875
43.8,0.810546875,-29.296875,2.1494921875,-0.516357421875
44.1,0.810546875,-16.6015625,2.1494921875,-0.517578125
44.4,0.810546875,-19.53125,2.1494921875,-0.52001953125
44.7,0.810546875,-13.671875,2.1494921875,-0.523681640625
45.0,0.810546875,-26.3671875,2.1494921875,-0.52490234375
45.3,0.810546875,-14.6484375,2.1494921875,-0.577392578125
45.6,0.810546875,-16.6015625,2.16282226563,0.4736328125
45.9,0.810546875,214.84375,2.1494921875,-0.574951171875
46.2,0.810546875,-250.0,2.1494921875,0.44677734375
46.5,0.810546875,250.0,2.1494921875,-0.5712890625
46.8,0.810546875,-248.046875,2.1494921875,0.457763671875
47.1,0.810546875,107.421875,2.1494921875,-0.572509765625
47.4,0.810546875,-256.8359375,2.13616210937,0.418701171875
47.7,0.810546875,146.484375,2.1494921875,-0.560302734375
48.0,0.810546875,-216.796875,2.1494921875,-0.29052734375
48.3,0.810546875,88.8671875,2.1494921875,-0.538330078125
48.6,0.810546875,-141.6015625,2.1494921875,-0.531005859375
48.9,0.810546875,11.71875,2.1494921875,-0.49072265625
49.2,0.810546875,-51.7578125,2.13616210937,-0.518798828125
49.5,0.810546875,-18.5546875,2.1494921875,-0.521240234375
49.8,0.810546875,-11.71875,2.1494921875,-0.5126953125
50.1,0.810546875,-27.34375,2.1494921875,-0.517578125
50.4,0.810546875,-20.5078125,2.13616210937,-0.5224609375
50.7,0.810546875,-5.859375,2.1494921875,-0.506591796875
51.0,0.810546875,-19.53125,2.1494921875,-0.52001953125
51.3,0.810546875,-24.4140625,2.1494921875,-0.517578125
51.6,0.810546875,-15.625,2.1494921875,-0.518798828125
51.9,0.810546875,-19.53125,2.1494921875,-0.303955078125
52.2,0.810546875,-16.6015625,2.1494921875,-0.57861328125
52.5,0.810546875,-18.5546875,2.1494921875,0.462646484375
52.8,0.810546875,2.9296875,2.1494921875,-0.57861328125
53.1,0.810546875,-274.4140625,2.13616210937,0.467529296875
53.4,0.810546875,231.4453125,2.1494921875,-0.572509765625
53.7,0.810546875,-269.53125,2.1494921875,0.443115234375
54.0,0.810546875,221.6796875,2.1494921875,-0.576171875
54.3,0.810546875,-232.421875,2.1494921875,0.445556640625
54.6,0.810546875,128.90625,2.1494921875,-0.5712890625
54.9,0.810546875,-251.953125,2.1494921875,0.408935546875
55.2,0.810546875,140.625,2.1494921875,-0.560302734375
55.5,0.810546875,-216.796875,2.13616210937,-0.179443359375
55.8,0.810546875,86.9140625,2.1494921875,-0.54443359375
56.1,0.810546875,-191.40625,2.1494921875,-0.51025390625
56.4,0.810546875,43.9453125,2.1494921875,-0.517578125
56.7,0.810546875,-73.2421875,2.1494921875,-0.5322265625
57.0,0.810546875,-18.5546875,2.1494921875,-0.518798828125
57.3,0.810546875,-35.15625,2.13616210937,-0.52490234375
57.6,0.810546875,-19.53125,2.1494921875,-0.51025390625
57.9,0.810546875,-15.625,2.1494921875,-0.517578125
58.2,0.810546875,-33.203125,2.1494921875,-0.52001953125
58.5,0.810546875,-22.4609375,2.1494921875,-0.5224609375
58.8,0.810546875,-20.5078125,2.1494921875,-0.518798828125
59.1,0.810546875,-14.6484375,2.1494921875,-0.523681640625
59.4,0.810546875,-21.484375,2.1494921875,-0.513916015625
59.7,0.810546875,-16.6015625,2.1494921875,-0.5126953125
60.0,0.810546875,-22.4609375,2.1494921875,-0.5126953125
60.3,0.810546875,-11.71875,2.13616210937,-0.52978515625
60.6,0.810546875,-13.671875,2.13616210937,0.458984375
60.9,0.810546875,-16.6015625,2.1494921875,-0.577392578125
61.2,0.810546875,-23.4375,2.1494921875,0.472412109375
61.5,0.810546875,228.515625,2.1494921875,-0.574951171875
61.8,0.810546875,-264.6484375,2.13616210937,0.45654296875
62.1,0.810546875,224.609375,2.1494921875,-0.57373046875
62.4,0.810546875,-262.6953125,2.1494921875,0.465087890625
62.7,0.810546875,164.0625,2.1494921875,-0.572509765625
63.0,0.810546875,-230.46875,2.1494921875,0.40283203125
63.3,0.810546875,200.1953125,2.13616210937,-0.565185546875
63.6,0.810546875,-233.3984375,2.1494921875,-0.5419921875
63.9,0.810546875,45.8984375,2.13616210937,-0.526123046875
64.2,0.810546875,-73.2421875,2.1494921875,-0.517578125
64.5,0.810546875,-11.71875,2.1494921875,-0.5224609375
64.8,0.810546875,-21.484375,2.1494921875,-0.51513671875
65.1,0.810546875,-30.2734375,2.1494921875,-0.521240234375
65.4,0.810546875,-5.859375,2.13616210937,-0.52001953125
65.7,0.810546875,-19.53125,2.13616210937,-0.51513671875
66.0,0.810546875,-1.953125,2.13616210937,-0.52001953125
66.3,0.810546875,-20.5078125,2.13616210937,-0.52001953125
66.6,0.810546875,-20.5078125,2.1494921875,-0.518798828125
66.9,0.810546875,-26.3671875,2.1494921875,-0.516357421875
67.2,0.810546875,-14.6484375,2.1494921875,-0.52490234375
67.5,0.810546875,-19.53125,2.13616210937,-0.201416015625
67.8,0.810546875,-22.4609375,2.1494921875,-0.57861328125
68.1,0.810546875,-26.3671875,2.16282226563,0.46630859375
68.4,0.810546875,-0.9765625,2.1494921875,-0.577392578125
68.7,0.810546875,-271.484375,2.1494921875,0.467529296875
69.0,0.810546875,209.9609375,2.1494921875,-0.572509765625
69.3,0.810546875,-269.53125,2.13616210937,0.440673828125
69.6,0.810546875,228.515625,2.1494921875,-0.574951171875
69.9,0.810546875,-232.421875,2.1494921875,0.438232421875
70.2,0.810546875,145.5078125,2.1494921875,-0.570068359375
70.5,0.810546875,-255.859375,2.13616210937,0.3564453125
70.8,0.810546875,111.328125,2.13616210937,-0.552978515625
71.1,0.810546875,-202.1484375,2.13616210937,-0.4638671875
71.4,0.810546875,89.84375,2.1494921875,-0.533447265625
71.7,0.810546875,-112.3046875,2.1494921875,-0.5126953125
72.0,0.810546875,-11.71875,2.1494921875,-0.499267578125
72.3,0.810546875,-58.59375,2.1494921875,-0.518798828125
72.6,0.810546875,-42.96875,2.1494921875,-0.509033203125
72.9,0.810546875,-22.4609375,2.1494921875,-0.509033203125
73.2,0.810546875,-35.15625,2.1494921875,-0.511474609375
73.5,0.810546875,-20.5078125,2.1494921875,-0.509033203125
73.8,0.810546875,-17.578125,2.1494921875,-0.516357421875
74.1,0.810546875,-15.625,2.13616210937,-0.513916015625
74.4,0.810546875,-19.53125,2.1494921875,-0.52001953125
74.7,0.810546875,-11.71875,2.13616210937,-0.5615234375
75.0,0.810546875,-16.6015625,2.1494921875,0.472412109375
75.3,0.810546875,-19.53125,2.1494921875,-0.576171875
75.6,0.810546875,-171.875,2.1494921875,0.467529296875
75.9,0.810546875,270.5078125,2.1494921875,-0.572509765625
76.2,0.810546875,-251.953125,2.1494921875,0.439453125
76.5,0.810546875,230.46875,2.1494921875,-0.574951171875
76.8,0.810546875,-262.6953125,2.1494921875,0.44677734375
77.1,0.810546875,114.2578125,2.1494921875,-0.570068359375
77.4,0.810546875,-244.140625,2.13616210937,0.418701171875
77.7,0.810546875,159.1796875,2.1494921875,-0.18798828125
78.0,0.810546875,-165.0390625,2.13616210937,-0.517578125
78.3,0.810546875,41.9921875,2.1494921875,-0.52001953125
78.6,0.810546875,-68.359375,2.1494921875,-0.5224609375
78.9,0.810546875,-11.71875,2.1494921875,-0.521240234375
79.2,0.810546875,-23.4375,2.1494921875,-0.518798828125
79.5,0.810546875,-18.5546875,2.1494921875,-0.511474609375
79.8,0.810546875,-15.625,2.1494921875,-0.5224609375
80.1,0.810546875,-10.7421875,2.13616210937,-0.516357421875
80.4,0.810546875,-17.578125,2.1494921875,-0.517578125
80.7,0.810546875,-8.7890625,2.1494921875,-0.517578125
81.0,0.810546875,-14.6484375,2.1494921875,-0.518798828125
81.3,0.810546875,-17.578125,2.1494921875,-0.52001953125
81.6,0.810546875,-10.7421875,2.1494921875,-0.521240234375
81.9,0.810546875,-18.5546875,2.1494921875,-0.308837890625
82.2,0.810546875,-14.6484375,2.1494921875,-0.57861328125
82.5,0.810546875,-20.5078125,2.13616210937,0.462646484375
82.8,0.810546875,-14.6484375,2.13616210937,-0.577392578125
83.1,0.810546875,-181.640625,2.1494921875,0.46630859375
83.4,0.810546875,260.7421875,2.1494921875,-0.57373046875
83.7,0.810546875,-279.296875,2.1494921875,0.439453125
84.0,0.810546875,217.7734375,2.1494921875,-0.57373046875
84.3,0.810546875,-247.0703125,2.1494921875,0.452880859375
84.6,0.810546875,145.5078125,2.1494921875,-0.5712890625
84.9,0.810546875,-241.2109375,2.13616210937,0.423583984375
85.2,0.810546875,189.453125,2.1494921875,-0.567626953125
85.5,0.810546875,-236.328125,2.1494921875,0.1220703125
85.8,0.810546875,110.3515625,2.1494921875,-0.552978515625
86.1,0.810546875,-209.9609375,2.1494921875,-0.518798828125
86.4,0.810546875,69.3359375,2.1494921875,-0.531005859375
86.7,0.810546875,-110.3515625,2.1494921875,-0.52490234375
87.0,0.810546875,0.9765625,2.1494921875,-0.48828125
87.3,0.810546875,-61.5234375,2.13616210937,-0.521240234375
87.6,0.810546875,-16.6015625,2.1494921875,-0.52001953125
87.9,0.810546875,-21.484375,2.13616210937,-0.5224609375
88.2,0.810546875,-27.34375,2.1494921875,-0.516357421875
88.5,0.810546875,-6.8359375,2.1494921875,-0.518798828125
88.8,0.810546875,-25.390625,2.13616210937,-0.517578125
89.1,0.810546875,-12.6953125,2.1494921875,-0.526123046875
89.4,0.810546875,-19.53125,2.1494921875,-0.521240234375
89.7,0.810546875,-18.5546875,2.1494921875,-0.5078125
90.0,0.810546875,-21.484375,2.16282226563,-0.51025390625
90.3,0.810546875,-15.625,2.1494921875,-0.518798828125
90.6,0.810546875,-8.7890625,2.13616210937,-0.51025390625
90.9,0.810546875,-14.6484375,2.1494921875,-0.538330078125
91.2,0.810546875,-26.3671875,2.1494921875,0.47119140625
91.5,0.810546875,-20.5078125,2.1494921875,-0.574951171875
91.8,0.810546875,-19.53125,2.1494921875,-0.576171875
92.1,0.810546875,244.140625,2.1494921875,-0.5712890625
92.4,0.810546875,-271.484375,2.1494921875,0.44921875
92.7,0.810546875,207.03125,2.1494921875,-0.57373046875
93.0,0.810546875,-247.0703125,2.1494921875,0.4443359375
93.3,0.810546875,110.3515625,2.1494921875,-0.5712890625
93.6,0.810546875,-248.046875,2.13616210937,0.419921875
93.9,0.810546875,188.4765625,2.13616210937,-0.56640625
94.2,0.810546875,-228.515625,2.13616210937,0.135498046875
94.5,0.810546875,111.328125,2.1494921875,-0.552978515625
94.8,0.810546875,-216.796875,2.1494921875,-0.465087890625
95.1,0.810546875,79.1015625,2.13616210937,-0.533447265625
95.4,0.810546875,-137.6953125,2.1494921875,-0.5224609375
95.7,0.810546875,32.2265625,2.13616210937,-0.506591796875
96.0,0.810546875,-57.6171875,2.1494921875,-0.5224609375
96.3,0.810546875,-2.9296875,2.1494921875,-0.518798828125
96.6,0.810546875,-33.203125,2.1494921875,-0.511474609375
96.9,0.810546875,-22.4609375,2.13616210937,-0.51025390625
97.2,0.810546875,-1.953125,2.1494921875,-0.52001953125
97.5,0.810546875,-20.5078125,2.1494921875,-0.52001953125
97.8,0.810546875,-24.4140625,2.1494921875,-0.5224609375
98.1,0.810546875,-8.7890625,2.1494921875,-0.501708984375
98.4,0.810546875,-7.8125,2.1494921875,-0.518798828125
98.7,0.810546875,-23.4375,2.1494921875,-0.517578125
99.0,0.810546875,-12.6953125,2.1494921875,-0.523681640625
99.3,0.810546875,-15.625,2.1494921875,-0.51513671875
99.6,0.810546875,-22.4609375,2.13616210937,-0.513916015625
99.9,0.810546875,-25.390625,2.1494921875,-0.538330078125
100.2,0.810546875,-25.390625,2.13616210937,0.472412109375
100.5,0.810546875,-25.390625,2.1494921875,-0.576171875
100.8,0.810546875,-19.53125,2.13616210937,0.47119140625
101.1,0.810546875,176.7578125,2.16282226563,-0.576171875
101.4,0.810546875,-284.1796875,2.1494921875,0.450439453125
101.7,0.810546875,243.1640625,2.1494921875,-0.570068359375
102.0,0.810546875,-255.859375,2.1494921875,0.44921875
102.3,0.810546875,215.8203125,2.1494921875,-0.57373046875
102.6,0.810546875,-230.46875,2.13616210937,0.4443359375
102.9,0.810546875,131.8359375,2.13616210937,-0.5712890625
103.2,0.810546875,-259.765625,2.1494921875,0.345458984375
103.5,0.810546875,133.7890625,2.1494921875,-0.560302734375
103.8,0.810546875,-218.75,2.1494921875,-0.3125
104.1,0.810546875,108.3984375,2.1494921875,-0.537109375
104.4,0.810546875,-146.484375,2.1494921875,-0.521240234375
104.7,0.810546875,24.4140625,2.1494921875,-0.50048828125
105.0,0.810546875,-62.5,2.1494921875,-0.52734375
105.3,0.810546875,-19.53125,2.1494921875,-0.5078125
105.6,0.810546875,-8.7890625,2.13616210937,-0.5126953125
105.9,0.810546875,-27.34375,2.1494921875,-0.523681640625
106.2,0.810546875,-8.7890625,2.1494921875,-0.5224609375
106.5,0.810546875,-19.53125,2.1494921875,-0.513916015625
106.8,0.810546875,-11.71875,2.1494921875,-0.511474609375
107.1,0.810546875,-36.1328125,2.1494921875,-0.5126953125
107.4,0.810546875,-11.71875,2.1494921875,-0.521240234375
107.7,0.810546875,-32.2265625,2.1494921875,-0.513916015625
108.0,0.810546875,-20.5078125,2.1494921875,-0.5322265625
108.3,0.810546875,-36.1328125,2.13616210937,0.469970703125
108.6,0.810546875,-17.578125,2.1494921875,-0.574951171875
108.9,0.810546875,-81.0546875,2.1494921875,0.47119140625
109.2,0.810546875,280.2734375,2.1494921875,-0.577392578125
109.5,0.810546875,-268.5546875,2.13616210937,0.43212890625
109.8,0.810546875,210.9375,2.13616210937,-0.576171875
110.1,0.810546875,-251.953125,2.1494921875,0.44921875
110.4,0.810546875,111.328125,2.1494921875,-0.56884765625
110.7,0.810546875,-255.859375,2.1494921875,0.3857421875
111.0,0.810546875,125.9765625,2.13616210937,-0.555419921875
111.3,0.810546875,-191.40625,2.1494921875,-0.445556640625
111.6,0.810546875,69.3359375,2.1494921875,-0.531005859375
111.9,0.810546875,-116.2109375,2.13616210937,-0.531005859375
112.2,0.810546875,6.8359375,2.1494921875,-0.518798828125
112.5,0.810546875,-51.7578125,2.1494921875,-0.51513671875
112.8,0.810546875,-24.4140625,2.16282226563,-0.499267578125
113.1,0.810546875,-13.671875,2.1494921875,-0.513916015625
113.4,0.810546875,-7.8125,2.1494921875,-0.52001953125
113.7,0.810546875,-22.4609375,2.1494921875,-0.513916015625
114.0,0.810546875,-15.625,2.1494921875,-0.516357421875
114.3,0.810546875,-19.53125,2.1494921875,-0.5029296875
114.6,0.810546875,-18.5546875,2.1494921875,-0.5078125
114.9,0.810546875,-16.6015625,2.1494921875,0.074462890625
115.2,0.810546875,-12.6953125,2.1494921875,-0.574951171875
115.5,0.810546875,-24.4140625,2.1494921875,0.472412109375
115.8,0.810546875,182.6171875,2.1494921875,-0.574951171875
116.1,0.810546875,-261.71875,2.13616210937,0.455322265625
116.4,0.810546875,230.46875,2.1494921875,-0.57373046875
116.7,0.810546875,-264.6484375,2.1494921875,0.462646484375
117.0,0.810546875,151.3671875,2.1494921875,-0.572509765625
117.3,0.810546875,-238.28125,2.1494921875,0.428466796875
117.6,0.810546875,184.5703125,2.1494921875,-0.56640625
117.9,0.810546875,-228.515625,2.1494921875,-0.018310546875
118.2,0.810546875,89.84375,2.13616210937,-0.53955078125
118.5,0.810546875,38.0859375,2.1494921875,-0.504150390625
118.8,0.810546875,-58.59375,2.1494921875,-0.517578125
119.1,0.810546875,-20.5078125,2.1494921875,-0.513916015625
119.4,0.810546875,4.8828125,2.1494921875,-0.517578125
119.7,0.810546875,-21.484375,2.1494921875,-0.513916015625
120.0,0.810546875,-19.53125,2.1494921875,-0.51025390625
120.3,0.810546875,-18.5546875,2.1494921875,-0.5078125
120.6,0.810546875,-14.6484375,2.13616210937,-0.5126953125
120.9,0.810546875,-21.484375,2.13616210937,-0.52001953125
121.2,0.810546875,-13.671875,2.1494921875,-0.516357421875
121.5,0.810546875,-25.390625,2.13616210937,-0.51025390625
121.8,0.810546875,-27.34375,2.1494921875,-0.552978515625
122.1,0.810546875,-15.625,2.1494921875,0.472412109375
122.4,0.810546875,-11.71875,2.1494921875,-0.577392578125
122.7,0.810546875,-179.6875,2.1494921875,0.465087890625
123.0,0.810546875,264.6484375,2.1494921875,-0.57373046875
123.3,0.810546875,-268.5546875,2.13616210937,0.445556640625
123.6,0.810546875,217.7734375,2.13616210937,0.443115234375
123.9,0.810546875,-254.8828125,2.1494921875,0.340576171875
124.2,0.810546875,120.1171875,2.1494921875,-0.552978515625
124.5,0.810546875,-207.03125,2.13616210937,-0.467529296875
124.8,0.810546875,76.171875,2.1494921875,-0.53466796875
125.1,0.810546875,-82.03125,2.1494921875,-0.52001953125
125.4,0.810546875,-9.765625,2.1494921875,-0.504150390625
125.7,0.810546875,-30.2734375,2.13616210937,-0.517578125
126.0,0.810546875,-15.625,2.13616210937,-0.516357421875
126.3,0.810546875,-18.5546875,2.1494921875,-0.517578125
126.6,0.810546875,-24.4140625,2.1494921875,-0.517578125
126.9,0.810546875,-11.71875,2.1494921875,-0.521240234375
127.2,0.810546875,-20.5078125,2.1494921875,-0.523681640625
127.5,0.810546875,-10.7421875,2.1494921875,-0.52490234375
127.8,0.810546875,-34.1796875,2.1494921875,-0.5224609375
128.1,0.810546875,-8.7890625,2.1494921875,-0.523681640625
128.4,0.810546875,-18.5546875,2.1494921875,0.3271484375
128.7,0.810546875,-5.859375,2.1494921875,-0.576171875
129.0,0.810546875,-12.6953125,2.13616210937,0.46875
129.3,0.810546875,274.4140625,2.1494921875,-0.576171875
129.6,0.810546875,-274.4140625,2.13616210937,0.445556640625
129.9,0.810546875,219.7265625,2.1494921875,-0.572509765625
130.2,0.810546875,-249.0234375,2.1494921875,0.440673828125
130.5,0.810546875,111.328125,2.1494921875,-0.5712890625
130.8,0.810546875,-259.765625,2.13616210937,0.364990234375
131.1,0.810546875,121.09375,2.1494921875,-0.5517578125
131.4,0.810546875,-201.171875,2.1494921875,-0.41015625
131.7,0.810546875,63.4765625,2.1494921875,-0.523681640625
132.0,0.810546875,-102.5390625,2.1494921875,-0.523681640625
132.3,0.810546875,-4.8828125,2.1494921875,-0.51513671875
132.6,0.810546875,-32.2265625,2.1494921875,-0.52001953125
132.9,0.810546875,-24.4140625,2.1494921875,-0.518798828125
133.2,0.810546875,-16.6015625,2.1494921875,-0.518798828125
133.5,0.810546875,-16.6015625,2.1494921875,-0.517578125
133.8,0.810546875,-18.5546875,2.1494921875,-0.511474609375
134.1,0.810546875,-20.5078125,2.13616210937,-0.523681640625
134.4,0.810546875,-19.53125,2.13616210937,-0.5224609375
134.7,0.810546875,-15.625,2.1494921875,0.47607421875
135.0,0.810546875,-14.6484375,2.1494921875,-0.574951171875
135.3,0.810546875,-184.5703125,2.1494921875,0.467529296875
135.6,0.810546875,250.0,2.1494921875,-0.574951171875
135.9,0.810546875,-287.109375,2.1494921875,0.443115234375
136.2,0.810546875,204.1015625,2.1494921875,-0.574951171875
136.5,0.810546875,-229.4921875,2.13616210937,0.44677734375
136.8,0.810546875,-233.3984375,2.13616210937,0.318603515625
137.1,0.810546875,100.5859375,2.1494921875,-0.550537109375
137.4,0.810546875,-191.40625,2.1494921875,-0.509033203125
137.7,0.810546875,54.6875,2.1494921875,-0.518798828125
138.0,0.810546875,-56.640625,2.1494921875,-0.526123046875
138.3,0.810546875,-19.53125,2.1494921875,-0.509033203125
138.6,0.810546875,0.9765625,2.1494921875,-0.521240234375
138.9,0.810546875,-30.2734375,2.1494921875,-0.518798828125
139.2,0.810546875,-19.53125,2.1494921875,-0.517578125
139.5,0.810546875,-27.34375,2.1494921875,-0.516357421875
139.8,0.810546875,-13.671875,2.13616210937,-0.517578125
140.1,0.810546875,-19.53125,2.1494921875,-0.498046875
140.4,0.810546875,-16.6015625,2.13616210937,-0.51513671875
140.7,0.810546875,-19.53125,2.1494921875,-0.289306640625
141.0,0.810546875,-12.6953125,2.1494921875,-0.577392578125
141.3,0.810546875,-25.390625,2.1494921875,0.47119140625
141.6,0.810546875,127.9296875,2.1494921875,-0.577392578125
141.9,0.810546875,-263.671875,2.1494921875,0.458984375
142.2,0.810546875,230.46875,2.1494921875,-0.5712890625
142.5,0.810546875,-255.859375,2.1494921875,0.460205078125
142.8,0.810546875,134.765625,2.1494921875,-0.572509765625
143.1,0.810546875,-258.7890625,2.1494921875,0.426025390625
143.4,0.810546875,147.4609375,2.13616210937,-0.560302734375
143.7,0.810546875,-220.703125,2.1494921875,-0.194091796875
144.0,0.810546875,82.03125,2.1494921875,-0.531005859375
144.3,0.810546875,-125.0,2.1494921875,-0.531005859375
144.6,0.810546875,7.8125,2.1494921875,-0.496826171875
144.9,0.810546875,-66.40625,2.1494921875,-0.51513671875
145.2,0.810546875,-19.53125,2.1494921875,-0.523681640625
145.5,0.810546875,-6.8359375,2.1494921875,-0.513916015625
145.8,0.810546875,-2.9296875,2.1494921875,-0.517578125
146.1,0.810546875,-17.578125,2.1494921875,-0.51025390625
146.4,0.810546875,-16.6015625,2.13616210937,-0.517578125
146.7,0.810546875,-16.6015625,2.1494921875,-0.518798828125
147.0,0.810546875,-12.6953125,2.13616210937,-0.516357421875
147.3,0.810546875,-34.1796875,2.1494921875,-0.5126953125
147.6,0.810546875,-15.625,2.1494921875,-0.565185546875
147.9,0.810546875,-26.3671875,2.1494921875,0.467529296875
148.2,0.810546875,-11.71875,2.1494921875,-0.57861328125
148.5,0.810546875,-207.03125,2.1494921875,0.465087890625
148.8,0.810546875,221.6796875,2.13616210937,-0.57373046875
149.1,0.810546875,-266.6015625,2.1494921875,-0.576171875
149.4,0.810546875,123.046875,2.1494921875,-0.572509765625
149.7,0.810546875,-258.7890625,2.13616210937,0.399169921875
150.0,0.810546875,146.484375,2.1494921875,-0.556640625
150.3,0.810546875,-214.84375,2.1494921875,-0.27099609375
150.6,0.810546875,91.796875,2.1494921875,-0.53955078125
150.9,0.810546875,-155.2734375,2.13616210937,-0.51513671875
151.2,0.810546875,18.5546875,2.1494921875,-0.5029296875
151.5,0.810546875,-49.8046875,2.13616210937,-0.516357421875
151.8,0.810546875,-13.671875,2.1494921875,-0.518798828125
152.1,0.810546875,-6.8359375,2.1494921875,-0.516357421875
152.4,0.810546875,-19.53125,2.1494921875,-0.51513671875
