0.0,0.0244140625,41.9921875,2.629375,-0.87158203125
0.3,0.01953125,41.9921875,2.629375,-0.87158203125
0.6,0.0244140625,41.9921875,2.61604492187,-0.87158203125
0.9,0.0244140625,42.96875,2.629375,-0.870361328125
1.2,0.0244140625,41.9921875,2.629375,-0.87158203125
1.5,0.0244140625,44.921875,2.629375,-0.87158203125
1.8,0.029296875,41.015625,2.629375,-0.87158203125
2.1,0.0244140625,41.9921875,2.629375,-0.87158203125
2.4,0.0244140625,42.96875,2.61604492187,-0.869140625
2.7,0.0244140625,41.9921875,2.629375,-0.870361328125
3.0,0.0244140625,41.9921875,2.629375,-0.87158203125
3.3,0.0244140625,41.9921875,2.629375,-0.87158203125
3.6,0.0244140625,41.9921875,2.629375,-0.87158203125
3.9,0.0244140625,42.96875,2.61604492187,-0.87158203125
4.2,0.0244140625,41.9921875,2.64270507812,-0.870361328125
4.5,0.0244140625,41.9921875,2.61604492187,-0.870361328125
4.8,0.029296875,42.96875,2.629375,-0.87158203125
5.1,0.0244140625,42.96875,2.61604492187,-0.870361328125
5.4,0.0244140625,42.96875,2.64270507812,-0.87158203125
5.7,0.0244140625,41.9921875,2.61604492187,-0.870361328125
6.0,0.0244140625,42.96875,2.629375,-0.87158203125
6.3,0.0244140625,41.9921875,2.61604492187,-0.870361328125
6.6,0.0244140625,41.015625,2.629375,-0.87158203125
6.9,0.0244140625,43.9453125,2.61604492187,-0.87158203125
7.2,0.0244140625,41.015625,2.629375,-0.87158203125
7.5,0.0244140625,42.96875,2.61604492187,-0.87158203125
7.8,0.0244140625,41.9921875,2.64270507812,-0.87158203125
8.1,0.0244140625,41.015625,2.61604492187,-0.870361328125
8.4,0.01953125,42.96875,2.61604492187,-0.87158203125
8.7,0.0244140625,41.9921875,2.61604492187,-0.870361328125
9.0,0.029296875,41.9921875,2.629375,-0.87158203125
9.3,0.0244140625,41.9921875,2.629375,-0.87158203125
9.6,0.0244140625,41.9921875,2.61604492187,-0.87158203125
9.9,0.0244140625,41.015625,2.629375,-0.87158203125
10.2,0.0244140625,42.96875,2.629375,-0.87158203125
10.5,0.029296875,41.9921875,2.629375,-0.870361328125
10.8,0.0244140625,42.96875,2.629375,-0.87158203125
11.1,0.0244140625,41.9921875,2.629375,-0.87158203125
11.4,0.0244140625,41.9921875,2.629375,-0.87158203125
11.7,0.0244140625,41.9921875,2.61604492187,-0.87158203125
12.0,0.029296875,41.9921875,2.629375,-0.872802734375
12.3,0.01953125,42.96875,2.61604492187,-0.87158203125
12.6,0.0244140625,41.9921875,2.61604492187,-0.87158203125
12.9,0.0244140625,42.96875,2.629375,-0.87158203125
13.2,0.0244140625,41.9921875,2.629375,-0.87158203125
13.5,0.029296875,41.9921875,2.629375,-0.870361328125
13.8,0.0244140625,42.96875,2.61604492187,-0.870361328125
14.1,0.0244140625,41.9921875,2.629375,-0.87158203125
14.4,0.0244140625,42.96875,2.61604492187,-0.870361328125
14.7,0.0244140625,41.9921875,2.629375,-0.87158203125
15.0,0.0244140625,41.9921875,2.61604492187,-0.87158203125
15.3,0.01953125,41.9921875,2.629375,-0.87158203125
15.6,0.0244140625,41.9921875,2.61604492187,-0.87158203125
15.9,0.0244140625,42.96875,2.64270507812,-0.870361328125
16.2,0.0244140625,41.9921875,2.629375,-0.870361328125
16.5,0.0244140625,42.96875,2.629375,-0.870361328125
16.8,0.01953125,41.9921875,2.629375,-0.870361328125
17.1,0.0244140625,41.9921875,2.629375,-0.87158203125
17.4,0.0244140625,41.9921875,2.61604492187,-0.87158203125
17.7,0.0244140625,41.9921875,2.64270507812,-0.87158203125
18.0,0.0244140625,41.015625,2.61604492187,-0.87158203125
18.3,0.0244140625,42.96875,2.629375,-0.87158203125
18.6,0.0244140625,42.96875,2.61604492187,-0.87158203125
18.9,0.0244140625,41.9921875,2.629375,-0.87158203125
19.2,0.0244140625,41.9921875,2.64270507812,-0.87158203125
19.5,0.0244140625,41.9921875,2.629375,-0.870361328125
19.8,0.0244140625,42.96875,2.629375,-0.872802734375
20.1,0.0244140625,41.9921875,2.61604492187,-0.87158203125
20.4,0.01953125,41.015625,2.61604492187,-0.87158203125
20.7,0.0244140625,42.96875,2.629375,-0.870361328125
21.0,0.0244140625,42.96875,2.64270507812,-0.87158203125
21.3,0.0244140625,41.015625,2.629375,-0.870361328125
21.6,0.0244140625,43.9453125,2.629375,-0.872802734375
21.9,0.0244140625,41.9921875,2.61604492187,-0.87158203125
22.2,0.0244140625,42.96875,2.629375,-0.87158203125
22.5,0.0244140625,42.96875,2.629375,-0.87158203125
22.8,0.0244140625,41.9921875,2.64270507812,-0.870361328125
23.1,0.0244140625,41.9921875,2.61604492187,-0.870361328125
23.4,0.0244140625,42.96875,2.629375,-0.870361328125
23.7,0.0244140625,41.9921875,2.61604492187,-0.87158203125
24.0,0.01953125,41.9921875,2.629375,-0.87158203125
24.3,0.0244140625,41.9921875,2.61604492187,-0.87158203125
24.6,0.0244140625,41.9921875,2.629375,-0.87158203125
24.9,0.0244140625,41.9921875,2.61604492187,-0.870361328125
25.2,0.01953125,41.9921875,2.629375,-0.87158203125
25.5,0.0244140625,41.9921875,2.61604492187,-0.87158203125
25.8,0.0244140625,41.9921875,2.629375,-0.87158203125
26.1,0.0244140625,41.9921875,2.61604492187,-0.870361328125
26.4,0.0244140625,41.9921875,2.629375,-0.87158203125
26.7,0.0244140625,41.9921875,2.61604492187,-0.87158203125
27.0,0.0244140625,41.015625,2.629375,-0.87158203125
27.3,0.0244140625,41.9921875,2.629375,-0.87158203125
27.6,0.029296875,41.9921875,2.61604492187,-0.870361328125
27.9,0.0244140625,41.015625,2.61604492187,-0.870361328125
28.2,0.0244140625,41.9921875,2.61604492187,-0.870361328125
28.5,0.0244140625,42.96875,2.629375,-0.872802734375
28.8,0.0244140625,41.9921875,2.61604492187,-0.870361328125
29.1,0.0244140625,41.015625,2.629375,-0.87158203125
29.4,0.0244140625,43.9453125,2.61604492187,-0.87158203125
29.7,0.0244140625,41.015625,2.629375,-0.87158203125
30.0,0.0244140625,41.9921875,2.61604492187,-0.87158203125
30.3,0.0244140625,41.9921875,2.629375,-0.87158203125
30.6,0.01953125,42.96875,2.61604492187,-0.872802734375
30.9,0.0244140625,42.96875,2.629375,-0.87158203125
31.2,0.0244140625,42.96875,2.61604492187,-0.87158203125
31.5,0.0244140625,44.921875,2.629375,-0.87158203125
31.8,0.0244140625,41.9921875,2.629375,-0.87158203125
32.1,0.01953125,41.9921875,2.61604492187,-0.87158203125
32.4,0.0244140625,41.9921875,2.629375,-0.87158203125
32.7,0.029296875,41.9921875,2.61604492187,-0.87158203125
33.0,0.0244140625,41.9921875,2.629375,-0.87158203125
33.3,0.029296875,42.96875,2.629375,-0.872802734375
33.6,0.0244140625,42.96875,2.629375,-0.87158203125
33.9,0.0244140625,42.96875,2.61604492187,-0.87158203125
34.2,0.0244140625,41.9921875,2.64270507812,-0.87158203125
34.5,0.029296875,43.9453125,2.61604492187,-0.870361328125
34.8,0.01953125,41.9921875,2.629375,-0.87158203125
35.1,0.0244140625,40.0390625,2.61604492187,-0.87158203125
35.4,0.01953125,42.96875,2.64270507812,-0.87158203125
35.7,0.0244140625,41.015625,2.629375,-0.872802734375
36.0,0.01953125,41.9921875,2.61604492187,-0.87158203125
36.3,0.0244140625,41.9921875,2.64270507812,-0.87158203125
36.6,0.0244140625,41.9921875,2.629375,-0.87158203125
36.9,0.0244140625,41.015625,2.629375,-0.872802734375
37.2,0.0244140625,42.96875,2.629375,-0.870361328125
37.5,0.0244140625,42.96875,2.64270507812,-0.87158203125
37.8,0.029296875,41.9921875,2.61604492187,-0.870361328125
38.1,0.0244140625,42.96875,2.629375,-0.87158203125
38.4,0.0244140625,41.015625,2.61604492187,-0.872802734375
38.7,0.0244140625,41.9921875,2.629375,-0.872802734375
39.0,0.0244140625,42.96875,2.61604492187,-0.870361328125
39.3,0.0244140625,41.9921875,2.61604492187,-0.87158203125
39.6,0.0244140625,43.9453125,2.629375,-0.87158203125
39.9,0.0244140625,41.9921875,2.629375,-0.87158203125
40.2,0.0244140625,41.9921875,2.629375,-0.870361328125
40.5,0.029296875,42.96875,2.629375,-0.87158203125
40.8,0.01953125,41.9921875,2.629375,-0.87158203125
41.1,0.0244140625,42.96875,2.629375,-0.87158203125
41.4,0.0244140625,41.9921875,2.629375,-0.870361328125
41.7,0.029296875,42.96875,2.629375,-0.870361328125
42.0,0.0244140625,41.9921875,2.629375,-0.87158203125
42.3,0.029296875,42.96875,2.61604492187,-0.870361328125
42.6,0.0244140625,42.96875,2.629375,-0.872802734375
42.9,0.0244140625,43.9453125,2.61604492187,-0.869140625
43.2,0.01953125,42.96875,2.64270507812,-0.872802734375
43.5,0.0244140625,41.9921875,2.61604492187,-0.87158203125
43.8,0.0244140625,41.9921875,2.629375,-0.87158203125
44.1,0.0244140625,43.9453125,2.61604492187,-0.87158203125
44.4,0.01953125,41.9921875,2.629375,-0.87158203125
44.7,0.0244140625,43.9453125,2.61604492187,-0.870361328125
45.0,0.0244140625,41.9921875,2.629375,-0.87158203125
45.3,0.0244140625,42.96875,2.629375,-0.87158203125
45.6,0.0244140625,42.96875,2.629375,-0.87158203125
45.9,0.0244140625,42.96875,2.629375,-0.870361328125
46.2,0.0244140625,41.9921875,2.629375,-0.87158203125
46.5,0.0244140625,41.9921875,2.629375,-0.87158203125
46.8,0.0244140625,41.015625,2.629375,-0.87158203125
47.1,0.0244140625,41.015625,2.61604492187,-0.87158203125
47.4,0.0244140625,42.96875,2.629375,-0.87158203125
47.7,0.0244140625,41.9921875,2.629375,-0.87158203125
48.0,0.0244140625,41.9921875,2.629375,-0.87158203125
48.3,0.0244140625,41.9921875,2.629375,-0.87158203125
48.6,0.0244140625,42.96875,2.629375,-0.87158203125
48.9,0.0244140625,41.015625,2.629375,-0.870361328125
49.2,0.0244140625,41.9921875,2.61604492187,-0.87158203125
49.5,0.0244140625,41.9921875,2.629375,-0.870361328125
49.8,0.0244140625,41.9921875,2.61604492187,-0.87158203125
50.1,0.01953125,43.9453125,2.61604492187,-0.870361328125
50.4,0.0244140625,41.9921875,2.629375,-0.87158203125
50.7,0.029296875,42.96875,2.629375,-0.87158203125
51.0,0.0244140625,42.96875,2.61604492187,-0.87158203125
51.3,0.0244140625,42.96875,2.629375,-0.870361328125
51.6,0.0244140625,42.96875,2.629375,-0.87158203125
51.9,0.0244140625,42.96875,2.629375,-0.87158203125
52.2,0.0244140625,41.9921875,2.61604492187,-0.87158203125
52.5,0.0244140625,41.9921875,2.629375,-0.872802734375
52.8,0.0244140625,43.9453125,2.629375,-0.87158203125
53.1,0.0244140625,41.9921875,2.629375,-0.87158203125
53.4,0.0244140625,41.9921875,2.629375,-0.87158203125
53.7,0.0244140625,42.96875,2.629375,-0.870361328125
54.0,0.0244140625,42.96875,2.61604492187,-0.870361328125
54.3,0.0244140625,41.9921875,2.629375,-0.87158203125
54.6,0.029296875,41.9921875,2.61604492187,-0.870361328125
54.9,0.0244140625,41.9921875,2.629375,-0.870361328125
55.2,0.0244140625,42.96875,2.629375,-0.87158203125
55.5,0.0244140625,42.96875,2.629375,-0.87158203125
55.8,0.0244140625,42.96875,2.629375,-0.87158203125
56.1,0.0244140625,41.9921875,2.61604492187,-0.870361328125
56.4,0.01953125,42.96875,2.629375,-0.87158203125
56.7,0.0244140625,42.96875,2.61604492187,-0.87158203125
57.0,0.0244140625,42.96875,2.629375,-0.87158203125
57.3,0.0244140625,42.96875,2.61604492187,-0.87158203125
57.6,0.0244140625,42.96875,2.629375,-0.87158203125
57.9,0.0244140625,42.96875,2.629375,-0.87158203125
58.2,0.0244140625,41.9921875,2.629375,-0.870361328125
58.5,0.0244140625,42.96875,2.61604492187,-0.87158203125
58.8,0.0244140625,42.96875,2.629375,-0.87158203125
59.1,0.0244140625,41.9921875,2.61604492187,-0.87158203125
59.4,0.0244140625,41.9921875,2.629375,-0.87158203125
59.7,0.0244140625,41.9921875,2.629375,-0.87158203125
60.0,0.0244140625,41.9921875,2.629375,-0.87158203125
60.3,0.0244140625,42.96875,2.64270507812,-0.87158203125
60.6,0.0244140625,42.96875,2.629375,-0.87158203125
60.9,0.0244140625,41.015625,2.61604492187,-0.87158203125
61.2,0.01953125,42.96875,2.629375,-0.87158203125
61.5,0.0244140625,41.015625,2.61604492187,-0.870361328125
61.8,0.0244140625,42.96875,2.629375,-0.87158203125
62.1,0.0244140625,41.9921875,2.61604492187,-0.87158203125
62.4,0.0244140625,41.9921875,2.61604492187,-0.87158203125
62.7,0.01953125,41.9921875,2.61604492187,-0.870361328125
63.0,0.0244140625,41.9921875,2.629375,-0.870361328125
63.3,0.0244140625,43.9453125,2.629375,-0.87158203125
63.6,0.01953125,42.96875,2.629375,-0.87158203125
63.9,0.0244140625,42.96875,2.629375,-0.87158203125
64.2,0.01953125,41.9921875,2.629375,-0.87158203125
64.5,0.0244140625,41.015625,2.629375,-0.87158203125
64.8,0.0244140625,41.9921875,2.61604492187,-0.872802734375
65.1,0.0244140625,41.9921875,2.61604492187,-0.87158203125
65.4,0.0244140625,41.9921875,2.629375,-0.87158203125
65.7,0.0244140625,42.96875,2.61604492187,-0.87158203125
66.0,0.0244140625,43.9453125,2.629375,-0.87158203125
66.3,0.029296875,43.9453125,2.61604492187,-0.87158203125
66.6,0.0244140625,41.9921875,2.629375,-0.872802734375
66.9,0.0244140625,42.96875,2.629375,-0.87158203125
67.2,0.01953125,41.9921875,2.629375,-0.87158203125
67.5,0.0244140625,42.96875,2.629375,-0.870361328125
67.8,0.0244140625,41.9921875,2.629375,-0.87158203125
68.1,0.0244140625,41.9921875,2.629375,-0.870361328125
68.4,0.0244140625,42.96875,2.64270507812,-0.87158203125
68.7,0.029296875,41.9921875,2.61604492187,-0.87158203125
69.0,0.0244140625,43.9453125,2.629375,-0.872802734375
69.3,0.029296875,41.9921875,2.629375,-0.870361328125
69.6,0.029296875,42.96875,2.629375,-0.870361328125
69.9,0.0244140625,42.96875,2.61604492187,-0.87158203125
70.2,0.0244140625,41.9921875,2.61604492187,-0.87158203125
70.5,0.0244140625,41.9921875,2.629375,-0.87158203125
70.8,0.0244140625,41.015625,2.629375,-0.87158203125
71.1,0.0244140625,42.96875,2.629375,-0.87158203125
71.4,0.0244140625,41.9921875,2.61604492187,-0.87158203125
71.7,0.0244140625,42.96875,2.629375,-0.87158203125
72.0,0.0244140625,41.9921875,2.61604492187,-0.87158203125
72.3,0.0244140625,41.9921875,2.629375,-0.87158203125
72.6,0.0244140625,41.9921875,2.61604492187,-0.87158203125
72.9,0.0244140625,41.9921875,2.629375,-0.87158203125
73.2,0.0244140625,40.0390625,2.629375,-0.870361328125
73.5,0.0244140625,43.9453125,2.629375,-0.87158203125
73.8,0.0244140625,42.96875,2.629375,-0.87158203125
74.1,0.0244140625,41.9921875,2.629375,-0.87158203125
74.4,0.0244140625,41.015625,2.629375,-0.87158203125
74.7,0.0244140625,41.9921875,2.61604492187,-0.87158203125
75.0,0.0244140625,41.9921875,2.61604492187,-0.87158203125
75.3,0.0244140625,42.96875,2.629375,-0.87158203125
75.6,0.01953125,41.9921875,2.629375,-0.87158203125
75.9,0.029296875,42.96875,2.629375,-0.870361328125
76.2,0.029296875,41.9921875,2.61604492187,-0.870361328125
76.5,0.029296875,42.96875,2.629375,-0.87158203125
76.8,0.0244140625,41.9921875,2.629375,-0.870361328125
77.1,0.0244140625,42.96875,2.629375,-0.87158203125
77.4,0.0244140625,41.015625,2.629375,-0.872802734375
77.7,0.029296875,41.9921875,2.629375,-0.872802734375
78.0,0.0244140625,41.9921875,2.629375,-0.872802734375
78.3,0.0244140625,42.96875,2.629375,-0.87158203125
78.6,0.01953125,41.9921875,2.61604492187,-0.872802734375
78.9,0.0244140625,41.9921875,2.61604492187,-0.870361328125
79.2,0.029296875,42.96875,2.629375,-0.87158203125
79.5,0.0244140625,42.96875,2.629375,-0.87158203125
79.8,0.0244140625,41.9921875,2.61604492187,-0.872802734375
80.1,0.01953125,41.9921875,2.64270507812,-0.87158203125
80.4,0.01953125,42.96875,2.629375,-0.87158203125
80.7,0.0244140625,42.96875,2.61604492187,-0.870361328125
81.0,0.029296875,40.0390625,2.629375,-0.87158203125
81.3,0.029296875,41.9921875,2.61604492187,-0.870361328125
81.6,0.0244140625,41.9921875,2.64270507812,-0.8740234375
81.9,0.0244140625,41.9921875,2.629375,-0.872802734375
82.2,0.0244140625,41.9921875,2.629375,-0.87158203125
82.5,0.0244140625,42.96875,2.629375,-0.870361328125
82.8,0.01953125,41.9921875,2.61604492187,-0.87158203125
83.1,0.0244140625,43.9453125,2.629375,-0.87158203125
83.4,0.0244140625,40.0390625,2.629375,-0.87158203125
83.7,0.0244140625,41.9921875,2.629375,-0.870361328125
84.0,0.0244140625,41.9921875,2.629375,-0.87158203125
84.3,0.01953125,42.96875,2.61604492187,-0.87158203125
84.6,0.0244140625,41.9921875,2.629375,-0.872802734375
84.9,0.0244140625,41.015625,2.629375,-0.87158203125
85.2,0.0244140625,42.96875,2.629375,-0.87158203125
85.5,0.01953125,42.96875,2.629375,-0.872802734375
85.8,0.0244140625,42.96875,2.629375,-0.87158203125
86.1,0.01953125,41.9921875,2.629375,-0.87158203125
86.4,0.029296875,41.9921875,2.629375,-0.872802734375
86.7,0.0244140625,42.96875,2.629375,-0.87158203125
87.0,0.01953125,41.015625,2.629375,-0.872802734375
87.3,0.0244140625,41.9921875,2.61604492187,-0.870361328125
87.6,0.0244140625,41.9921875,2.64270507812,-0.87158203125
87.9,0.0244140625,41.9921875,2.629375,-0.870361328125
88.2,0.0244140625,41.9921875,2.64270507812,-0.87158203125
88.5,0.0244140625,42.96875,2.629375,-0.87158203125
88.8,0.01953125,42.96875,2.629375,-0.87158203125
89.1,0.0244140625,41.9921875,2.629375,-0.87158203125
89.4,0.0244140625,41.9921875,2.61604492187,-0.870361328125
89.7,0.029296875,41.015625,2.629375,-0.87158203125
90.0,0.0244140625,41.9921875,2.629375,-0.870361328125
90.3,0.0244140625,41.9921875,2.64270507812,-0.870361328125
90.6,0.0244140625,42.96875,2.629375,-0.872802734375
90.9,0.0244140625,42.96875,2.61604492187,-0.87158203125
91.2,0.0244140625,42.96875,2.629375,-0.872802734375
91.5,0.0244140625,41.9921875,2.629375,-0.87158203125
91.8,0.0244140625,41.9921875,2.629375,-0.87158203125
92.1,0.0244140625,42.96875,2.61604492187,-0.87158203125
92.4,0.0244140625,41.015625,2.629375,-0.87158203125
92.7,0.0244140625,41.9921875,2.629375,-0.87158203125
93.0,0.0244140625,41.9921875,2.61604492187,-0.870361328125
93.3,0.0244140625,42.96875,2.629375,-0.87158203125
93.6,0.0244140625,41.015625,2.61604492187,-0.87158203125
93.9,0.01953125,41.015625,2.629375,-0.87158203125
94.2,0.0244140625,42.96875,2.61604492187,-0.87158203125
94.5,0.0244140625,41.9921875,2.629375,-0.87158203125
94.8,0.0244140625,41.9921875,2.629375,-0.87158203125
95.1,0.0244140625,41.9921875,2.629375,-0.87158203125
95.4,0.0244140625,41.9921875,2.629375,-0.87158203125
95.7,0.0244140625,42.96875,2.629375,-0.870361328125
96.0,0.0244140625,43.9453125,2.629375,-0.87158203125
96.3,0.0244140625,41.9921875,2.629375,-0.870361328125
96.6,0.0244140625,41.9921875,2.61604492187,-0.87158203125
96.9,0.029296875,42.96875,2.61604492187,-0.87158203125
97.2,0.0244140625,41.9921875,2.629375,-0.87158203125
97.5,0.029296875,41.9921875,2.61604492187,-0.870361328125
97.8,0.029296875,41.9921875,2.629375,-0.87158203125
98.1,0.0244140625,41.9921875,2.61604492187,-0.870361328125
98.4,0.0244140625,42.96875,2.64270507812,-0.87158203125
98.7,0.0244140625,41.9921875,2.629375,-0.870361328125
99.0,0.0244140625,42.96875,2.629375,-0.87158203125
99.3,0.0244140625,41.9921875,2.61604492187,-0.870361328125
99.6,0.0244140625,41.015625,2.629375,-0.87158203125
99.9,0.0244140625,42.96875,2.629375,-0.87158203125
100.2,0.0244140625,41.9921875,2.629375,-0.87158203125
100.5,0.0244140625,41.9921875,2.61604492187,-0.870361328125
100.8,0.0244140625,42.96875,2.629375,-0.87158203125
101.1,0.0244140625,41.9921875,2.629375,-0.87158203125
101.4,0.0244140625,42.96875,2.629375,-0.87158203125
101.7,0.0244140625,41.9921875,2.61604492187,-0.870361328125
102.0,0.0244140625,41.9921875,2.629375,-0.87158203125
102.3,0.0244140625,41.9921875,2.629375,-0.870361328125
102.6,0.0244140625,41.9921875,2.629375,-0.87158203125
102.9,0.0244140625,42.96875,2.629375,-0.870361328125
103.2,0.01953125,41.9921875,2.629375,-0.87158203125
103.5,0.0244140625,42.96875,2.64270507812,-0.870361328125
103.8,0.0244140625,41.9921875,2.629375,-0.87158203125
104.1,0.01953125,41.015625,2.61604492187,-0.87158203125
104.4,0.0244140625,41.9921875,2.629375,-0.869140625
104.7,0.0244140625,41.9921875,2.61604492187,-0.870361328125
105.0,0.0244140625,41.9921875,2.629375,-0.87158203125
105.3,0.0244140625,42.96875,2.61604492187,-0.87158203125
105.6,0.01953125,41.9921875,2.629375,-0.87158203125
105.9,0.0244140625,41.9921875,2.629375,-0.87158203125
106.2,0.0244140625,42.96875,2.629375,-0.870361328125
106.5,0.0244140625,42.96875,2.629375,-0.87158203125
106.8,0.0244140625,42.96875,2.61604492187,-0.870361328125
107.1,0.0244140625,41.9921875,2.629375,-0.87158203125
107.4,0.0244140625,41.9921875,2.629375,-0.87158203125
107.7,0.0244140625,41.9921875,2.61604492187,-0.872802734375
108.0,0.029296875,41.9921875,2.629375,-0.87158203125
108.3,0.0244140625,42.96875,2.61604492187,-0.870361328125
108.6,0.0244140625,43.9453125,2.629375,-0.87158203125
108.9,0.0244140625,41.9921875,2.629375,-0.87158203125
109.2,0.0244140625,41.9921875,2.629375,-0.870361328125
109.5,0.01953125,41.9921875,2.629375,-0.87158203125
109.8,0.0244140625,41.015625,2.629375,-0.87158203125
110.1,0.0244140625,41.9921875,2.61604492187,-0.870361328125
110.4,0.0244140625,41.9921875,2.61604492187,-0.87158203125
110.7,0.0244140625,41.9921875,2.629375,-0.870361328125
111.0,0.0244140625,41.9921875,2.629375,-0.872802734375
111.3,0.0244140625,42.96875,2.629375,-0.87158203125
111.6,0.0244140625,41.015625,2.629375,-0.87158203125
111.9,0.0244140625,41.9921875,2.61604492187,-0.87158203125
112.2,0.0244140625,42.96875,2.61604492187,-0.872802734375
112.5,0.0244140625,42.96875,2.61604492187,-0.87158203125
112.8,0.0244140625,43.9453125,2.629375,-0.87158203125
113.1,0.0244140625,41.9921875,2.61604492187,-0.870361328125
113.4,0.0244140625,41.015625,2.64270507812,-0.87158203125
113.7,0.01953125,42.96875,2.629375,-0.870361328125
114.0,0.0244140625,42.96875,2.629375,-0.872802734375
114.3,0.0244140625,42.96875,2.629375,-0.87158203125
114.6,0.0244140625,42.96875,2.629375,-0.87158203125
114.9,0.0244140625,41.015625,2.629375,-0.87158203125
115.2,0.01953125,42.96875,2.629375,-0.87158203125
115.5,0.0244140625,42.96875,2.61604492187,-0.870361328125
115.8,0.0244140625,41.9921875,2.629375,-0.870361328125
116.1,0.0244140625,41.015625,2.629375,-0.87158203125
116.4,0.029296875,41.9921875,2.629375,-0.870361328125
116.7,0.0244140625,42.96875,2.61604492187,-0.87158203125
117.0,0.01953125,41.015625,2.629375,-0.87158203125
117.3,0.0244140625,41.015625,2.629375,-0.87158203125
117.6,0.0244140625,42.96875,2.61604492187,-0.870361328125
117.9,0.01953125,41.9921875,2.629375,-0.870361328125
118.2,0.0244140625,40.0390625,2.61604492187,-0.87158203125
118.5,0.0244140625,41.015625,2.629375,-0.87158203125
118.8,0.0244140625,41.015625,2.61604492187,-0.87158203125
119.1,0.0244140625,42.96875,2.61604492187,-0.87158203125
119.4,0.01953125,43.9453125,2.61604492187,-0.87158203125
119.7,0.0244140625,41.9921875,2.629375,-0.87158203125
120.0,0.0244140625,41.9921875,2.629375,-0.870361328125
120.3,0.0244140625,41.9921875,2.629375,-0.87158203125
120.6,0.0244140625,41.9921875,2.61604492187,-0.870361328125
120.9,0.0244140625,41.9921875,2.629375,-0.87158203125
121.2,0.0244140625,41.9921875,2.61604492187,-0.87158203125
121.5,0.01953125,41.015625,2.629375,-0.872802734375
121.8,0.0244140625,41.9921875,2.61604492187,-0.870361328125
122.1,0.0244140625,42.96875,2.629375,-0.87158203125
122.4,0.0244140625,43.9453125,2.61604492187,-0.872802734375
122.7,0.0244140625,42.96875,2.61604492187,-0.87158203125
123.0,0.0244140625,41.015625,2.629375,-0.87158203125
123.3,0.0244140625,40.0390625,2.61604492187,-0.870361328125
123.6,0.01953125,41.9921875,2.61604492187,-0.87158203125
123.9,0.0244140625,42.96875,2.61604492187,-0.87158203125
124.2,0.0244140625,41.015625,2.629375,-0.870361328125
124.5,0.0244140625,42.96875,2.61604492187,-0.870361328125
124.8,0.0244140625,42.96875,2.629375,-0.870361328125
125.1,0.01953125,41.9921875,2.61604492187,-0.870361328125
125.4,0.0244140625,41.015625,2.629375,-0.87158203125
125.7,0.01953125,42.96875,2.629375,-0.87158203125
126.0,0.0244140625,42.96875,2.629375,-0.87158203125
126.3,0.0244140625,42.96875,2.629375,-0.87158203125
126.6,0.029296875,41.015625,2.61604492187,-0.87158203125
126.9,0.0244140625,41.9921875,2.629375,-0.87158203125
127.2,0.0244140625,41.9921875,2.61604492187,-0.87158203125
127.5,0.01953125,41.9921875,2.629375,-0.87158203125
127.8,0.0244140625,41.9921875,2.629375,-0.87158203125
128.1,0.0244140625,41.9921875,2.629375,-0.87158203125
128.4,0.0244140625,41.015625,2.629375,-0.87158203125
128.7,0.0244140625,42.96875,2.61604492187,-0.870361328125
129.0,0.0244140625,41.9921875,2.629375,-0.87158203125
129.3,0.0244140625,42.96875,2.61604492187,-0.870361328125
129.6,0.0244140625,42.96875,2.629375,-0.87158203125
129.9,0.0244140625,41.9921875,2.629375,-0.870361328125
130.2,0.0244140625,41.9921875,2.61604492187,-0.87158203125
130.5,0.0244140625,42.96875,2.629375,-0.87158203125
130.8,0.0244140625,41.9921875,2.61604492187,-0.87158203125
131.1,0.0244140625,41.9921875,2.629375,-0.87158203125
131.4,0.0244140625,41.9921875,2.61604492187,-0.870361328125
131.7,0.01953125,42.96875,2.61604492187,-0.87158203125
132.0,0.0244140625,41.9921875,2.61604492187,-0.87158203125
132.3,0.0244140625,42.96875,2.629375,-0.870361328125
132.6,0.0244140625,41.9921875,2.61604492187,-0.87158203125
132.9,0.0244140625,41.9921875,2.629375,-0.87158203125
133.2,0.0244140625,42.96875,2.61604492187,-0.870361328125
133.5,0.0244140625,41.9921875,2.629375,-0.87158203125
133.8,0.0244140625,41.9921875,2.61604492187,-0.87158203125
134.1,0.0244140625,41.015625,2.629375,-0.87158203125
134.4,0.029296875,41.015625,2.61604492187,-0.870361328125
134.7,0.0244140625,41.9921875,2.629375,-0.87158203125
135.0,0.0244140625,41.9921875,2.629375,-0.87158203125
135.3,0.0244140625,42.96875,2.629375,-0.87158203125
135.6,0.0244140625,41.9921875,2.629375,-0.87158203125
135.9,0.0244140625,41.9921875,2.61604492187,-0.872802734375
136.2,0.029296875,41.9921875,2.629375,-0.87158203125
136.5,0.0244140625,43.9453125,2.61604492187,-0.87158203125
136.8,0.0244140625,41.9921875,2.629375,-0.87158203125
137.1,0.0244140625,41.9921875,2.629375,-0.870361328125
137.4,0.0244140625,42.96875,2.629375,-0.87158203125
137.7,0.0244140625,41.9921875,2.61604492187,-0.87158203125
138.0,0.0244140625,41.9921875,2.61604492187,-0.870361328125
138.3,0.0244140625,42.96875,2.629375,-0.872802734375
138.6,0.0244140625,41.9921875,2.61604492187,-0.870361328125
138.9,0.0244140625,41.015625,2.629375,-0.87158203125
139.2,0.0244140625,41.9921875,2.61604492187,-0.870361328125
139.5,0.0244140625,42.96875,2.629375,-0.872802734375
139.8,0.0244140625,42.96875,2.629375,-0.870361328125
140.1,0.0244140625,41.9921875,2.629375,-0.87158203125
140.4,0.0244140625,41.9921875,2.61604492187,-0.870361328125
140.7,0.0244140625,41.9921875,2.629375,-0.87158203125
141.0,0.0244140625,41.9921875,2.629375,-0.870361328125
141.3,0.029296875,41.9921875,2.629375,-0.87158203125
141.6,0.0244140625,42.96875,2.629375,-0.87158203125
141.9,0.0244140625,41.9921875,2.61604492187,-0.87158203125
142.2,0.0244140625,42.96875,2.629375,-0.87158203125
142.5,0.0244140625,41.9921875,2.629375,-0.87158203125
142.8,0.0244140625,41.9921875,2.629375,-0.87158203125
143.1,0.029296875,42.96875,2.61604492187,-0.87158203125
143.4,0.01953125,41.015625,2.629375,-0.87158203125
143.7,0.0244140625,41.9921875,2.61604492187,-0.87158203125
144.0,0.0244140625,43.9453125,2.629375,-0.87158203125
144.3,0.0244140625,43.9453125,2.61604492187,-0.87158203125
144.6,0.029296875,41.9921875,2.629375,-0.870361328125
144.9,0.029296875,41.015625,2.61604492187,-0.87158203125
145.2,0.0244140625,41.9921875,2.61604492187,-0.870361328125
145.5,0.0244140625,43.9453125,2.629375,-0.87158203125
145.8,0.01953125,41.9921875,2.629375,-0.87158203125
146.1,0.0244140625,42.96875,2.629375,-0.87158203125
146.4,0.01953125,41.015625,2.61604492187,-0.87158203125
146.7,0.0244140625,43.9453125,2.629375,-0.87158203125
147.0,0.0244140625,41.9921875,2.629375,-0.870361328125
147.3,0.0244140625,41.015625,2.629375,-0.87158203125
147.6,0.0244140625,43.9453125,2.61604492187,-0.87158203125
147.9,0.0244140625,42.96875,2.629375,-0.872802734375
148.2,0.0244140625,41.9921875,2.61604492187,-0.870361328125
148.5,0.0244140625,42.96875,2.629375,-0.870361328125
148.8,0.01953125,41.9921875,2.629375,-0.870361328125
149.1,0.0244140625,43.9453125,2.629375,-0.87158203125
149.4,0.0244140625,42.96875,2.61604492187,-0.870361328125
149.7,0.0244140625,41.9921875,2.629375,-0.87158203125
150.0,0.0244140625,41.015625,2.61604492187,-0.87158203125
150.3,0.0244140625,41.9921875,2.629375,-0.87158203125
150.6,0.0244140625,41.9921875,2.61604492187,-0.87158203125
150.9,0.0244140625,42.96875,2.629375,-0.87158203125
151.2,0.0244140625,41.9921875,2.61604492187,-0.870361328125
151.5,0.0244140625,41.9921875,2.629375,-0.87158203125
151.8,0.0244140625,43.9453125,2.629375,-0.87158203125
152.1,0.0244140625,41.9921875,2.629375,-0.87158203125
152.4,0.029296875,41.9921875,2.629375,-0.87158203125
152.7,0.0244140625,41.015625,2.61604492187,-0.87158203125
153.0,0.0244140625,41.9921875,2.629375,-0.87158203125
153.3,0.0244140625,41.9921875,2.629375,-0.870361328125
153.6,0.0244140625,41.9921875,2.61604492187,-0.87158203125
153.9,0.01953125,43.9453125,2.61604492187,-0.87158203125
154.2,0.0244140625,41.9921875,2.61604492187,-0.87158203125
154.5,0.01953125,41.9921875,2.629375,-0.87158203125
154.8,0.0244140625,41.015625,2.629375,-0.870361328125
155.1,0.0244140625,41.9921875,2.629375,-0.87158203125
155.4,0.029296875,42.96875,2.61604492187,-0.870361328125
155.7,0.0244140625,41.015625,2.629375,-0.87158203125
156.0,0.01953125,41.015625,2.61604492187,-0.870361328125
156.3,0.0244140625,41.9921875,2.629375,-0.872802734375
156.6,0.0244140625,41.9921875,2.61604492187,-0.87158203125
156.9,0.0244140625,41.9921875,2.629375,-0.87158203125
157.2,0.0244140625,42.96875,2.61604492187,-0.870361328125
157.5,0.0244140625,41.9921875,2.629375,-0.87158203125
157.8,0.0244140625,42.96875,2.61604492187,-0.870361328125
158.1,0.0244140625,40.0390625,2.629375,-0.870361328125
158.4,0.0244140625,41.9921875,2.61604492187,-0.87158203125
158.7,0.0244140625,42.96875,2.629375,-0.87158203125
159.0,0.01953125,41.9921875,2.629375,-0.87158203125
159.3,0.0244140625,41.9921875,2.629375,-0.87158203125
159.6,0.0244140625,41.9921875,2.629375,-0.872802734375
159.9,0.029296875,41.9921875,2.61604492187,-0.87158203125
160.2,0.0244140625,42.96875,2.64270507812,-0.87158203125
160.5,0.0244140625,42.96875,2.629375,-0.87158203125
160.8,0.0244140625,41.9921875,2.629375,-0.87158203125
161.1,0.0244140625,41.9921875,2.61604492187,-0.870361328125
161.4,0.0244140625,42.96875,2.629375,-0.87158203125
161.7,0.0244140625,41.9921875,2.61604492187,-0.870361328125
162.0,0.0244140625,42.96875,2.629375,-0.87158203125
162.3,0.0244140625,43.9453125,2.61604492187,-0.870361328125
162.6,0.0244140625,42.96875,2.629375,-0.87158203125
162.9,0.01953125,41.9921875,2.629375,-0.870361328125
163.2,0.0244140625,43.9453125,2.629375,-0.87158203125
163.5,0.0244140625,41.9921875,2.629375,-0.870361328125
163.8,0.0244140625,41.9921875,2.629375,-0.87158203125
164.1,0.029296875,43.9453125,2.61604492187,-0.87158203125
164.4,0.0244140625,41.015625,2.629375,-0.872802734375
164.7,0.0244140625,41.9921875,2.61604492187,-0.87158203125
165.0,0.029296875,41.9921875,2.629375,-0.87158203125
165.3,0.0244140625,41.9921875,2.629375,-0.870361328125
165.6,0.0244140625,41.015625,2.629375,-0.870361328125
165.9,0.0244140625,42.96875,2.629375,-0.87158203125
166.2,0.0244140625,40.0390625,2.61604492187,-0.870361328125
166.5,0.0244140625,41.9921875,2.61604492187,-0.870361328125
166.8,0.0244140625,42.96875,2.61604492187,-0.870361328125
167.1,0.0244140625,41.9921875,2.629375,-0.872802734375
167.4,0.0244140625,41.9921875,2.61604492187,-0.870361328125
167.7,0.0244140625,41.9921875,2.629375,-0.87158203125
168.0,0.0244140625,41.9921875,2.629375,-0.87158203125
168.3,0.0244140625,41.015625,2.629375,-0.872802734375
168.6,0.0244140625,41.015625,2.61604492187,-0.87158203125
168.9,0.0244140625,41.9921875,2.64270507812,-0.87158203125
169.2,0.0244140625,41.9921875,2.61604492187,-0.870361328125
169.5,0.0244140625,41.9921875,2.629375,-0.87158203125
169.8,0.0244140625,42.96875,2.61604492187,-0.87158203125
170.1,0.0244140625,41.9921875,2.629375,-0.87158203125
170.4,0.0244140625,43.9453125,2.61604492187,-0.87158203125
170.7,0.0244140625,40.0390625,2.629375,-0.87158203125
171.0,0.01953125,41.015625,2.629375,-0.870361328125
171.3,0.0244140625,42.96875,2.629375,-0.87158203125
171.6,0.0244140625,41.9921875,2.61604492187,-0.87158203125
171.9,0.0244140625,41.9921875,2.629375,-0.87158203125
172.2,0.0244140625,41.015625,2.61604492187,-0.87158203125
172.5,0.0244140625,41.9921875,2.629375,-0.87158203125
172.8,0.0244140625,42.96875,2.629375,-0.870361328125
173.1,0.0244140625,42.96875,2.629375,-0.870361328125
173.4,0.029296875,40.0390625,2.629375,-0.87158203125
173.7,0.0244140625,41.9921875,2.629375,-0.870361328125
174.0,0.0244140625,41.9921875,2.629375,-0.87158203125
174.3,0.0244140625,42.96875,2.629375,-0.87158203125
174.6,0.0244140625,43.9453125,2.629375,-0.87158203125
174.9,0.0244140625,41.9921875,2.629375,-0.870361328125
175.2,0.0244140625,42.96875,2.61604492187,-0.87158203125
175.5,0.0244140625,42.96875,2.61604492187,-0.870361328125
175.8,0.01953125,42.96875,2.629375,-0.87158203125
176.1,0.0244140625,42.96875,2.61604492187,-0.870361328125
176.4,0.029296875,42.96875,2.64270507812,-0.87158203125
176.7,0.0244140625,41.9921875,2.61604492187,-0.870361328125
177.0,0.0244140625,42.96875,2.629375,-0.87158203125
177.3,0.0244140625,42.96875,2.61604492187,-0.870361328125
177.6,0.0244140625,42.96875,2.64270507812,-0.87158203125
177.9,0.0244140625,41.9921875,2.61604492187,-0.87158203125
178.2,0.0244140625,42.96875,2.629375,-0.87158203125
178.5,0.029296875,41.9921875,2.629375,-0.87158203125
178.8,0.0244140625,43.9453125,2.629375,-0.87158203125
179.1,0.0244140625,41.9921875,2.61604492187,-0.87158203125
179.4,0.0244140625,41.9921875,2.61604492187,-0.87158203125
179.7,0.0244140625,41.9921875,2.629375,-0.87158203125
180.0,0.0244140625,41.9921875,2.629375,-0.87158203125
180.3,0.01953125,42.96875,2.629375,-0.87158203125
180.6,0.01953125,42.96875,2.629375,-0.870361328125
180.9,0.0244140625,41.9921875,2.629375,-0.870361328125
181.2,0.0244140625,42.96875,2.61604492187,-0.870361328125
181.5,0.029296875,43.9453125,2.64270507812,-0.87158203125
181.8,0.01953125,41.015625,2.61604492187,-0.87158203125
182.1,0.0244140625,41.9921875,2.629375,-0.87158203125
182.4,0.0244140625,41.9921875,2.61604492187,-0.870361328125
182.7,0.0244140625,43.9453125,2.629375,-0.87158203125
183.0,0.0244140625,41.9921875,2.60271484375,-0.87158203125
183.3,0.0244140625,41.9921875,2.629375,-0.87158203125
183.6,0.0244140625,41.9921875,2.60271484375,-0.87158203125
183.9,0.0244140625,42.96875,2.629375,-0.87158203125
184.2,0.0244140625,41.9921875,2.61604492187,-0.870361328125
184.5,0.029296875,42.96875,2.629375,-0.87158203125
184.8,0.0244140625,41.9921875,2.61604492187,-0.870361328125
185.1,0.0244140625,41.9921875,2.629375,-0.87158203125
185.4,0.0244140625,42.96875,2.629375,-0.87158203125
185.7,0.0244140625,42.96875,2.61604492187,-0.870361328125
186.0,0.0244140625,41.9921875,2.629375,-0.87158203125
186.3,0.0244140625,43.9453125,2.629375,-0.87158203125
186.6,0.0244140625,43.9453125,2.629375,-0.87158203125
186.9,0.0244140625,41.9921875,2.629375,-0.87158203125
187.2,0.0244140625,42.96875,2.629375,-0.87158203125
187.5,0.0244140625,41.9921875,2.629375,-0.869140625
187.8,0.0244140625,41.9921875,2.629375,-0.872802734375
188.1,0.0244140625,41.9921875,2.61604492187,-0.870361328125
188.4,0.029296875,41.9921875,2.629375,-0.87158203125
188.7,0.0244140625,42.96875,2.629375,-0.870361328125
189.0,0.0244140625,42.96875,2.629375,-0.87158203125
189.3,0.0244140625,41.9921875,2.61604492187,-0.87158203125
189.6,0.0244140625,41.9921875,2.629375,-0.87158203125
189.9,0.0244140625,41.9921875,2.629375,-0.870361328125
190.2,0.0244140625,41.9921875,2.629375,-0.870361328125
190.5,0.0244140625,43.9453125,2.629375,-0.87158203125
190.8,0.0244140625,41.9921875,2.629375,-0.87158203125
191.1,0.0244140625,42.96875,2.629375,-0.87158203125
191.4,0.0244140625,41.015625,2.61604492187,-0.87158203125
191.7,0.01953125,42.96875,2.61604492187,-0.870361328125
192.0,0.0244140625,42.96875,2.61604492187,-0.870361328125
192.3,0.0244140625,41.015625,2.629375,-0.87158203125
192.6,0.0244140625,41.9921875,2.629375,-0.87158203125
192.9,0.0244140625,42.96875,2.629375,-0.87158203125
193.2,0.01953125,43.9453125,2.629375,-0.87158203125
193.5,0.029296875,42.96875,2.61604492187,-0.870361328125
193.8,0.0244140625,41.9921875,2.629375,-0.87158203125
194.1,0.0244140625,41.9921875,2.61604492187,-0.87158203125
194.4,0.0244140625,42.96875,2.61604492187,-0.87158203125
194.7,0.0244140625,42.96875,2.61604492187,-0.87158203125
195.0,0.0244140625,41.9921875,2.61604492187,-0.870361328125
195.3,0.0244140625,41.9921875,2.629375,-0.87158203125
195.6,0.0244140625,43.9453125,2.61604492187,-0.87158203125
195.9,0.0244140625,41.9921875,2.629375,-0.872802734375
196.2,0.0244140625,42.96875,2.629375,-0.87158203125
196.5,0.029296875,43.9453125,2.629375,-0.870361328125
196.8,0.0244140625,41.9921875,2.629375,-0.870361328125
197.1,0.0244140625,41.9921875,2.629375,-0.87158203125
197.4,0.0244140625,42.96875,2.629375,-0.870361328125
197.7,0.0244140625,40.0390625,2.629375,-0.870361328125
198.0,0.0244140625,43.9453125,2.629375,-0.872802734375
198.3,0.0244140625,41.9921875,2.61604492187,-0.87158203125
198.6,0.01953125,42.96875,2.629375,-0.87158203125
198.9,0.0244140625,41.9921875,2.629375,-0.87158203125
199.2,0.0244140625,41.015625,2.61604492187,-0.872802734375
199.5,0.0244140625,42.96875,2.629375,-0.872802734375
199.8,0.0244140625,42.96875,2.629375,-0.87158203125
200.1,0.0244140625,43.9453125,2.629375,-0.87158203125
200.4,0.0244140625,41.9921875,2.64270507812,-0.87158203125
200.7,0.0244140625,40.0390625,2.61604492187,-0.87158203125
201.0,0.0244140625,42.96875,2.629375,-0.87158203125
201.3,0.0244140625,39.0625,2.629375,-0.87158203125
201.6,0.01953125,41.9921875,2.64270507812,-0.87158203125
201.9,0.0244140625,41.9921875,2.61604492187,-0.87158203125
202.2,0.0244140625,41.9921875,2.629375,-0.870361328125
202.5,0.0244140625,41.9921875,2.61604492187,-0.870361328125
202.8,0.0244140625,41.9921875,2.629375,-0.870361328125
203.1,0.0244140625,41.9921875,2.629375,-0.87158203125
203.4,0.0244140625,42.96875,2.629375,-0.87158203125
203.7,0.0244140625,42.96875,2.61604492187,-0.870361328125
204.0,0.0244140625,42.96875,2.629375,-0.870361328125
204.3,0.0244140625,41.015625,2.629375,-0.870361328125
204.6,0.0244140625,41.9921875,2.629375,-0.87158203125
204.9,0.0244140625,41.9921875,2.629375,-0.87158203125
205.2,0.0244140625,41.9921875,2.61604492187,-0.87158203125
205.5,0.0244140625,42.96875,2.629375,-0.87158203125
205.8,0.0244140625,42.96875,2.60271484375,-0.87158203125
206.1,0.0244140625,41.9921875,2.629375,-0.87158203125
206.4,0.0244140625,40.0390625,2.629375,-0.87158203125
206.7,0.0244140625,41.9921875,2.64270507812,-0.87158203125
207.0,0.0244140625,41.015625,2.61604492187,-0.87158203125
207.3,0.0244140625,41.9921875,2.64270507812,-0.87158203125
207.6,0.0244140625,41.9921875,2.61604492187,-0.870361328125
207.9,0.029296875,41.9921875,2.629375,-0.87158203125
208.2,0.0244140625,42.96875,2.61604492187,-0.87158203125
208.5,0.0244140625,43.9453125,2.65603515625,-0.87158203125
208.8,0.0244140625,41.9921875,2.61604492187,-0.870361328125
209.1,0.0244140625,41.015625,2.629375,-0.87158203125
209.4,0.01953125,41.9921875,2.629375,-0.870361328125
209.7,0.0244140625,42.96875,2.629375,-0.87158203125
210.0,0.0244140625,42.96875,2.629375,-0.87158203125
210.3,0.0244140625,41.015625,2.629375,-0.87158203125
210.6,0.0244140625,41.9921875,2.629375,-0.87158203125
210.9,0.0244140625,42.96875,2.64270507812,-0.87158203125
211.2,0.01953125,41.9921875,2.629375,-0.870361328125
211.5,0.0244140625,42.96875,2.629375,-0.87158203125
211.8,0.0244140625,41.9921875,2.629375,-0.870361328125
212.1,0.0244140625,41.015625,2.629375,-0.870361328125
212.4,0.029296875,41.9921875,2.61604492187,-0.87158203125
212.7,0.0244140625,39.0625,2.64270507812,-0.870361328125
213.0,0.0244140625,41.9921875,2.61604492187,-0.87158203125
213.3,0.0244140625,41.9921875,2.629375,-0.869140625
213.6,0.0244140625,41.015625,2.61604492187,-0.87158203125
213.9,0.0244140625,41.9921875,2.629375,-0.87158203125
214.2,0.0244140625,42.96875,2.629375,-0.87158203125
214.5,0.0244140625,42.96875,2.629375,-0.870361328125
214.8,0.0244140625,41.015625,2.61604492187,-0.87158203125
215.1,0.0244140625,42.96875,2.629375,-0.87158203125
215.4,0.0244140625,41.015625,2.629375,-0.87158203125
215.7,0.0244140625,41.9921875,2.629375,-0.870361328125
216.0,0.0244140625,42.96875,2.629375,-0.870361328125
216.3,0.0244140625,42.96875,2.629375,-0.87158203125
216.6,0.0244140625,42.96875,2.629375,-0.87158203125
216.9,0.0244140625,41.9921875,2.61604492187,-0.870361328125
217.2,0.0244140625,41.9921875,2.629375,-0.87158203125
217.5,0.0244140625,42.96875,2.629375,-0.87158203125
217.8,0.0244140625,42.96875,2.629375,-0.87158203125
218.1,0.0244140625,41.9921875,2.629375,-0.870361328125
218.4,0.0244140625,41.9921875,2.629375,-0.87158203125
218.7,0.01953125,42.96875,2.64270507812,-0.87158203125
219.0,0.029296875,41.9921875,2.61604492187,-0.87158203125
219.3,0.0244140625,42.96875,2.629375,-0.87158203125
219.6,0.029296875,42.96875,2.629375,-0.87158203125
219.9,0.0244140625,42.96875,2.629375,-0.87158203125
220.2,0.0244140625,41.015625,2.629375,-0.87158203125
220.5,0.0244140625,41.9921875,2.629375,-0.87158203125
220.8,0.0244140625,41.9921875,2.629375,-0.870361328125
221.1,0.0244140625,42.96875,2.629375,-0.87158203125
221.4,0.0244140625,42.96875,2.61604492187,-0.87158203125
221.7,0.0244140625,42.96875,2.629375,-0.87158203125
222.0,0.0244140625,41.015625,2.61604492187,-0.870361328125
222.3,0.0244140625,43.9453125,2.629375,-0.87158203125
222.6,0.029296875,42.96875,2.61604492187,-0.870361328125
222.9,0.0244140625,41.015625,2.629375,-0.87158203125
223.2,0.0244140625,41.9921875,2.629375,-0.870361328125
223.5,0.0244140625,41.9921875,2.61604492187,-0.870361328125
223.8,0.01953125,41.9921875,2.629375,-0.870361328125
224.1,0.029296875,41.9921875,2.61604492187,-0.87158203125
224.4,0.0244140625,42.96875,2.629375,-0.87158203125
224.7,0.0244140625,42.96875,2.629375,-0.87158203125
225.0,0.0244140625,41.015625,2.629375,-0.870361328125
225.3,0.0244140625,41.9921875,2.629375,-0.87158203125
225.6,0.029296875,41.9921875,2.629375,-0.870361328125
225.9,0.0244140625,41.015625,2.61604492187,-0.87158203125
226.2,0.0244140625,41.9921875,2.64270507812,-0.87158203125
226.5,0.0244140625,41.9921875,2.629375,-0.87158203125
226.8,0.0244140625,41.9921875,2.629375,-0.870361328125
227.1,0.0244140625,42.96875,2.629375,-0.87158203125
227.4,0.0244140625,42.96875,2.629375,-0.87158203125
227.7,0.0244140625,41.9921875,2.629375,-0.870361328125
228.0,0.0244140625,41.015625,2.61604492187,-0.870361328125
228.3,0.0244140625,42.96875,2.629375,-0.87158203125
228.6,0.0244140625,41.9921875,2.61604492187,-0.87158203125
228.9,0.029296875,42.96875,2.61604492187,-0.870361328125
229.2,0.0244140625,41.9921875,2.629375,-0.87158203125
229.5,0.01953125,42.96875,2.629375,-0.87158203125
229.8,0.0244140625,42.96875,2.629375,-0.87158203125
230.1,0.029296875,41.9921875,2.61604492187,-0.870361328125
230.4,0.0244140625,41.015625,2.629375,-0.87158203125
230.7,0.029296875,42.96875,2.61604492187,-0.87158203125
231.0,0.0244140625,44.921875,2.629375,-0.87158203125
231.3,0.0244140625,41.9921875,2.61604492187,-0.870361328125
231.6,0.029296875,41.015625,2.629375,-0.870361328125
231.9,0.0244140625,42.96875,2.61604492187,-0.870361328125
232.2,0.0244140625,40.0390625,2.629375,-0.87158203125
232.5,0.0244140625,41.015625,2.629375,-0.87158203125
232.8,0.0244140625,41.9921875,2.61604492187,-0.87158203125
233.1,0.01953125,42.96875,2.629375,-0.87158203125
233.4,0.0244140625,41.015625,2.64270507812,-0.870361328125
233.7,0.029296875,42.96875,2.629375,-0.87158203125
234.0,0.0244140625,42.96875,2.61604492187,-0.870361328125
234.3,0.0244140625,42.96875,2.629375,-0.87158203125
234.6,0.0244140625,41.9921875,2.629375,-0.87158203125
234.9,0.0244140625,41.9921875,2.629375,-0.872802734375
235.2,0.01953125,42.96875,2.61604492187,-0.870361328125
235.5,0.0244140625,41.9921875,2.629375,-0.87158203125
235.8,0.0244140625,41.9921875,2.61604492187,-0.870361328125
236.1,0.0244140625,41.015625,2.629375,-0.87158203125
236.4,0.0244140625,41.015625,2.61604492187,-0.87158203125
236.7,0.0244140625,41.9921875,2.629375,-0.87158203125
237.0,0.0244140625,42.96875,2.61604492187,-0.87158203125
