0.0,0.0244140625,41.9921875,12.4136523437,2.49877929688
0.3,0.0244140625,41.9921875,12.4269824219,2.49877929688
0.6,0.029296875,42.96875,12.4536425781,2.49877929688
0.9,0.0244140625,42.96875,12.4936328125,2.49877929688
1.2,0.0244140625,41.015625,12.4936328125,2.49877929688
1.5,0.029296875,42.96875,12.5336230469,2.49877929688
1.8,0.029296875,41.9921875,12.546953125,2.49877929688
2.1,0.0244140625,41.015625,12.5736132813,2.49877929688
2.4,0.0244140625,41.9921875,12.5602832031,2.49877929688
2.7,0.0244140625,42.96875,12.5869433594,2.49877929688
3.0,0.0244140625,41.9921875,12.6002734375,2.49877929688
3.3,0.029296875,41.9921875,12.6136035156,2.49877929688
3.6,0.0244140625,43.9453125,12.6402636719,2.49877929688
3.9,0.0244140625,42.96875,12.6802539062,2.49877929688
4.2,0.029296875,41.9921875,12.6935839844,2.49877929688
4.5,0.0244140625,42.96875,12.7202441406,2.49877929688
4.8,0.029296875,42.96875,12.7202441406,2.49877929688
5.1,0.0244140625,42.96875,12.7335742188,2.49877929688
5.4,0.0244140625,42.96875,12.7469042969,2.49877929688
5.7,0.0244140625,42.96875,12.760234375,2.49877929688
6.0,0.0244140625,42.96875,12.8002246094,2.49877929688
6.3,0.0244140625,42.96875,12.8135546875,2.49877929688
6.6,0.0244140625,42.96875,12.7469042969,2.49877929688
6.9,0.0244140625,42.96875,12.7469042969,2.49877929688
7.2,0.0244140625,41.9921875,12.7335742188,2.49877929688
7.5,0.029296875,41.015625,12.7735644531,2.49877929688
7.8,0.029296875,42.96875,12.7868945313,2.49877929688
8.1,0.0244140625,42.96875,12.7868945313,2.49877929688
8.4,0.0244140625,42.96875,12.8002246094,2.49877929688
8.7,0.029296875,42.96875,12.8135546875,2.49877929688
9.0,0.029296875,41.015625,12.8268847656,2.49877929688
9.3,0.0244140625,41.9921875,12.866875,2.49877929688
9.6,0.0244140625,41.9921875,14.4131640625,2.49877929688
9.9,0.0244140625,42.96875,14.3998339844,2.49877929688
10.2,0.029296875,42.96875,14.3998339844,2.49877929688
10.5,0.0244140625,42.96875,15.2396289063,2.49877929688
10.8,0.0244140625,42.96875,17.1591601562,2.49877929688
11.1,0.029296875,42.96875,17.025859375,2.49877929688
11.4,0.029296875,41.015625,16.7192675781,2.34252929688
11.7,0.029296875,41.9921875,16.6259570312,2.06909179688
12.0,0.029296875,42.96875,16.4260058594,1.8408203125
12.3,0.0244140625,41.9921875,16.0794238281,1.64428710938
12.6,0.0244140625,43.9453125,15.9994433594,1.4404296875
12.9,0.029296875,43.9453125,16.06609375,1.26708984375
13.2,0.029296875,42.96875,16.0794238281,1.15112304688
13.5,0.029296875,41.015625,16.0794238281,1.03271484375
13.8,0.029296875,42.96875,12.9468554687,1.12548828125
14.1,0.0244140625,41.9921875,13.0268359375,1.18041992188
14.4,0.0244140625,42.96875,13.0534960938,1.3525390625
14.7,0.029296875,42.96875,13.0534960938,1.318359375
15.0,0.029296875,41.9921875,13.0934863281,1.25366210938
15.3,0.0244140625,42.96875,13.1201464844,1.29028320312
15.6,0.0244140625,41.015625,13.1334765625,1.31225585938
15.9,0.0244140625,42.96875,13.0668261719,1.15966796875
16.2,0.029296875,42.96875,13.0135058594,1.24145507812
16.5,0.029296875,42.96875,12.9468554687,1.34399414062
16.8,0.0244140625,42.96875,12.866875,1.65161132812
17.1,0.0244140625,42.96875,12.8268847656,2.16064453125
17.4,0.0244140625,41.9921875,12.7868945313,2.44873046875
17.7,0.01953125,41.9921875,12.760234375,2.49877929688
18.0,0.0244140625,42.96875,12.7469042969,2.49877929688
18.3,0.029296875,42.96875,12.760234375,2.49877929688
18.6,0.029296875,42.96875,12.760234375,2.49877929688
18.9,0.029296875,41.9921875,12.7469042969,2.49877929688
19.2,0.029296875,41.9921875,12.8002246094,2.49877929688
19.5,0.029296875,42.96875,12.760234375,2.49877929688
19.8,0.0244140625,42.96875,12.7069140625,2.49877929688
20.1,0.029296875,42.96875,12.7069140625,2.49877929688
20.4,0.029296875,41.015625,12.7202441406,2.49877929688
20.7,0.0244140625,41.9921875,12.7469042969,2.49877929688
21.0,0.0244140625,42.96875,12.760234375,2.49877929688
21.3,0.0244140625,42.96875,12.7735644531,2.49877929688
21.6,0.029296875,41.9921875,12.7735644531,2.49877929688
21.9,0.0244140625,42.96875,12.8002246094,2.49877929688
22.2,0.029296875,42.96875,12.7868945313,2.49877929688
22.5,0.0244140625,42.96875,12.7868945313,2.49877929688
22.8,0.0244140625,42.96875,12.7735644531,2.49877929688
23.1,0.029296875,42.96875,12.7868945313,2.49877929688
23.4,0.029296875,42.96875,12.8002246094,2.49877929688
23.7,0.029296875,42.96875,9.86760742188,2.49877929688
24.0,0.029296875,42.96875,9.86760742188,2.49877929688
24.3,0.029296875,41.015625,9.86760742188,2.49877929688
24.6,0.0244140625,42.96875,11.8804492187,2.49877929688
24.9,0.0244140625,42.96875,11.8271289062,2.49877929688
25.2,0.029296875,41.9921875,12.5869433594,2.49877929688
25.5,0.029296875,44.921875,12.760234375,2.49877929688
25.8,0.029296875,42.96875,12.7868945313,2.49877929688
26.1,0.0244140625,43.9453125,12.6402636719,2.49877929688
26.4,0.0244140625,41.9921875,12.6935839844,2.49877929688
26.7,0.0244140625,41.9921875,12.7069140625,2.49877929688
27.0,0.0244140625,42.96875,12.7335742188,2.49877929688
27.3,0.0244140625,41.015625,12.7202441406,2.49877929688
27.6,0.0244140625,42.96875,16.0927539062,2.49877929688
27.9,0.0244140625,39.0625,16.0794238281,2.49877929688
28.2,0.0244140625,42.96875,13.0401660156,2.49877929688
28.5,0.0244140625,41.9921875,13.0135058594,2.49877929688
28.8,0.0244140625,41.015625,13.0268359375,2.49877929688
29.1,0.0244140625,41.015625,13.0268359375,2.49877929688
29.4,0.029296875,42.96875,13.0401660156,2.49877929688
29.7,0.029296875,42.96875,13.0401660156,2.49877929688
30.0,0.029296875,41.9921875,13.0268359375,2.49877929688
30.3,0.029296875,42.96875,13.0401660156,2.49877929688
30.6,0.0244140625,41.015625,13.0268359375,2.49877929688
30.9,0.0244140625,41.9921875,13.0268359375,2.36938476562
31.2,0.029296875,42.96875,13.0268359375,2.39135742188
31.5,0.0244140625,42.96875,13.0135058594,2.39990234375
31.8,0.0244140625,42.96875,13.0135058594,2.45727539062
32.1,0.029296875,41.9921875,13.0401660156,2.42919921875
32.4,0.029296875,41.9921875,13.0401660156,2.28515625
32.7,0.0244140625,42.96875,13.0401660156,2.27172851562
33.0,0.0244140625,42.96875,13.0401660156,2.3046875
33.3,0.029296875,42.96875,13.0401660156,2.32299804688
33.6,0.0244140625,40.0390625,13.0268359375,2.2802734375
33.9,0.0244140625,43.9453125,13.0401660156,2.31689453125
34.2,0.0244140625,42.96875,13.0401660156,2.28881835938
34.5,0.029296875,41.9921875,13.0668261719,2.30346679688
34.8,0.0244140625,42.96875,13.0934863281,2.2021484375
35.1,0.029296875,40.0390625,13.0401660156,1.96655273438
35.4,0.029296875,41.9921875,13.0401660156,1.95922851562
35.7,0.01953125,42.96875,13.0401660156,2.001953125
36.0,0.029296875,42.96875,13.0401660156,1.9921875
36.3,0.0244140625,42.96875,13.0268359375,2.11303710938
36.6,0.01953125,41.9921875,13.0401660156,2.33276367188
36.9,0.029296875,42.96875,13.0268359375,2.29125976562
37.2,0.0244140625,42.96875,13.0135058594,2.33276367188
37.5,0.0244140625,41.9921875,12.9868457031,2.42553710938
37.8,0.0244140625,42.96875,12.9335253906,2.44384765625
38.1,0.0244140625,43.9453125,12.8802050781,2.49877929688
38.4,0.029296875,42.96875,12.8535449219,2.49877929688
38.7,0.0244140625,42.96875,12.8002246094,2.49877929688
39.0,0.0244140625,42.96875,12.7868945313,2.49877929688
39.3,0.0244140625,42.96875,12.7202441406,2.49877929688
39.6,0.0244140625,42.96875,12.7335742188,2.49877929688
39.9,0.01953125,41.015625,12.7069140625,2.49877929688
40.2,0.0244140625,44.921875,16.0794238281,2.49877929688
40.5,0.0244140625,41.9921875,16.06609375,2.49877929688
40.8,0.0244140625,43.9453125,12.7335742188,2.49877929688
41.1,0.0244140625,41.9921875,12.7335742188,2.49877929688
41.4,0.0244140625,41.9921875,12.7335742188,2.49877929688
41.7,0.029296875,42.96875,12.7335742188,2.49877929688
42.0,0.0244140625,42.96875,12.7202441406,2.49877929688
42.3,0.0244140625,41.9921875,12.7335742188,2.49877929688
42.6,0.0244140625,43.9453125,12.7335742188,2.49877929688
42.9,0.0244140625,41.9921875,12.7202441406,2.49877929688
43.2,0.0244140625,43.9453125,12.7202441406,2.49877929688
43.5,0.0244140625,42.96875,12.7069140625,2.49877929688
43.8,0.0244140625,42.96875,12.7335742188,2.49877929688
44.1,0.0244140625,42.96875,12.7335742188,2.49877929688
0.0,0.0244140625,41.9921875,12.7335742188,2.49877929688
0.3,0.0244140625,42.96875,12.7469042969,2.49877929688
0.6,0.029296875,41.9921875,12.7069140625,2.49877929688
0.9,0.0244140625,42.96875,12.7469042969,2.49877929688
1.2,0.0244140625,42.96875,12.7335742188,2.49877929688
1.5,0.029296875,42.96875,12.7335742188,2.49877929688
1.8,0.0244140625,42.96875,12.7069140625,2.49877929688
2.1,0.0244140625,42.96875,12.7202441406,2.49877929688
2.4,0.0244140625,41.9921875,12.7335742188,2.49877929688
2.7,0.0244140625,42.96875,12.760234375,2.49877929688
3.0,0.029296875,41.015625,12.7735644531,2.49877929688
3.3,0.029296875,42.96875,12.8135546875,2.49877929688
3.6,0.029296875,42.96875,12.8135546875,2.49877929688
3.9,0.0244140625,42.96875,12.8535449219,2.49877929688
4.2,0.0244140625,43.9453125,12.8535449219,2.49877929688
4.5,0.029296875,42.96875,12.866875,2.49877929688
4.8,0.0244140625,42.96875,12.866875,2.49877929688
5.1,0.0244140625,42.96875,12.8935351562,2.49877929688
5.4,0.0244140625,42.96875,12.9201953125,2.49877929688
5.7,0.029296875,41.9921875,12.9201953125,2.49877929688
6.0,0.029296875,40.0390625,12.9601855469,2.49877929688
6.3,0.029296875,42.96875,12.973515625,2.49877929688
6.6,0.029296875,42.96875,13.0001757813,2.49877929688
6.9,0.029296875,41.9921875,13.0001757813,2.49877929688
7.2,0.0244140625,42.96875,13.0268359375,2.49877929688
7.5,0.029296875,41.015625,13.0401660156,2.49877929688
7.8,0.029296875,42.96875,13.0668261719,2.49877929688
8.1,0.029296875,41.9921875,13.0668261719,2.49877929688
8.4,0.0244140625,41.9921875,13.0934863281,2.49877929688
8.7,0.0244140625,42.96875,13.1468066406,2.49877929688
9.0,0.01953125,41.9921875,13.1601367187,2.49877929688
9.3,0.029296875,42.96875,13.1468066406,2.2607421875
9.6,0.0244140625,42.96875,13.1734667969,2.00439453125
9.9,0.0244140625,42.96875,13.1734667969,1.66870117188
10.2,0.0244140625,42.96875,13.2001269531,1.45385742188
10.5,0.0244140625,41.9921875,13.2134570312,1.17309570312
10.8,0.0244140625,41.9921875,13.2401171875,0.9765625
11.1,0.0244140625,42.96875,13.2667773438,0.7373046875
11.4,0.0244140625,42.96875,13.3067675781,0.367431640625
11.7,0.0244140625,42.96875,13.3067675781,0.091552734375
12.0,0.01953125,41.015625,13.3067675781,-0.078125
12.3,0.0244140625,43.9453125,13.3334277344,-0.450439453125
12.6,0.0244140625,42.96875,13.3467578125,-0.799560546875
12.9,0.0244140625,41.9921875,13.3600878906,-1.1083984375
13.2,0.0244140625,41.9921875,13.3734179688,-1.57470703125
13.5,0.0244140625,42.96875,13.400078125,-1.99096679688
13.8,0.0244140625,42.96875,13.4400683594,-2.25708007812
14.1,0.0244140625,41.9921875,13.4400683594,-2.5
14.4,0.029296875,42.96875,13.4400683594,-2.5
14.7,0.029296875,42.96875,13.4800585937,-2.5
15.0,0.029296875,43.9453125,13.4800585937,-2.5
15.3,0.029296875,42.96875,13.5200488281,-2.5
15.6,0.0244140625,41.015625,13.5467089844,-2.5
15.9,0.0244140625,42.96875,13.5467089844,-2.5
16.2,0.029296875,41.9921875,13.5600390625,-2.5
16.5,0.0244140625,42.96875,13.5733691406,-2.5
16.8,0.0244140625,42.96875,13.6000292969,-2.5
17.1,0.0244140625,41.9921875,13.6266894531,-2.5
17.4,0.029296875,42.96875,13.6266894531,-2.5
17.7,0.029296875,41.9921875,13.6400195313,-2.5
18.0,0.0244140625,41.015625,13.6800097656,-2.5
18.3,0.0244140625,42.96875,13.7066699219,-2.5
18.6,0.029296875,41.9921875,13.7333300781,-2.5
18.9,0.0244140625,42.96875,13.7333300781,-2.5
19.2,0.029296875,42.96875,13.7466601562,-2.5
19.5,0.0244140625,42.96875,13.7599902344,-2.5
19.8,0.029296875,42.96875,13.7733203125,-2.5
20.1,0.0244140625,42.96875,13.7999804688,-2.5
20.4,0.0244140625,43.9453125,13.8399707031,-2.5
20.7,0.029296875,41.015625,13.826640625,-2.5
21.0,0.0244140625,42.96875,13.8666308594,-2.5
21.3,0.0244140625,41.9921875,13.8799609375,-2.5
21.6,0.029296875,43.9453125,13.9066210938,-2.5
21.9,0.0244140625,42.96875,13.9066210938,-2.5
22.2,0.0244140625,42.96875,13.9199511719,-2.5
22.5,0.029296875,43.9453125,13.9199511719,-2.5
22.8,0.0244140625,41.9921875,13.9599414062,-2.5
23.1,0.0244140625,42.96875,13.9866015625,-2.5
23.4,0.01953125,43.9453125,14.0132617187,-2.5
23.7,0.0244140625,43.9453125,14.0265917969,-2.5
24.0,0.0244140625,43.9453125,14.0532519531,-2.5
24.3,0.029296875,41.9921875,14.0665820313,-2.5
24.6,0.029296875,42.96875,14.0665820313,-2.5
24.9,0.029296875,43.9453125,14.0799121094,-2.5
25.2,0.0244140625,41.9921875,14.0932421875,-2.5
25.5,0.029296875,41.9921875,14.1199023438,-2.5
25.8,0.0244140625,43.9453125,14.1332324219,-2.5
26.1,0.0244140625,43.9453125,14.1732226563,-2.5
26.4,0.029296875,42.96875,14.1865527344,-2.5
26.7,0.0244140625,42.96875,14.1998828125,-2.5
27.0,0.01953125,43.9453125,14.1998828125,-2.5
27.3,0.029296875,42.96875,14.2265429687,-2.5
27.6,0.029296875,42.96875,14.2398730469,-2.5
27.9,0.029296875,43.9453125,14.2665332031,-2.5
28.2,0.029296875,41.9921875,14.2798632812,-2.5
28.5,0.0244140625,43.9453125,14.3198535156,-2.5
28.8,0.0244140625,42.96875,14.3331835938,-2.5
29.1,0.029296875,41.9921875,14.35984375,-2.5
29.4,0.029296875,42.96875,14.35984375,-2.5
29.7,0.029296875,42.96875,14.3865039063,-2.5
30.0,0.029296875,42.96875,14.3865039063,-2.5
30.3,0.0244140625,42.96875,14.4131640625,-2.5
30.6,0.0244140625,42.96875,14.4131640625,-2.5
30.9,0.029296875,43.9453125,14.4531542969,-2.5
31.2,0.029296875,42.96875,14.466484375,-2.5
31.5,0.029296875,41.9921875,14.5064746094,-2.5
31.8,0.0244140625,42.96875,14.5064746094,-2.44873046875
32.1,0.0244140625,42.96875,14.5331347656,-2.3046875
32.4,0.029296875,42.96875,14.5464648437,-2.17895507812
32.7,0.029296875,42.96875,14.573125,-2.01049804688
33.0,0.029296875,41.9921875,14.573125,-1.923828125
33.3,0.0244140625,42.96875,14.5864550781,-1.81884765625
33.6,0.029296875,42.96875,14.5997851563,-1.68334960938
33.9,0.029296875,41.9921875,14.6397753906,-1.51000976562
34.2,0.0244140625,41.9921875,14.6664355469,-1.38671875
34.5,0.0244140625,42.96875,14.679765625,-1.22314453125
34.8,0.029296875,42.96875,14.679765625,-1.08764648438
35.1,0.029296875,42.96875,14.7064257813,-0.982666015625
35.4,0.0244140625,42.96875,14.7197558594,-0.93017578125
35.7,0.029296875,42.96875,14.7330859375,-0.863037109375
36.0,0.029296875,42.96875,14.7464160156,-0.750732421875
36.3,0.0244140625,41.9921875,14.7730761719,-0.626220703125
36.6,0.0244140625,42.96875,14.7997363281,-0.52734375
36.9,0.0244140625,41.015625,14.8263964844,-0.4833984375
37.2,0.029296875,42.96875,14.8263964844,-0.458984375
37.5,0.0244140625,42.96875,14.8663867188,-0.450439453125
37.8,0.029296875,42.96875,14.8663867188,-0.400390625
38.1,0.0244140625,42.96875,14.8797167969,-0.38330078125
38.4,0.0244140625,41.9921875,14.9063769531,-0.33447265625
38.7,0.029296875,42.96875,14.9063769531,-0.24658203125
39.0,0.0244140625,42.96875,14.9330371094,-0.208740234375
39.3,0.0244140625,42.96875,14.9596972656,-0.194091796875
39.6,0.0244140625,42.96875,14.9863574219,-0.213623046875
39.9,0.0244140625,42.96875,15.0130175781,-0.21728515625
40.2,0.0244140625,41.015625,15.0130175781,-0.162353515625
40.5,0.0244140625,42.96875,15.0263476562,-0.157470703125
40.8,0.029296875,42.96875,15.0396777344,-0.162353515625
41.1,0.029296875,41.015625,15.0663378906,-0.13427734375
41.4,0.029296875,41.015625,15.0796679687,-0.10009765625
41.7,0.0244140625,42.96875,15.0929980469,-0.1416015625
42.0,0.0244140625,42.96875,15.1196582031,-0.17333984375
42.3,0.029296875,41.015625,15.1329882813,-0.179443359375
42.6,0.029296875,42.96875,15.1729785156,-0.13671875
42.9,0.0244140625,42.96875,15.1729785156,-0.107421875
43.2,0.0244140625,42.96875,15.1996386719,-0.087890625
43.5,0.029296875,42.96875,15.1996386719,-0.04150390625
43.8,0.0244140625,41.9921875,15.2262988281,0.009765625
44.1,0.029296875,43.9453125,15.2529589844,0.01220703125
44.4,0.0244140625,41.9921875,15.2796191406,0.0146484375
44.7,0.029296875,41.015625,15.2796191406,0.0390625
45.0,0.01953125,42.96875,15.2929492187,-0.04150390625
45.3,0.0244140625,42.96875,15.319609375,-0.025634765625
45.6,0.029296875,43.9453125,15.3462695312,0.001220703125
45.9,0.0244140625,42.96875,15.3595996094,0.057373046875
46.2,0.029296875,42.96875,15.3862597656,0.01953125
46.5,0.0244140625,42.96875,15.3729296875,-0.0048828125
46.8,0.0244140625,41.9921875,15.3995898438,-0.02685546875
47.1,0.029296875,41.9921875,15.4129199219,-0.030517578125
47.4,0.0244140625,42.96875,15.42625,0.0244140625
47.7,0.029296875,41.9921875,15.4662402344,0.037841796875
48.0,0.01953125,42.96875,15.4795703125,-0.00244140625
48.3,0.0244140625,42.96875,15.4795703125,0.050048828125
48.6,0.029296875,41.015625,15.5062304688,0.023193359375
48.9,0.029296875,42.96875,15.5195605469,-0.00732421875
49.2,0.0244140625,42.96875,15.532890625,-0.02685546875
49.5,0.029296875,42.96875,15.5862109375,-0.050048828125
49.8,0.0244140625,42.96875,15.5862109375,-0.111083984375
50.1,0.0244140625,41.015625,15.6128710937,-0.155029296875
50.4,0.0244140625,42.96875,15.63953125,-0.14892578125
50.7,0.029296875,41.9921875,15.63953125,-0.107421875
51.0,0.0244140625,42.96875,15.63953125,-0.089111328125
51.3,0.0244140625,43.9453125,15.6661914063,-0.040283203125
51.6,0.0244140625,43.9453125,15.6795214844,0.00244140625
51.9,0.029296875,42.96875,15.7195117188,0.047607421875
52.2,0.029296875,40.0390625,15.7328417969,0.030517578125
52.5,0.0244140625,41.015625,15.7595019531,0.020751953125
52.8,0.01953125,42.96875,15.7595019531,0.008544921875
53.1,0.029296875,41.9921875,15.7861621094,-0.0537109375
53.4,0.0244140625,42.96875,15.7994921875,-0.0439453125
53.7,0.0244140625,42.96875,15.8261523437,-0.069580078125
54.0,0.0244140625,42.96875,15.8394824219,-0.018310546875
54.3,0.029296875,44.921875,15.8528125,-0.04638671875
54.6,0.0244140625,42.96875,15.8661425781,-0.12451171875
54.9,0.0244140625,41.9921875,15.8794726562,-0.10009765625
55.2,0.0244140625,42.96875,15.9194628906,-0.02685546875
55.5,0.029296875,42.96875,15.9327929688,0.00244140625
55.8,0.0244140625,42.96875,15.959453125,-0.030517578125
56.1,0.029296875,41.015625,15.959453125,0.035400390625
56.4,0.0244140625,41.9921875,15.9861132813,0.0390625
56.7,0.0244140625,42.96875,15.9861132813,0.06591796875
57.0,0.0244140625,41.9921875,16.0127734375,0.086669921875
57.3,0.0244140625,43.9453125,16.0261035156,0.09521484375
57.6,0.0244140625,42.96875,16.0527636719,0.078125
57.9,0.0244140625,41.9921875,16.0794238281,0.06103515625
58.2,0.0244140625,42.96875,16.1060839844,0.035400390625
58.5,0.0244140625,42.96875,16.1060839844,0.0048828125
58.8,0.0244140625,41.015625,12.760234375,0.21484375
59.1,0.0244140625,42.96875,12.760234375,1.19384765625
59.4,0.0244140625,42.96875,12.7735644531,2.03002929688
59.7,0.0244140625,41.9921875,12.7735644531,2.49877929688
60.0,0.0244140625,42.96875,12.8135546875,2.49877929688
60.3,0.029296875,41.9921875,12.8135546875,2.49877929688
60.6,0.029296875,41.015625,12.8535449219,2.49877929688
60.9,0.0244140625,42.96875,12.866875,2.49877929688
61.2,0.0244140625,41.015625,12.8802050781,2.49877929688
61.5,0.0244140625,42.96875,12.9068652344,2.49877929688
61.8,0.029296875,42.96875,12.9201953125,2.49877929688
62.1,0.029296875,42.96875,12.9335253906,2.49877929688
62.4,0.0341796875,42.96875,12.9601855469,2.49877929688
62.7,0.029296875,42.96875,12.9868457031,2.49877929688
63.0,0.0244140625,42.96875,13.0001757813,2.49877929688
63.3,0.0244140625,41.9921875,13.0135058594,2.49877929688
63.6,0.029296875,42.96875,13.0268359375,2.49877929688
63.9,0.0244140625,42.96875,13.0534960938,2.49877929688
64.2,0.029296875,42.96875,13.0668261719,2.49877929688
64.5,0.0244140625,42.96875,13.0934863281,2.49877929688
64.8,0.0244140625,42.96875,13.1068164063,2.42797851562
65.1,0.0244140625,43.9453125,13.1201464844,2.27172851562
65.4,0.0244140625,43.9453125,13.1334765625,2.00073242188
65.7,0.029296875,42.96875,13.1468066406,1.82983398438
66.0,0.0244140625,42.96875,13.1734667969,1.59423828125
66.3,0.0244140625,43.9453125,13.186796875,1.39038085938
66.6,0.029296875,42.96875,13.2001269531,1.16088867188
66.9,0.01953125,42.96875,13.2134570312,0.9814453125
67.2,0.029296875,41.9921875,13.2267871094,0.673828125
67.5,0.029296875,41.9921875,13.2667773438,0.548095703125
67.8,0.0244140625,43.9453125,13.2934375,0.3857421875
68.1,0.029296875,42.96875,13.3067675781,0.145263671875
68.4,0.0244140625,42.96875,13.3200976563,-0.137939453125
68.7,0.0244140625,42.96875,13.3334277344,-0.41015625
69.0,0.0244140625,41.9921875,13.3334277344,-0.7275390625
69.3,0.0244140625,41.9921875,13.3467578125,-1.0595703125
69.6,0.0244140625,42.96875,13.3867480469,-1.29638671875
69.9,0.0244140625,42.96875,13.4134082031,-1.72729492188
70.2,0.0244140625,41.015625,13.4134082031,-2.15087890625
70.5,0.0244140625,42.96875,13.4400683594,-2.5
70.8,0.029296875,42.96875,13.4800585937,-2.5
71.1,0.029296875,42.96875,13.4933886719,-2.5
71.4,0.029296875,42.96875,13.4800585937,-2.5
71.7,0.0244140625,42.96875,13.5200488281,-2.5
72.0,0.0244140625,41.9921875,13.5467089844,-2.5
72.3,0.0244140625,41.9921875,13.5600390625,-2.5
72.6,0.0244140625,42.96875,13.5600390625,-2.5
72.9,0.029296875,42.96875,13.5866992188,-2.5
73.2,0.029296875,42.96875,13.613359375,-2.5
73.5,0.0244140625,42.96875,13.6266894531,-2.5
73.8,0.0244140625,41.9921875,13.6400195313,-2.5
74.1,0.029296875,42.96875,13.6666796875,-2.5
74.4,0.0244140625,43.9453125,13.6666796875,-2.5
74.7,0.029296875,42.96875,13.6800097656,-2.5
75.0,0.029296875,42.96875,13.72,-2.5
75.3,0.0244140625,42.96875,13.72,-2.5
75.6,0.01953125,42.96875,13.7599902344,-2.5
75.9,0.0244140625,41.9921875,13.7733203125,-2.5
76.2,0.0244140625,42.96875,13.7866503906,-2.5
76.5,0.029296875,41.015625,13.8133105469,-2.5
76.8,0.0244140625,42.96875,13.8133105469,-2.5
77.1,0.029296875,43.9453125,13.8399707031,-2.5
77.4,0.029296875,42.96875,13.8666308594,-2.5
77.7,0.0244140625,42.96875,13.8533007813,-2.5
78.0,0.0244140625,41.9921875,13.8799609375,-2.5
78.3,0.0244140625,42.96875,13.8932910156,-2.5
78.6,0.0244140625,42.96875,13.9066210938,-2.5
78.9,0.01953125,42.96875,13.9466113281,-2.5
79.2,0.029296875,40.0390625,13.9599414062,-2.5
79.5,0.0244140625,42.96875,13.9999316406,-2.5
79.8,0.029296875,41.9921875,14.0132617187,-2.5
80.1,0.0244140625,43.9453125,14.0132617187,-2.5
80.4,0.0244140625,41.9921875,14.0265917969,-2.5
80.7,0.029296875,42.96875,14.039921875,-2.5
81.0,0.029296875,43.9453125,14.0532519531,-2.5
81.3,0.0244140625,42.96875,14.0932421875,-2.5
81.6,0.0244140625,41.9921875,14.1199023438,-2.5
81.9,0.029296875,42.96875,14.1332324219,-2.5
82.2,0.0244140625,42.96875,14.1465625,-2.5
82.5,0.01953125,41.9921875,14.1732226563,-2.5
82.8,0.0244140625,41.9921875,14.1865527344,-2.5
83.1,0.0244140625,42.96875,14.1865527344,-2.5
83.4,0.029296875,41.9921875,14.2132128906,-2.5
83.7,0.0244140625,42.96875,14.2265429687,-2.5
84.0,0.0244140625,42.96875,14.253203125,-2.5
84.3,0.0244140625,43.9453125,14.253203125,-2.5
84.6,0.0244140625,42.96875,14.3065234375,-2.5
84.9,0.029296875,42.96875,14.3065234375,-2.5
85.2,0.01953125,42.96875,14.3331835938,-2.5
85.5,0.029296875,42.96875,14.3465136719,-2.5
85.8,0.0244140625,42.96875,14.35984375,-2.5
86.1,0.0244140625,41.9921875,14.35984375,-2.5
86.4,0.0244140625,42.96875,14.3865039063,-2.5
86.7,0.0244140625,42.96875,14.4131640625,-2.5
87.0,0.0244140625,42.96875,14.4264941406,-2.5
87.3,0.029296875,42.96875,14.4531542969,-2.5
87.6,0.029296875,43.9453125,14.4531542969,-2.5
87.9,0.0244140625,41.015625,14.4931445312,-2.5
88.2,0.0244140625,41.015625,14.5064746094,-2.5
88.5,0.0244140625,41.9921875,14.5198046875,-2.3681640625
88.8,0.0244140625,42.96875,14.5198046875,-2.19970703125
89.1,0.0244140625,42.96875,14.5464648437,-2.07397460938
89.4,0.0244140625,42.96875,14.573125,-1.94702148438
89.7,0.029296875,42.96875,14.5997851563,-1.81640625
90.0,0.0244140625,42.96875,14.6264453125,-1.6064453125
90.3,0.029296875,42.96875,14.6264453125,-1.46484375
90.6,0.0244140625,42.96875,14.6264453125,-1.3671875
90.9,0.0244140625,43.9453125,14.6531054688,-1.25610351562
91.2,0.029296875,40.0390625,14.679765625,-1.2255859375
91.5,0.0244140625,41.9921875,14.7064257813,-1.13647460938
91.8,0.029296875,42.96875,14.7064257813,-1.03393554688
92.1,0.029296875,42.96875,14.7330859375,-1.01440429688
92.4,0.0244140625,41.9921875,14.7464160156,-0.958251953125
92.7,0.029296875,41.9921875,14.7597460937,-0.921630859375
93.0,0.0244140625,42.96875,14.7730761719,-0.880126953125
93.3,0.0244140625,42.96875,14.7997363281,-0.80078125
93.6,0.029296875,41.015625,14.8263964844,-0.6884765625
93.9,0.0244140625,41.9921875,14.8663867188,-0.633544921875
94.2,0.0244140625,43.9453125,14.8530566406,-0.596923828125
94.5,0.0244140625,42.96875,14.8797167969,-0.574951171875
94.8,0.029296875,40.0390625,14.8797167969,-0.550537109375
95.1,0.0244140625,42.96875,14.9197070313,-0.540771484375
95.4,0.0244140625,41.9921875,14.9330371094,-0.49072265625
95.7,0.029296875,42.96875,14.9330371094,-0.46630859375
96.0,0.029296875,40.0390625,14.9596972656,-0.44677734375
96.3,0.029296875,41.9921875,14.9730273438,-0.389404296875
96.6,0.029296875,41.9921875,14.9996875,-0.3076171875
96.9,0.029296875,42.96875,15.0263476562,-0.303955078125
97.2,0.029296875,42.96875,15.0530078125,-0.29052734375
97.5,0.0244140625,41.9921875,15.0663378906,-0.281982421875
97.8,0.029296875,42.96875,15.0929980469,-0.274658203125
98.1,0.0244140625,42.96875,15.106328125,-0.19287109375
98.4,0.0244140625,41.9921875,15.106328125,-0.14892578125
98.7,0.01953125,42.96875,15.1329882813,-0.123291015625
99.0,0.029296875,42.96875,15.1463183594,-0.101318359375
99.3,0.0244140625,42.96875,15.1463183594,-0.076904296875
99.6,0.0244140625,41.9921875,15.1863085938,-0.0830078125
99.9,0.029296875,41.9921875,15.1996386719,-0.089111328125
100.2,0.0244140625,42.96875,15.2262988281,-0.08544921875
100.5,0.0244140625,42.96875,15.2396289063,-0.062255859375
100.8,0.029296875,41.015625,15.2662890625,-0.09033203125
101.1,0.0244140625,42.96875,15.2796191406,-0.07568359375
101.4,0.0244140625,41.9921875,15.2796191406,-0.025634765625
101.7,0.0244140625,42.96875,15.2929492187,0.0048828125
102.0,0.0341796875,41.9921875,15.319609375,-0.062255859375
102.3,0.0244140625,42.96875,15.3462695312,-0.09033203125
102.6,0.0244140625,41.9921875,15.3595996094,-0.09033203125
102.9,0.0244140625,41.9921875,15.3862597656,-0.08056640625
103.2,0.0244140625,41.015625,15.3995898438,-0.081787109375
103.5,0.029296875,41.015625,15.4129199219,-0.084228515625
103.8,0.029296875,42.96875,15.42625,-0.1025390625
104.1,0.0244140625,42.96875,15.4395800781,-0.08056640625
104.4,0.029296875,42.96875,15.4662402344,-0.008544921875
104.7,0.0244140625,42.96875,15.4795703125,0.076904296875
105.0,0.0244140625,43.9453125,15.5062304688,0.0390625
105.3,0.0244140625,43.9453125,15.5195605469,0.008544921875
105.6,0.0244140625,41.9921875,15.5595507812,0.003662109375
105.9,0.029296875,43.9453125,15.5728808594,0.00732421875
106.2,0.0244140625,43.9453125,15.5862109375,0.054931640625
106.5,0.029296875,43.9453125,15.5862109375,0.062255859375
106.8,0.029296875,42.96875,15.6128710937,0.047607421875
107.1,0.0244140625,42.96875,15.63953125,-0.01953125
107.4,0.029296875,41.9921875,15.6528613281,0.006103515625
107.7,0.0244140625,42.96875,15.6795214844,0.0439453125
108.0,0.029296875,41.9921875,15.6928515625,0.0
108.3,0.0244140625,43.9453125,15.7061816406,0.01953125
108.6,0.0244140625,41.015625,15.7061816406,0.03173828125
108.9,0.029296875,43.9453125,15.7328417969,0.0341796875
109.2,0.0244140625,42.96875,15.746171875,0.037841796875
109.5,0.029296875,41.015625,15.7728320313,0.00732421875
109.8,0.029296875,41.015625,15.7994921875,-0.015869140625
110.1,0.0244140625,41.015625,15.8261523437,0.037841796875
110.4,0.029296875,42.96875,15.8394824219,0.045166015625
110.7,0.0244140625,42.96875,15.8528125,-0.001220703125
111.0,0.029296875,42.96875,15.8661425781,0.01953125
111.3,0.0146484375,42.96875,15.8794726562,0.045166015625
111.6,0.0244140625,42.96875,15.8928027344,0.032958984375
111.9,0.0244140625,40.0390625,15.8928027344,0.008544921875
112.2,0.029296875,41.9921875,15.9327929688,-0.02197265625
112.5,0.0244140625,44.921875,15.959453125,0.025634765625
112.8,0.029296875,41.9921875,15.9861132813,0.07080078125
113.1,0.0244140625,42.96875,15.9994433594,0.0634765625
113.4,0.029296875,42.96875,16.0127734375,0.074462890625
113.7,0.0244140625,43.9453125,16.0394335938,0.074462890625
114.0,0.0244140625,42.96875,16.0394335938,0.050048828125
114.3,0.0244140625,41.015625,16.0527636719,0.05615234375
114.6,0.0244140625,42.96875,16.06609375,0.052490234375
114.9,0.0244140625,42.96875,16.1194140625,0.103759765625
115.2,0.029296875,43.9453125,16.1327441406,0.108642578125
115.5,0.0244140625,42.96875,12.7469042969,0.679931640625
115.8,0.0244140625,42.96875,12.760234375,1.50268554688
116.1,0.0244140625,41.015625,12.760234375,2.34375
116.4,0.0244140625,43.9453125,12.7868945313,2.49877929688
116.7,0.0244140625,41.015625,12.8002246094,2.49877929688
117.0,0.0244140625,42.96875,12.8402148438,2.49877929688
117.3,0.0244140625,42.96875,12.8535449219,2.49877929688
117.6,0.0244140625,42.96875,12.8935351562,2.49877929688
117.9,0.029296875,41.9921875,12.8935351562,2.49877929688
118.2,0.029296875,42.96875,12.9201953125,2.49877929688
118.5,0.029296875,42.96875,12.9068652344,2.49877929688
118.8,0.029296875,42.96875,12.9335253906,2.49877929688
119.1,0.01953125,41.9921875,12.9601855469,2.49877929688
119.4,0.0244140625,42.96875,12.973515625,2.49877929688
119.7,0.0244140625,42.96875,13.0001757813,2.49877929688
120.0,0.0244140625,41.9921875,13.0268359375,2.49877929688
120.3,0.0244140625,41.015625,13.0268359375,2.49877929688
120.6,0.0244140625,41.9921875,13.0668261719,2.49877929688
120.9,0.0244140625,41.9921875,13.0668261719,2.49877929688
121.2,0.0244140625,42.96875,13.0934863281,2.38525390625
121.5,0.0244140625,43.9453125,13.0934863281,2.21313476562
121.8,0.029296875,43.9453125,13.1201464844,2.05200195312
122.1,0.0244140625,42.96875,13.1334765625,1.904296875
122.4,0.0244140625,42.96875,13.1734667969,1.64916992188
122.7,0.0244140625,41.9921875,13.2001269531,1.35131835938
123.0,0.029296875,42.96875,13.2001269531,1.09741210938
123.3,0.029296875,43.9453125,13.2134570312,0.863037109375
123.6,0.0244140625,42.96875,13.2134570312,0.506591796875
123.9,0.0244140625,42.96875,13.2534472656,0.32470703125
124.2,0.0244140625,42.96875,13.2534472656,0.13427734375
124.5,0.0244140625,41.9921875,13.2801074219,-0.015869140625
124.8,0.029296875,41.9921875,13.3067675781,-0.252685546875
125.1,0.0244140625,42.96875,13.3334277344,-0.550537109375
125.4,0.0244140625,42.96875,13.3600878906,-0.787353515625
125.7,0.029296875,41.9921875,13.3734179688,-1.02172851562
126.0,0.029296875,42.96875,13.3734179688,-1.28051757812
126.3,0.0244140625,42.96875,13.400078125,-1.53442382812
126.6,0.029296875,44.921875,13.4134082031,-1.88110351562
126.9,0.01953125,42.96875,13.4400683594,-2.2412109375
127.2,0.0244140625,42.96875,13.4400683594,-2.5
127.5,0.029296875,42.96875,13.4533984375,-2.5
127.8,0.0244140625,41.015625,13.4667285156,-2.5
128.1,0.029296875,41.9921875,13.4933886719,-2.5
128.4,0.0244140625,41.9921875,13.5333789063,-2.5
128.7,0.0244140625,42.96875,13.5467089844,-2.5
129.0,0.029296875,42.96875,13.5733691406,-2.5
129.3,0.029296875,42.96875,13.5866992188,-2.5
129.6,0.029296875,43.9453125,13.6000292969,-2.5
129.9,0.0244140625,42.96875,13.613359375,-2.5
130.2,0.0244140625,42.96875,13.6266894531,-2.5
130.5,0.0244140625,42.96875,13.6666796875,-2.5
130.8,0.0244140625,42.96875,13.6533496094,-2.5
131.1,0.029296875,41.015625,13.7066699219,-2.5
131.4,0.0244140625,42.96875,13.7066699219,-2.5
131.7,0.0244140625,41.9921875,13.72,-2.5
132.0,0.0244140625,41.9921875,13.7466601562,-2.5
132.3,0.0244140625,42.96875,13.7733203125,-2.5
132.6,0.0244140625,42.96875,13.7866503906,-2.5
132.9,0.029296875,42.96875,13.7999804688,-2.5
133.2,0.0244140625,42.96875,13.8133105469,-2.5
133.5,0.029296875,43.9453125,13.8133105469,-2.5
133.8,0.0244140625,42.96875,13.8533007813,-2.5
134.1,0.0244140625,41.9921875,13.8666308594,-2.5
134.4,0.0244140625,42.96875,13.8799609375,-2.5
134.7,0.029296875,42.96875,13.9066210938,-2.5
135.0,0.029296875,42.96875,13.9199511719,-2.5
135.3,0.0244140625,42.96875,13.93328125,-2.5
135.6,0.0244140625,42.96875,13.9599414062,-2.5
135.9,0.0244140625,43.9453125,13.9866015625,-2.5
136.2,0.0244140625,41.015625,13.9866015625,-2.5
136.5,0.0244140625,41.9921875,14.0132617187,-2.5
136.8,0.029296875,42.96875,14.039921875,-2.5
137.1,0.0244140625,42.96875,14.0665820313,-2.5
137.4,0.029296875,42.96875,14.0799121094,-2.5
137.7,0.029296875,41.015625,14.0932421875,-2.5
138.0,0.0244140625,41.9921875,14.0932421875,-2.5
138.3,0.029296875,42.96875,14.1065722656,-2.5
138.6,0.029296875,42.96875,14.1332324219,-2.5
138.9,0.0244140625,42.96875,14.1732226563,-2.5
139.2,0.0244140625,42.96875,14.1998828125,-2.5
139.5,0.0244140625,42.96875,14.2132128906,-2.5
139.8,0.0244140625,44.921875,14.2398730469,-2.5
140.1,0.0244140625,41.9921875,14.253203125,-2.5
140.4,0.0244140625,41.9921875,14.253203125,-2.5
140.7,0.0244140625,42.96875,14.2398730469,-2.5
141.0,0.0244140625,41.015625,14.2798632812,-2.5
141.3,0.01953125,43.9453125,14.3198535156,-2.5
141.6,0.0244140625,41.9921875,14.3331835938,-2.5
141.9,0.0244140625,42.96875,14.35984375,-2.5
142.2,0.0244140625,41.9921875,14.3465136719,-2.5
142.5,0.01953125,41.9921875,14.3865039063,-2.5
142.8,0.029296875,41.9921875,14.4131640625,-2.5
143.1,0.029296875,42.96875,14.4264941406,-2.5
143.4,0.029296875,41.9921875,14.4531542969,-2.5
143.7,0.0244140625,42.96875,14.466484375,-2.5
144.0,0.029296875,41.9921875,14.4931445312,-2.5
144.3,0.029296875,41.015625,14.4931445312,-2.5
144.6,0.0244140625,42.96875,14.5064746094,-2.451171875
144.9,0.0244140625,43.9453125,14.5198046875,-2.26928710938
145.2,0.029296875,42.96875,14.5331347656,-2.1533203125
145.5,0.029296875,43.9453125,14.5597949219,-2.0166015625
145.8,0.029296875,41.9921875,14.573125,-1.88232421875
146.1,0.0244140625,42.96875,14.6131152344,-1.69067382812
146.4,0.0244140625,42.96875,14.6131152344,-1.52221679688
146.7,0.0244140625,41.9921875,14.6531054688,-1.4111328125
147.0,0.0244140625,42.96875,14.6531054688,-1.27807617188
147.3,0.029296875,42.96875,14.6664355469,-1.21459960938
147.6,0.0244140625,42.96875,14.6930957031,-1.11328125
147.9,0.029296875,41.9921875,14.7197558594,-0.966796875
148.2,0.0341796875,42.96875,14.7064257813,-0.943603515625
148.5,0.0244140625,42.96875,14.7464160156,-0.897216796875
148.8,0.0244140625,42.96875,14.7597460937,-0.8154296875
149.1,0.0244140625,41.9921875,14.78640625,-0.79345703125
149.4,0.0244140625,42.96875,14.8130664062,-0.72021484375
149.7,0.029296875,42.96875,14.8397265625,-0.64208984375
150.0,0.0244140625,41.9921875,14.8263964844,-0.625
150.3,0.029296875,41.9921875,14.8530566406,-0.57861328125
150.6,0.0244140625,42.96875,14.8530566406,-0.496826171875
150.9,0.0244140625,42.96875,14.8797167969,-0.428466796875
151.2,0.0244140625,42.96875,14.9063769531,-0.406494140625
151.5,0.01953125,42.96875,14.9197070313,-0.404052734375
151.8,0.0244140625,42.96875,14.9463671875,-0.390625
152.1,0.029296875,42.96875,14.9730273438,-0.33447265625
152.4,0.0244140625,42.96875,14.9863574219,-0.263671875
152.7,0.029296875,42.96875,15.0130175781,-0.2587890625
153.0,0.0244140625,42.96875,15.0130175781,-0.22216796875
153.3,0.029296875,41.9921875,15.0396777344,-0.189208984375
153.6,0.029296875,43.9453125,15.0530078125,-0.169677734375
153.9,0.0244140625,42.96875,15.0929980469,-0.19775390625
154.2,0.029296875,42.96875,15.106328125,-0.189208984375
154.5,0.0244140625,42.96875,15.1196582031,-0.17822265625
154.8,0.01953125,42.96875,15.1196582031,-0.172119140625
155.1,0.0244140625,42.96875,15.1463183594,-0.09765625
155.4,0.029296875,42.96875,15.1596484375,-0.118408203125
155.7,0.029296875,42.96875,15.1996386719,-0.140380859375
156.0,0.029296875,41.9921875,15.1996386719,-0.032958984375
156.3,0.01953125,42.96875,15.2262988281,0.001220703125
156.6,0.0244140625,42.96875,15.2529589844,0.0146484375
156.9,0.0244140625,43.9453125,15.2529589844,0.01953125
157.2,0.0244140625,42.96875,15.2662890625,0.035400390625
157.5,0.0244140625,42.96875,15.2929492187,0.054931640625
157.8,0.0244140625,42.96875,15.3062792969,0.079345703125
158.1,0.0244140625,41.015625,15.3462695312,0.040283203125
158.4,0.029296875,43.9453125,15.3595996094,0.084228515625
158.7,0.0244140625,41.9921875,15.3729296875,0.069580078125
159.0,0.0244140625,43.9453125,15.3862597656,0.078125
159.3,0.0244140625,42.96875,15.3995898438,0.03662109375
159.6,0.029296875,41.9921875,15.4129199219,0.050048828125
159.9,0.0244140625,42.96875,15.42625,0.05859375
160.2,0.0244140625,42.96875,15.4395800781,0.087890625
160.5,0.0244140625,41.9921875,15.4795703125,0.09765625
160.8,0.0244140625,41.9921875,15.5062304688,0.084228515625
161.1,0.0244140625,42.96875,15.5195605469,0.084228515625
161.4,0.0244140625,42.96875,15.5195605469,0.078125
161.7,0.0244140625,42.96875,15.5595507812,0.045166015625
162.0,0.029296875,41.9921875,15.5595507812,0.072021484375
162.3,0.0244140625,42.96875,15.5862109375,0.087890625
162.6,0.0244140625,41.9921875,15.5995410156,0.09521484375
162.9,0.0244140625,41.9921875,15.6128710937,0.081787109375
163.2,0.029296875,41.9921875,15.63953125,0.096435546875
163.5,0.029296875,42.96875,15.6661914063,0.123291015625
163.8,0.0244140625,42.96875,15.6661914063,0.15869140625
164.1,0.0244140625,42.96875,15.6928515625,0.162353515625
164.4,0.01953125,41.9921875,15.6928515625,0.15625
164.7,0.0244140625,42.96875,15.7195117188,0.111083984375
165.0,0.029296875,43.9453125,15.746171875,0.054931640625
165.3,0.0244140625,42.96875,15.7728320313,0.028076171875
165.6,0.0244140625,42.96875,15.7994921875,0.0439453125
165.9,0.0244140625,43.9453125,15.8128222656,0.08056640625
166.2,0.0244140625,43.9453125,15.8261523437,0.081787109375
166.5,0.029296875,40.0390625,15.8528125,0.059814453125
166.8,0.0244140625,42.96875,15.8661425781,0.02685546875
167.1,0.029296875,42.96875,15.8661425781,0.0341796875
167.4,0.029296875,42.96875,15.8794726562,0.020751953125
167.7,0.0244140625,42.96875,15.9061328125,0.01220703125
168.0,0.01953125,42.96875,15.9194628906,-0.015869140625
168.3,0.0244140625,41.9921875,15.9727832031,0.001220703125
168.6,0.0244140625,42.96875,15.9461230469,-0.001220703125
168.9,0.0244140625,41.9921875,15.959453125,0.00244140625
169.2,0.029296875,41.9921875,15.9994433594,0.01708984375
169.5,0.0244140625,41.9921875,16.0261035156,-0.001220703125
169.8,0.0244140625,42.96875,16.0394335938,-0.05859375
170.1,0.0244140625,41.9921875,16.0794238281,-0.048828125
170.4,0.0244140625,40.0390625,16.0794238281,-0.057373046875
170.7,0.01953125,42.96875,16.0927539062,-0.087890625
171.0,0.0244140625,43.9453125,16.0927539062,-0.068359375
171.3,0.029296875,42.96875,12.7335742188,0.4150390625
171.6,0.029296875,42.96875,12.760234375,1.31103515625
171.9,0.029296875,42.96875,12.7735644531,2.27783203125
172.2,0.0244140625,42.96875,12.8002246094,2.49877929688
172.5,0.0244140625,42.96875,12.8268847656,2.49877929688
172.8,0.0244140625,41.9921875,12.8535449219,2.49877929688
173.1,0.01953125,42.96875,12.8535449219,2.49877929688
173.4,0.029296875,41.015625,12.8535449219,2.49877929688
173.7,0.0244140625,42.96875,12.8802050781,2.49877929688
174.0,0.0244140625,41.9921875,12.8935351562,2.49877929688
174.3,0.0244140625,42.96875,12.9201953125,2.49877929688
174.6,0.0244140625,42.96875,12.9468554687,2.49877929688
174.9,0.029296875,39.0625,12.973515625,2.49877929688
175.2,0.0244140625,42.96875,12.973515625,2.49877929688
175.5,0.029296875,42.96875,13.0135058594,2.49877929688
175.8,0.029296875,42.96875,13.0268359375,2.49877929688
176.1,0.029296875,41.9921875,13.0534960938,2.49877929688
176.4,0.029296875,42.96875,13.0534960938,2.49877929688
176.7,0.0244140625,42.96875,13.08015625,2.49877929688
177.0,0.029296875,43.9453125,13.0668261719,2.48291015625
177.3,0.0244140625,41.015625,13.0934863281,2.47314453125
177.6,0.029296875,41.9921875,13.1201464844,2.40234375
177.9,0.0244140625,42.96875,13.1468066406,2.28393554688
178.2,0.0244140625,41.9921875,13.1734667969,2.09228515625
178.5,0.029296875,41.9921875,13.186796875,1.92138671875
178.8,0.0244140625,42.96875,13.1734667969,1.630859375
179.1,0.029296875,41.9921875,13.2134570312,1.3525390625
179.4,0.029296875,42.96875,13.2534472656,1.09008789062
179.7,0.0244140625,41.9921875,13.2401171875,0.83740234375
180.0,0.029296875,42.96875,13.2667773438,0.6494140625
180.3,0.0244140625,42.96875,13.2801074219,0.40283203125
180.6,0.0244140625,41.9921875,13.3067675781,0.126953125
180.9,0.029296875,42.96875,13.3334277344,-0.177001953125
181.2,0.029296875,41.015625,13.3467578125,-0.44189453125
181.5,0.0244140625,41.9921875,13.3734179688,-0.577392578125
181.8,0.0244140625,42.96875,13.3734179688,-0.8837890625
182.1,0.029296875,42.96875,13.400078125,-1.20849609375
182.4,0.0244140625,41.015625,13.400078125,-1.68701171875
182.7,0.0244140625,41.9921875,13.4400683594,-2.1533203125
183.0,0.0244140625,42.96875,13.4533984375,-2.5
183.3,0.0244140625,42.96875,13.4933886719,-2.5
183.6,0.0244140625,41.9921875,13.50671875,-2.5
183.9,0.029296875,42.96875,13.5200488281,-2.5
184.2,0.0244140625,42.96875,13.5467089844,-2.5
184.5,0.0244140625,42.96875,13.5333789063,-2.5
184.8,0.029296875,42.96875,13.5733691406,-2.5
185.1,0.0244140625,42.96875,13.5866992188,-2.5
185.4,0.0244140625,42.96875,13.6000292969,-2.5
185.7,0.0244140625,43.9453125,13.613359375,-2.5
186.0,0.029296875,41.9921875,13.6533496094,-2.5
186.3,0.0244140625,41.9921875,13.6400195313,-2.5
186.6,0.0244140625,44.921875,13.6666796875,-2.5
186.9,0.0244140625,41.015625,13.7066699219,-2.5
187.2,0.029296875,43.9453125,13.7066699219,-2.5
187.5,0.0244140625,42.96875,13.72,-2.5
187.8,0.029296875,42.96875,13.7599902344,-2.5
188.1,0.0244140625,42.96875,13.7733203125,-2.5
188.4,0.029296875,42.96875,13.7866503906,-2.5
188.7,0.01953125,41.9921875,13.8133105469,-2.5
189.0,0.0244140625,42.96875,13.8133105469,-2.5
189.3,0.029296875,41.015625,13.826640625,-2.5
189.6,0.029296875,41.9921875,13.8533007813,-2.5
189.9,0.01953125,43.9453125,13.8533007813,-2.5
190.2,0.0244140625,41.9921875,13.8799609375,-2.5
190.5,0.029296875,42.96875,13.8932910156,-2.5
190.8,0.029296875,42.96875,13.93328125,-2.5
191.1,0.029296875,42.96875,13.9599414062,-2.5
191.4,0.0244140625,43.9453125,13.9466113281,-2.5
191.7,0.029296875,43.9453125,13.9866015625,-2.5
192.0,0.0244140625,42.96875,13.9866015625,-2.5
192.3,0.0244140625,42.96875,14.0132617187,-2.5
192.6,0.029296875,42.96875,14.039921875,-2.5
192.9,0.0244140625,42.96875,14.0532519531,-2.5
193.2,0.0244140625,41.015625,14.0532519531,-2.5
193.5,0.01953125,41.015625,14.0932421875,-2.5
193.8,0.0244140625,42.96875,14.1065722656,-2.5
194.1,0.029296875,42.96875,14.1332324219,-2.5
194.4,0.0244140625,42.96875,14.1465625,-2.5
194.7,0.0244140625,42.96875,14.1732226563,-2.5
195.0,0.029296875,42.96875,14.1732226563,-2.5
195.3,0.029296875,42.96875,14.2132128906,-2.5
195.6,0.0244140625,42.96875,14.2132128906,-2.5
195.9,0.01953125,42.96875,14.2398730469,-2.5
196.2,0.0244140625,42.96875,14.2398730469,-2.5
196.5,0.0244140625,42.96875,14.2665332031,-2.5
196.8,0.029296875,42.96875,14.2798632812,-2.5
197.1,0.0244140625,42.96875,14.3065234375,-2.5
197.4,0.0244140625,41.015625,14.3331835938,-2.5
197.7,0.0244140625,42.96875,14.35984375,-2.5
198.0,0.0244140625,42.96875,14.3865039063,-2.5
198.3,0.0244140625,41.9921875,14.3865039063,-2.5
198.6,0.0244140625,41.015625,14.3998339844,-2.5
198.9,0.029296875,42.96875,14.4131640625,-2.5
199.2,0.0244140625,42.96875,14.4398242188,-2.5
199.5,0.0244140625,41.015625,14.4531542969,-2.5
199.8,0.0244140625,42.96875,14.4798144531,-2.5
200.1,0.0244140625,42.96875,14.4931445312,-2.5
200.4,0.029296875,41.015625,14.5198046875,-2.5
200.7,0.029296875,42.96875,14.5331347656,-2.3291015625
201.0,0.0244140625,42.96875,14.5597949219,-2.109375
201.3,0.0244140625,42.96875,14.5597949219,-1.94946289062
201.6,0.0244140625,41.9921875,14.573125,-1.73706054688
201.9,0.029296875,42.96875,14.5997851563,-1.59790039062
202.2,0.0244140625,42.96875,14.6131152344,-1.47827148438
202.5,0.0244140625,43.9453125,14.6531054688,-1.38427734375
202.8,0.029296875,42.96875,14.6397753906,-1.35009765625
203.1,0.0244140625,42.96875,14.679765625,-1.27197265625
203.4,0.0244140625,41.9921875,14.6930957031,-1.181640625
203.7,0.029296875,41.015625,14.7197558594,-1.07666015625
204.0,0.029296875,42.96875,14.7330859375,-0.9814453125
204.3,0.029296875,41.9921875,14.7597460937,-0.921630859375
204.6,0.029296875,42.96875,14.7730761719,-0.816650390625
204.9,0.0244140625,41.015625,14.78640625,-0.833740234375
205.2,0.0244140625,42.96875,14.7997363281,-0.814208984375
205.5,0.0244140625,42.96875,14.8130664062,-0.831298828125
205.8,0.029296875,42.96875,14.8663867188,-0.791015625
206.1,0.029296875,42.96875,14.8663867188,-0.672607421875
206.4,0.0244140625,42.96875,14.893046875,-0.626220703125
206.7,0.0244140625,43.9453125,14.9063769531,-0.535888671875
207.0,0.0244140625,42.96875,14.9197070313,-0.52001953125
207.3,0.029296875,42.96875,14.9197070313,-0.462646484375
207.6,0.0244140625,41.9921875,14.9463671875,-0.4052734375
207.9,0.0244140625,42.96875,14.9463671875,-0.42236328125
208.2,0.0244140625,43.9453125,14.9863574219,-0.367431640625
208.5,0.0244140625,42.96875,15.0130175781,-0.36376953125
208.8,0.029296875,41.9921875,15.0396777344,-0.3369140625
209.1,0.0244140625,43.9453125,15.0530078125,-0.272216796875
209.4,0.0244140625,44.921875,15.0796679687,-0.25390625
209.7,0.029296875,42.96875,15.0929980469,-0.206298828125
210.0,0.029296875,42.96875,15.0929980469,-0.086669921875
210.3,0.0244140625,41.015625,15.106328125,-0.052490234375
210.6,0.029296875,41.9921875,15.1463183594,-0.05859375
210.9,0.029296875,42.96875,15.1596484375,-0.048828125
211.2,0.029296875,42.96875,15.1863085938,0.025634765625
211.5,0.029296875,41.9921875,15.1863085938,-0.015869140625
211.8,0.0244140625,42.96875,15.1863085938,-0.0146484375
212.1,0.0244140625,43.9453125,15.1863085938,0.009765625
212.4,0.029296875,42.96875,15.1996386719,0.032958984375
212.7,0.029296875,42.96875,15.1863085938,0.029296875
213.0,0.0244140625,42.96875,15.1863085938,0.023193359375
213.3,0.0244140625,41.015625,15.1863085938,0.025634765625
213.6,0.029296875,43.9453125,15.1996386719,-0.008544921875
213.9,0.01953125,42.96875,15.1863085938,-0.0244140625
214.2,0.0244140625,41.9921875,15.21296875,-0.06591796875
214.5,0.0244140625,42.96875,15.1863085938,-0.123291015625
214.8,0.0244140625,41.9921875,15.1863085938,-0.015869140625
215.1,0.01953125,42.96875,15.1863085938,0.247802734375
215.4,0.0244140625,42.96875,15.1863085938,0.435791015625
215.7,0.029296875,43.9453125,15.1996386719,0.6494140625
216.0,0.0244140625,42.96875,15.1996386719,0.650634765625
216.3,0.0244140625,44.921875,15.1996386719,0.557861328125
216.6,0.029296875,42.96875,15.1996386719,0.604248046875
216.9,0.0244140625,42.96875,15.1996386719,0.556640625
217.2,0.0244140625,42.96875,15.1996386719,0.345458984375
217.5,0.0244140625,42.96875,15.1996386719,0.16357421875
217.8,0.029296875,41.9921875,15.1863085938,0.137939453125
218.1,0.0244140625,42.96875,15.1863085938,0.44921875
218.4,0.0244140625,42.96875,15.1863085938,0.458984375
218.7,0.029296875,42.96875,15.1996386719,0.491943359375
219.0,0.0244140625,42.96875,15.1996386719,0.60791015625
219.3,0.029296875,41.9921875,15.21296875,0.7568359375
219.6,0.0244140625,42.96875,15.1996386719,0.53466796875
219.9,0.0244140625,42.96875,15.1996386719,0.4052734375
220.2,0.0244140625,43.9453125,15.1863085938,0.439453125
220.5,0.0244140625,41.015625,15.1996386719,0.416259765625
220.8,0.0244140625,43.9453125,15.1863085938,0.40771484375
221.1,0.0244140625,42.96875,15.1863085938,0.748291015625
221.4,0.0244140625,42.96875,15.1729785156,0.63720703125
221.7,0.029296875,41.015625,15.1996386719,0.477294921875
222.0,0.0244140625,41.9921875,15.1996386719,0.55419921875
222.3,0.0244140625,41.9921875,15.1996386719,0.894775390625
222.6,0.0244140625,41.9921875,15.21296875,1.11694335938
222.9,0.029296875,42.96875,15.1863085938,1.12426757812
223.2,0.029296875,42.96875,15.1729785156,1.455078125
223.5,0.029296875,42.96875,15.1729785156,1.72119140625
223.8,0.0244140625,41.9921875,15.1863085938,1.59301757812
224.1,0.0244140625,41.9921875,15.1996386719,1.51733398438
224.4,0.0244140625,42.96875,15.1996386719,1.93725585938
224.7,0.0244140625,42.96875,15.21296875,2.236328125
225.0,0.0244140625,41.9921875,15.1996386719,2.1240234375
225.3,0.0244140625,41.9921875,15.21296875,2.21313476562
225.6,0.029296875,41.9921875,15.1863085938,2.2021484375
225.9,0.029296875,42.96875,15.1996386719,2.4609375
226.2,0.0244140625,42.96875,15.1863085938,2.37426757812
226.5,0.0244140625,41.9921875,15.1863085938,2.28881835938
226.8,0.0244140625,43.9453125,15.1863085938,2.20336914062
227.1,0.0244140625,41.9921875,15.21296875,1.91772460938
227.4,0.0244140625,41.9921875,15.1863085938,2.20947265625
227.7,0.0244140625,41.9921875,15.2262988281,2.00561523438
228.0,0.029296875,42.96875,15.1996386719,2.22412109375
228.3,0.0244140625,41.9921875,15.21296875,2.41088867188
228.6,0.029296875,41.015625,15.1863085938,2.49389648438
228.9,0.0244140625,41.015625,15.1863085938,2.20947265625
229.2,0.029296875,41.9921875,15.1996386719,2.32788085938
229.5,0.029296875,41.9921875,15.1863085938,2.19604492188
229.8,0.029296875,42.96875,15.1996386719,1.97021484375
230.1,0.029296875,42.96875,15.2262988281,1.69189453125
230.4,0.029296875,43.9453125,15.21296875,1.56005859375
230.7,0.029296875,42.96875,15.1996386719,1.87866210938
231.0,0.029296875,41.9921875,15.1863085938,1.94091796875
231.3,0.0244140625,42.96875,15.1729785156,2.10693359375
231.6,0.029296875,42.96875,15.1996386719,1.99829101562
231.9,0.0244140625,41.9921875,15.21296875,1.81518554688
232.2,0.0244140625,42.96875,15.21296875,1.96655273438
232.5,0.029296875,41.015625,15.1996386719,1.68579101562
232.8,0.0244140625,42.96875,15.2262988281,1.75048828125
233.1,0.0244140625,42.96875,15.1996386719,1.81030273438
233.4,0.029296875,41.9921875,15.1996386719,1.7724609375
233.7,0.029296875,41.9921875,15.1863085938,2.0263671875
234.0,0.029296875,42.96875,15.1863085938,2.09594726562
234.3,0.0244140625,42.96875,15.21296875,1.93603515625
234.6,0.0244140625,41.9921875,15.2396289063,1.93725585938
234.9,0.0244140625,41.9921875,15.2662890625,1.70288085938
235.2,0.0244140625,42.96875,15.2929492187,1.85180664062
235.5,0.0244140625,42.96875,15.2929492187,1.87622070312
235.8,0.0244140625,41.015625,15.319609375,1.77612304688
236.1,0.0244140625,41.9921875,15.319609375,1.70654296875
236.4,0.029296875,41.9921875,15.3329394531,1.62841796875
236.7,0.0341796875,42.96875,15.3595996094,1.71264648438
237.0,0.029296875,43.9453125,15.3729296875,1.87622070312
237.3,0.01953125,42.96875,15.3995898438,2.06298828125
237.6,0.0244140625,42.96875,15.4129199219,1.96655273438
237.9,0.0244140625,42.96875,15.4395800781,1.84448242188
238.2,0.0244140625,42.96875,15.4662402344,1.85913085938
238.5,0.029296875,42.96875,15.4929003906,2.09716796875
238.8,0.029296875,42.96875,15.4929003906,2.23022460938
239.1,0.0244140625,42.96875,15.5195605469,1.92016601562
239.4,0.029296875,42.96875,15.5195605469,2.16796875
239.7,0.0244140625,42.96875,15.5462207031,2.30346679688
240.0,0.029296875,41.9921875,15.5595507812,2.07885742188
240.3,0.0244140625,42.96875,15.5862109375,1.98120117188
240.6,0.029296875,41.9921875,15.5995410156,1.88720703125
240.9,0.029296875,42.96875,15.6262011719,1.88842773438
241.2,0.029296875,42.96875,15.63953125,1.92504882812
241.5,0.029296875,42.96875,15.6528613281,1.95434570312
241.8,0.0244140625,41.9921875,15.6661914063,2.32177734375
242.1,0.0244140625,42.96875,15.6795214844,2.14721679688
242.4,0.029296875,41.9921875,15.7061816406,2.15942382812
242.7,0.0244140625,42.96875,15.7195117188,2.15209960938
243.0,0.0244140625,42.96875,15.746171875,2.22290039062
243.3,0.029296875,41.015625,15.7728320313,2.41821289062
243.6,0.0244140625,42.96875,15.7994921875,2.099609375
243.9,0.0244140625,43.9453125,15.7994921875,1.88720703125
244.2,0.029296875,44.921875,15.8394824219,2.15576171875
244.5,0.029296875,41.9921875,15.8394824219,2.10083007812
244.8,0.029296875,42.96875,15.8528125,2.26928710938
245.1,0.0244140625,41.9921875,15.8661425781,2.3583984375
245.4,0.0244140625,41.9921875,15.8928027344,2.49877929688
245.7,0.0244140625,41.9921875,15.8928027344,2.49877929688
246.0,0.0244140625,42.96875,15.959453125,2.49877929688
246.3,0.029296875,42.96875,15.9461230469,2.49877929688
246.6,0.0244140625,42.96875,15.9861132813,2.49877929688
246.9,0.0244140625,42.96875,15.9861132813,2.49877929688
247.2,0.0244140625,43.9453125,16.0127734375,2.49877929688
247.5,0.0244140625,41.9921875,16.0127734375,2.49877929688
247.8,0.0244140625,42.96875,16.0261035156,2.29614257812
248.1,0.0244140625,41.9921875,16.06609375,2.26928710938
248.4,0.0244140625,42.96875,16.0927539062,2.10205078125
248.7,0.0244140625,42.96875,16.1060839844,2.1142578125
249.0,0.029296875,42.96875,16.1060839844,2.24487304688
249.3,0.0244140625,43.9453125,12.7469042969,2.04956054688
249.6,0.029296875,42.96875,12.7469042969,2.32177734375
249.9,0.0244140625,41.9921875,12.760234375,2.04345703125
250.2,0.029296875,42.96875,12.8002246094,1.865234375
250.5,0.029296875,41.015625,12.8268847656,1.78588867188
250.8,0.029296875,42.96875,12.8402148438,1.57104492188
251.1,0.0244140625,42.96875,12.8535449219,1.27197265625
251.4,0.0244140625,43.9453125,12.8802050781,1.015625
251.7,0.0244140625,42.96875,12.8935351562,1.19140625
252.0,0.0244140625,43.9453125,12.9068652344,1.32080078125
252.3,0.0244140625,43.9453125,12.9201953125,1.083984375
252.6,0.029296875,42.96875,12.9468554687,1.21215820312
252.9,0.0244140625,42.96875,12.9468554687,1.05346679688
253.2,0.029296875,42.96875,12.973515625,1.03759765625
253.5,0.0244140625,42.96875,13.0135058594,0.96435546875
253.8,0.0244140625,42.96875,13.0268359375,0.897216796875
254.1,0.0244140625,43.9453125,13.0401660156,0.63232421875
254.4,0.029296875,42.96875,13.0534960938,0.458984375
254.7,0.029296875,42.96875,13.08015625,0.45654296875
255.0,0.029296875,41.9921875,13.08015625,0.57861328125
255.3,0.0244140625,42.96875,13.1068164063,0.673828125
255.6,0.029296875,43.9453125,13.1201464844,0.64208984375
255.9,0.0244140625,42.96875,13.1468066406,1.0400390625
256.2,0.029296875,42.96875,13.1734667969,0.84716796875
256.5,0.029296875,42.96875,13.186796875,0.750732421875
256.8,0.0244140625,42.96875,13.2134570312,0.9765625
257.1,0.0244140625,42.96875,13.2267871094,0.958251953125
257.4,0.01953125,41.9921875,13.2401171875,0.831298828125
257.7,0.0244140625,42.96875,13.2534472656,0.88623046875
258.0,0.0244140625,42.96875,13.2667773438,0.938720703125
258.3,0.029296875,41.015625,13.2801074219,1.15600585938
258.6,0.0244140625,43.9453125,13.3067675781,0.99609375
258.9,0.0244140625,41.9921875,13.3467578125,0.714111328125
259.2,0.029296875,41.015625,13.3600878906,0.748291015625
259.5,0.029296875,42.96875,13.3867480469,1.08154296875
259.8,0.029296875,42.96875,13.3867480469,1.14013671875
260.1,0.0244140625,42.96875,13.4134082031,1.36474609375
260.4,0.029296875,42.96875,13.4267382812,1.2744140625
260.7,0.0244140625,42.96875,13.4267382812,1.416015625
261.0,0.029296875,42.96875,13.4533984375,1.201171875
261.3,0.0244140625,43.9453125,13.4667285156,1.32934570312
261.6,0.029296875,42.96875,13.5200488281,1.3427734375
261.9,0.0244140625,42.96875,13.5333789063,1.36596679688
262.2,0.029296875,42.96875,13.5467089844,1.58203125
262.5,0.029296875,42.96875,13.5600390625,1.69311523438
262.8,0.0244140625,41.9921875,13.6000292969,1.90551757812
263.1,0.0244140625,41.9921875,13.5866992188,1.689453125
263.4,0.029296875,41.9921875,13.6266894531,1.3623046875
263.7,0.029296875,41.015625,13.613359375,1.27685546875
264.0,0.0244140625,42.96875,13.6533496094,1.10229492188
264.3,0.0244140625,42.96875,13.6533496094,1.23168945312
264.6,0.029296875,42.96875,13.6933398437,1.07299804688
264.9,0.0244140625,41.015625,13.7066699219,1.26342773438
265.2,0.0244140625,43.9453125,13.7333300781,1.4111328125
265.5,0.029296875,42.96875,13.7466601562,1.220703125
265.8,0.029296875,41.9921875,13.7733203125,1.42822265625
266.1,0.0244140625,42.96875,13.7733203125,1.12548828125
266.4,0.029296875,44.921875,13.7866503906,1.19750976562
266.7,0.0244140625,42.96875,13.7999804688,0.9521484375
267.0,0.029296875,41.015625,13.826640625,1.181640625
267.3,0.0244140625,43.9453125,13.8533007813,1.27075195312
267.6,0.0244140625,42.96875,13.8799609375,1.59790039062
267.9,0.0244140625,41.9921875,13.8799609375,1.87377929688
268.2,0.0244140625,42.96875,13.9199511719,1.91650390625
268.5,0.0244140625,42.96875,13.93328125,1.62353515625
268.8,0.0244140625,42.96875,13.9732714844,1.46118164062
269.1,0.029296875,41.9921875,13.9599414062,1.71752929688
269.4,0.0244140625,41.015625,13.9732714844,1.8359375
269.7,0.0244140625,41.9921875,13.9866015625,1.66015625
270.0,0.029296875,42.96875,13.9999316406,1.84936523438
270.3,0.0244140625,41.9921875,14.039921875,1.78100585938
270.6,0.0244140625,42.96875,14.0665820313,1.83471679688
270.9,0.0244140625,43.9453125,14.0799121094,1.70654296875
271.2,0.029296875,42.96875,14.0932421875,1.56982421875
271.5,0.01953125,42.96875,14.1199023438,1.51123046875
271.8,0.0244140625,42.96875,14.1199023438,1.5478515625
272.1,0.029296875,43.9453125,14.1332324219,1.70776367188
272.4,0.029296875,42.96875,14.1465625,1.69067382812
272.7,0.0244140625,42.96875,14.1732226563,2.04833984375
273.0,0.029296875,42.96875,14.1998828125,2.07153320312
273.3,0.029296875,42.96875,14.2265429687,1.71630859375
273.6,0.0244140625,42.96875,14.253203125,1.75537109375
273.9,0.0244140625,40.0390625,14.2665332031,1.98486328125
274.2,0.0244140625,41.015625,14.2665332031,2.10083007812
274.5,0.0244140625,43.9453125,14.2665332031,1.89819335938
274.8,0.029296875,42.96875,14.3065234375,1.71997070312
275.1,0.0244140625,41.9921875,14.3198535156,1.6015625
275.4,0.0244140625,42.96875,14.3331835938,1.61376953125
275.7,0.0244140625,41.9921875,14.35984375,1.6015625
276.0,0.029296875,42.96875,14.3998339844,1.71020507812
276.3,0.0244140625,41.015625,14.3998339844,1.83227539062
276.6,0.0244140625,42.96875,14.4398242188,2.26440429688
276.9,0.0244140625,42.96875,14.4264941406,2.4853515625
277.2,0.0244140625,41.9921875,14.4398242188,2.33032226562
277.5,0.0244140625,42.96875,14.4798144531,1.98364257812
277.8,0.029296875,39.0625,14.4931445312,2.05810546875
278.1,0.0244140625,40.0390625,14.5331347656,1.728515625
278.4,0.0244140625,41.015625,14.5331347656,1.22436523438
278.7,0.029296875,42.96875,14.5597949219,1.25732421875
279.0,0.0244140625,41.9921875,14.5597949219,1.5283203125
279.3,0.0244140625,43.9453125,14.5864550781,1.37329101562
279.6,0.0244140625,41.9921875,14.5864550781,1.39526367188
279.9,0.029296875,42.96875,14.6264453125,1.46850585938
280.2,0.029296875,42.96875,14.6531054688,1.47583007812
280.5,0.0244140625,41.9921875,14.6664355469,1.318359375
280.8,0.0244140625,42.96875,14.6930957031,1.0693359375
281.1,0.029296875,43.9453125,14.679765625,0.85693359375
281.4,0.029296875,41.9921875,14.7330859375,1.11694335938
281.7,0.0244140625,42.96875,14.7330859375,1.19384765625
282.0,0.029296875,42.96875,14.7464160156,1.62841796875
282.3,0.029296875,43.9453125,14.7597460937,1.79077148438
282.6,0.0244140625,42.96875,14.7730761719,1.982421875
282.9,0.0244140625,42.96875,14.78640625,2.3486328125
283.2,0.0244140625,42.96875,14.8130664062,2.30834960938
283.5,0.0244140625,41.9921875,14.8397265625,2.25341796875
283.8,0.0244140625,42.96875,14.8663867188,2.34130859375
284.1,0.0244140625,41.9921875,14.8797167969,2.17407226562
284.4,0.0244140625,41.9921875,14.893046875,2.18627929688
284.7,0.029296875,42.96875,14.9197070313,2.22045898438
285.0,0.029296875,42.96875,14.9330371094,2.10571289062
285.3,0.0244140625,43.9453125,14.9596972656,2.23754882812
285.6,0.0244140625,41.015625,14.9730273438,2.47314453125
285.9,0.029296875,41.9921875,14.9730273438,2.49877929688
286.2,0.0244140625,41.015625,14.9996875,2.49877929688
286.5,0.029296875,41.9921875,15.0130175781,2.49877929688
286.8,0.029296875,42.96875,15.0663378906,2.43286132812
287.1,0.0244140625,42.96875,15.0796679687,2.19848632812
287.4,0.0244140625,41.9921875,15.0929980469,2.314453125
287.7,0.029296875,41.9921875,15.106328125,2.18139648438
288.0,0.029296875,42.96875,15.1196582031,2.29736328125
288.3,0.029296875,41.015625,15.1196582031,2.24243164062
288.6,0.0244140625,42.96875,15.1463183594,2.08862304688
288.9,0.0244140625,43.9453125,15.1729785156,1.9287109375
289.2,0.029296875,43.9453125,15.1996386719,1.79321289062
289.5,0.029296875,43.9453125,15.21296875,1.77856445312
289.8,0.029296875,41.9921875,15.2396289063,1.89575195312
290.1,0.029296875,41.9921875,15.2662890625,2.09716796875
290.4,0.0244140625,42.96875,15.2796191406,2.27294921875
290.7,0.029296875,43.9453125,15.2929492187,2.34985351562
291.0,0.0244140625,42.96875,15.2929492187,2.412109375
291.3,0.0244140625,41.9921875,15.3062792969,2.49877929688
291.6,0.029296875,42.96875,15.319609375,2.44995117188
291.9,0.0244140625,43.9453125,15.3595996094,2.34375
292.2,0.0244140625,41.9921875,15.3862597656,2.26684570312
292.5,0.029296875,42.96875,15.3995898438,2.05078125
292.8,0.0244140625,42.96875,15.3995898438,2.24609375
293.1,0.029296875,42.96875,15.4129199219,2.49877929688
293.4,0.0244140625,41.015625,15.4395800781,2.38891601562
293.7,0.0244140625,42.96875,15.4529101563,2.08984375
294.0,0.029296875,41.9921875,15.4795703125,1.9580078125
294.3,0.0244140625,41.9921875,15.4929003906,1.83837890625
294.6,0.0244140625,42.96875,15.5195605469,1.84692382812
294.9,0.0244140625,40.0390625,15.5462207031,1.9677734375
295.2,0.0244140625,42.96875,15.5462207031,2.060546875
295.5,0.0244140625,42.96875,15.5595507812,2.09228515625
295.8,0.0244140625,41.015625,15.5862109375,1.96411132812
296.1,0.029296875,41.9921875,15.6128710937,1.9677734375
296.4,0.0244140625,41.9921875,15.6262011719,2.13745117188
296.7,0.0244140625,42.96875,15.6528613281,2.177734375
297.0,0.0244140625,41.9921875,15.6528613281,2.10083007812
297.3,0.029296875,42.96875,15.6795214844,2.24609375
297.6,0.0244140625,42.96875,15.6795214844,2.1044921875
297.9,0.029296875,41.9921875,15.7061816406,2.31201171875
298.2,0.0244140625,42.96875,15.7328417969,2.27416992188
298.5,0.029296875,42.96875,15.7595019531,2.39990234375
298.8,0.029296875,42.96875,15.7861621094,2.47314453125
299.1,0.0244140625,41.9921875,15.7861621094,2.4853515625
299.4,0.0244140625,42.96875,15.7994921875,2.42431640625
299.7,0.0244140625,41.9921875,15.8128222656,1.9775390625
300.0,0.0244140625,42.96875,15.8394824219,2.001953125
300.3,0.029296875,42.96875,15.8394824219,1.85180664062
300.6,0.029296875,42.96875,15.8794726562,1.66748046875
300.9,0.0244140625,42.96875,15.8928027344,1.41967773438
301.2,0.029296875,41.9921875,15.9061328125,1.43432617188
301.5,0.029296875,42.96875,15.9327929688,1.68823242188
301.8,0.0244140625,42.96875,15.9327929688,1.6943359375
302.1,0.0244140625,43.9453125,15.9727832031,1.92749023438
302.4,0.029296875,42.96875,15.959453125,1.63330078125
302.7,0.029296875,40.0390625,15.9994433594,1.58203125
303.0,0.029296875,42.96875,15.9994433594,1.72119140625
303.3,0.029296875,42.96875,16.0394335938,1.51123046875
303.6,0.0244140625,44.921875,16.0394335938,1.55883789062
303.9,0.0244140625,41.9921875,16.06609375,1.79077148438
304.2,0.0244140625,42.96875,16.0794238281,1.72729492188
304.5,0.0244140625,42.96875,16.1060839844,1.65649414062
304.8,0.029296875,43.9453125,16.1194140625,1.99584960938
305.1,0.0244140625,42.96875,12.7735644531,1.943359375
305.4,0.029296875,41.015625,12.7735644531,1.6259765625
305.7,0.0244140625,42.96875,12.7735644531,1.66870117188
306.0,0.0244140625,42.96875,12.8002246094,1.6943359375
306.3,0.0244140625,42.96875,12.8002246094,1.75659179688
306.6,0.0244140625,41.9921875,12.8135546875,1.81640625
306.9,0.029296875,41.015625,12.8535449219,1.79443359375
307.2,0.0244140625,42.96875,12.8535449219,1.6455078125
307.5,0.0244140625,43.9453125,12.8935351562,1.7041015625
307.8,0.0244140625,42.96875,12.8935351562,1.6552734375
308.1,0.0244140625,42.96875,12.9068652344,1.57836914062
308.4,0.0244140625,41.015625,12.9335253906,1.21337890625
308.7,0.0244140625,42.96875,12.9468554687,1.29638671875
309.0,0.0244140625,42.96875,12.973515625,1.28784179688
309.3,0.029296875,41.9921875,12.9868457031,1.65649414062
309.6,0.0244140625,41.9921875,12.9868457031,2.02392578125
309.9,0.0244140625,41.9921875,13.0401660156,1.708984375
310.2,0.0244140625,40.0390625,13.0401660156,1.72973632812
310.5,0.0244140625,41.9921875,13.0401660156,1.9287109375
310.8,0.029296875,44.921875,13.08015625,1.8505859375
311.1,0.0244140625,43.9453125,13.1068164063,1.54296875
311.4,0.0244140625,43.9453125,13.1068164063,1.45629882812
311.7,0.029296875,43.9453125,13.1201464844,1.27807617188
312.0,0.0244140625,41.9921875,13.1468066406,1.4697265625
312.3,0.0244140625,42.96875,13.1601367187,1.85424804688
