0.0,0.810546875,-125.0,2.13616210937,-0.52734375
0.3,0.810546875,130.859375,2.1494921875,-0.574951171875
0.6,0.810546875,-247.0703125,2.1494921875,0.42236328125
0.9,0.810546875,168.9453125,2.1494921875,-0.56640625
1.2,0.810546875,-225.5859375,2.1494921875,-0.147705078125
1.5,0.810546875,91.796875,2.13616210937,-0.550537109375
1.8,0.810546875,-172.8515625,2.1494921875,-0.504150390625
2.1,0.810546875,50.78125,2.1494921875,-0.48583984375
2.4,0.810546875,-75.1953125,2.1494921875,-0.52734375
2.7,0.810546875,-27.34375,2.1494921875,-0.51513671875
3.0,0.810546875,-35.15625,2.1494921875,-0.516357421875
3.3,0.810546875,-34.1796875,2.1494921875,-0.516357421875
3.6,0.810546875,-9.765625,2.1494921875,-0.518798828125
3.9,0.810546875,-18.5546875,2.1494921875,-0.51513671875
4.2,0.810546875,-12.6953125,2.1494921875,-0.526123046875
4.5,0.810546875,-22.4609375,2.13616210937,-0.51513671875
4.8,0.810546875,-16.6015625,2.1494921875,-0.52978515625
5.1,0.810546875,-24.4140625,2.13616210937,-0.52001953125
5.4,0.810546875,-19.53125,2.13616210937,-0.52490234375
5.7,0.810546875,-12.6953125,2.13616210937,-0.52001953125
6.0,0.810546875,-27.34375,2.13616210937,-0.52978515625
6.3,0.810546875,-9.765625,2.13616210937,0.450439453125
6.6,0.810546875,-19.53125,2.1494921875,-0.57861328125
6.9,0.810546875,-17.578125,2.13616210937,0.474853515625
7.2,0.810546875,185.546875,2.13616210937,-0.579833984375
7.5,0.810546875,-276.3671875,2.1494921875,0.4541015625
7.8,0.810546875,243.1640625,2.1494921875,-0.572509765625
8.1,0.810546875,-262.6953125,2.13616210937,0.4541015625
8.4,0.810546875,201.171875,2.1494921875,-0.577392578125
8.7,0.810546875,-224.609375,2.13616210937,0.445556640625
9.0,0.810546875,154.296875,2.13616210937,-0.572509765625
9.3,0.810546875,-251.953125,2.1494921875,0.255126953125
9.6,0.810546875,125.0,2.1494921875,-0.555419921875
9.9,0.810546875,-201.171875,2.13616210937,-0.430908203125
10.2,0.810546875,73.2421875,2.13616210937,-0.538330078125
10.5,0.810546875,-119.140625,2.1494921875,-0.511474609375
10.8,0.810546875,2.9296875,2.13616210937,-0.49072265625
11.1,0.810546875,-55.6640625,2.1494921875,-0.52490234375
11.4,0.810546875,-18.5546875,2.13616210937,-0.528564453125
11.7,0.810546875,-4.8828125,2.1494921875,-0.513916015625
12.0,0.810546875,-24.4140625,2.1494921875,-0.518798828125
12.3,0.810546875,-19.53125,2.13616210937,-0.5126953125
12.6,0.810546875,-22.4609375,2.1494921875,-0.516357421875
12.9,0.810546875,-12.6953125,2.1494921875,-0.523681640625
13.2,0.810546875,-13.671875,2.1494921875,-0.51513671875
13.5,0.810546875,-13.671875,2.1494921875,-0.526123046875
13.8,0.810546875,-17.578125,2.1494921875,-0.523681640625
14.1,0.810546875,-16.6015625,2.1494921875,-0.56884765625
14.4,0.810546875,-23.4375,2.1494921875,0.465087890625
14.7,0.810546875,-13.671875,2.13616210937,-0.57861328125
15.0,0.810546875,-245.1171875,2.13616210937,0.469970703125
15.3,0.810546875,225.5859375,2.1494921875,-0.576171875
15.6,0.810546875,-275.390625,2.1494921875,0.445556640625
15.9,0.810546875,213.8671875,2.1494921875,-0.577392578125
16.2,0.810546875,-228.515625,2.1494921875,0.455322265625
16.5,0.810546875,111.328125,2.1494921875,-0.5712890625
16.8,0.810546875,-257.8125,2.1494921875,0.411376953125
17.1,0.810546875,133.7890625,2.13616210937,-0.5615234375
17.4,0.810546875,-215.8203125,2.13616210937,-0.32470703125
17.7,0.810546875,83.0078125,2.1494921875,-0.533447265625
18.0,0.810546875,-123.046875,2.13616210937,-0.518798828125
18.3,0.810546875,9.765625,2.1494921875,-0.51025390625
18.6,0.810546875,-53.7109375,2.1494921875,-0.521240234375
18.9,0.810546875,-20.5078125,2.1494921875,-0.521240234375
19.2,0.810546875,-10.7421875,2.1494921875,-0.52490234375
19.5,0.810546875,-12.6953125,2.1494921875,-0.517578125
19.8,0.810546875,-21.484375,2.13616210937,-0.5224609375
20.1,0.810546875,-19.53125,2.1494921875,-0.51513671875
20.4,0.810546875,-13.671875,2.1494921875,-0.518798828125
20.7,0.810546875,-19.53125,2.1494921875,-0.51513671875
21.0,0.810546875,-15.625,2.13616210937,-0.548095703125
21.3,0.810546875,-17.578125,2.1494921875,0.4736328125
21.6,0.810546875,-18.5546875,2.1494921875,-0.577392578125
21.9,0.810546875,-70.3125,2.1494921875,0.4736328125
22.2,0.810546875,285.15625,2.13616210937,-0.57861328125
22.5,0.810546875,-271.484375,2.1494921875,0.452880859375
22.8,0.810546875,232.421875,2.1494921875,-0.576171875
23.1,0.810546875,-274.4140625,2.1494921875,0.46630859375
23.4,0.810546875,131.8359375,2.1494921875,-0.574951171875
23.7,0.810546875,-249.0234375,2.1494921875,0.40771484375
24.0,0.810546875,179.6875,2.1494921875,-0.567626953125
24.3,0.810546875,-221.6796875,2.1494921875,-0.14404296875
24.6,0.810546875,81.0546875,2.13616210937,-0.5419921875
24.9,0.810546875,-156.25,2.1494921875,-0.509033203125
25.2,0.810546875,20.5078125,2.1494921875,-0.511474609375
25.5,0.810546875,-53.7109375,2.1494921875,-0.52734375
25.8,0.810546875,-13.671875,2.1494921875,-0.499267578125
26.1,0.810546875,-31.25,2.1494921875,-0.513916015625
26.4,0.810546875,-16.6015625,2.1494921875,-0.521240234375
26.7,0.810546875,-18.5546875,2.1494921875,-0.516357421875
27.0,0.810546875,-18.5546875,2.1494921875,-0.526123046875
27.3,0.810546875,-21.484375,2.1494921875,-0.516357421875
27.6,0.810546875,-16.6015625,2.1494921875,-0.533447265625
27.9,0.810546875,-23.4375,2.1494921875,0.47119140625
28.2,0.810546875,-8.7890625,2.1494921875,-0.57861328125
28.5,0.810546875,-69.3359375,2.1494921875,0.472412109375
28.8,0.810546875,272.4609375,2.1494921875,-0.57861328125
29.1,0.810546875,-262.6953125,2.13616210937,0.450439453125
29.4,0.810546875,228.515625,2.1494921875,-0.577392578125
29.7,0.810546875,-246.09375,2.1494921875,0.45166015625
30.0,0.810546875,130.859375,2.13616210937,-0.574951171875
30.3,0.810546875,-250.9765625,2.1494921875,0.4296875
30.6,0.810546875,158.203125,2.13616210937,-0.560302734375
30.9,0.810546875,-218.75,2.1494921875,-0.322265625
31.2,0.810546875,76.171875,2.1494921875,-0.5419921875
31.5,0.810546875,15.625,2.1494921875,-0.509033203125
31.8,0.810546875,-59.5703125,2.1494921875,-0.513916015625
32.1,0.810546875,-20.5078125,2.1494921875,-0.517578125
32.4,0.810546875,-11.71875,2.1494921875,-0.521240234375
32.7,0.810546875,-25.390625,2.1494921875,-0.51025390625
33.0,0.810546875,-25.390625,2.13616210937,-0.518798828125
33.3,0.810546875,-7.8125,2.1494921875,-0.5126953125
33.6,0.810546875,-17.578125,2.1494921875,-0.5224609375
33.9,0.810546875,-16.6015625,2.1494921875,-0.174560546875
34.2,0.810546875,-8.7890625,2.1494921875,-0.579833984375
34.5,0.810546875,-18.5546875,2.1494921875,0.467529296875
34.8,0.810546875,88.8671875,2.1494921875,-0.57861328125
35.1,0.810546875,-264.6484375,2.1494921875,0.465087890625
35.4,0.810546875,252.9296875,2.13616210937,-0.5712890625
35.7,0.810546875,-268.5546875,2.1494921875,0.465087890625
36.0,0.810546875,149.4140625,2.1494921875,-0.576171875
36.3,0.810546875,-243.1640625,2.1494921875,0.428466796875
36.6,0.810546875,181.640625,2.1494921875,-0.56884765625
36.9,0.810546875,-225.5859375,2.13616210937,-0.03173828125
37.2,0.810546875,78.125,2.13616210937,-0.5419921875
37.5,0.810546875,-168.9453125,2.1494921875,-0.5224609375
37.8,0.810546875,31.25,2.1494921875,-0.48583984375
38.1,0.810546875,-59.5703125,2.1494921875,-0.535888671875
38.4,0.810546875,-14.6484375,2.1494921875,-0.521240234375
38.7,0.810546875,-4.8828125,2.1494921875,-0.521240234375
39.0,0.810546875,-25.390625,2.1494921875,-0.516357421875
39.3,0.810546875,-25.390625,2.1494921875,-0.52734375
39.6,0.810546875,-28.3203125,2.13616210937,-0.51513671875
39.9,0.810546875,-18.5546875,2.1494921875,-0.521240234375
40.2,0.810546875,-16.6015625,2.1494921875,-0.501708984375
40.5,0.810546875,-16.6015625,2.13616210937,-0.52001953125
40.8,0.810546875,-16.6015625,2.13616210937,-0.29541015625
41.1,0.810546875,-18.5546875,2.1494921875,-0.5810546875
41.4,0.810546875,-22.4609375,2.1494921875,0.47119140625
41.7,0.810546875,56.640625,2.1494921875,-0.579833984375
42.0,0.810546875,-271.484375,2.13616210937,0.46630859375
42.3,0.810546875,241.2109375,2.1494921875,-0.574951171875
42.6,0.810546875,-254.8828125,2.1494921875,0.46142578125
42.9,0.810546875,171.875,2.16282226563,-0.576171875
43.2,0.810546875,-234.375,2.13616210937,0.428466796875
43.5,0.810546875,182.6171875,2.1494921875,-0.56884765625
43.8,0.810546875,-226.5625,2.1494921875,-0.0634765625
44.1,0.810546875,95.703125,2.1494921875,-0.548095703125
44.4,0.810546875,-158.203125,2.13616210937,-0.513916015625
44.7,0.810546875,23.4375,2.1494921875,-0.509033203125
45.0,0.810546875,-63.4765625,2.1494921875,-0.52978515625
45.3,0.810546875,-28.3203125,2.1494921875,-0.528564453125
45.6,0.810546875,-18.5546875,2.1494921875,-0.523681640625
45.9,0.810546875,-13.671875,2.13616210937,-0.521240234375
46.2,0.810546875,-7.8125,2.1494921875,-0.518798828125
46.5,0.810546875,-6.8359375,2.1494921875,-0.513916015625
46.8,0.810546875,-12.6953125,2.1494921875,-0.52490234375
47.1,0.810546875,-18.5546875,2.1494921875,-0.5126953125
47.4,0.810546875,-14.6484375,2.1494921875,-0.52490234375
47.7,0.810546875,-21.484375,2.1494921875,-0.242919921875
48.0,0.810546875,-16.6015625,2.1494921875,0.467529296875
48.3,0.810546875,-272.4609375,2.1494921875,0.462646484375
48.6,0.810546875,237.3046875,2.13616210937,-0.574951171875
48.9,0.810546875,-275.390625,2.1494921875,0.4638671875
49.2,0.810546875,172.8515625,2.1494921875,-0.574951171875
49.5,0.810546875,-250.0,2.1494921875,0.42236328125
49.8,0.810546875,188.4765625,2.1494921875,-0.570068359375
50.1,0.810546875,-227.5390625,2.1494921875,-0.02685546875
50.4,0.810546875,97.65625,2.1494921875,-0.545654296875
50.7,0.810546875,-239.2578125,2.1494921875,0.41259765625
51.0,0.810546875,184.5703125,2.1494921875,-0.565185546875
51.3,0.810546875,-225.5859375,2.13616210937,-0.20751953125
51.6,0.810546875,87.890625,2.1494921875,-0.548095703125
51.9,0.810546875,21.484375,2.13616210937,-0.517578125
52.2,0.810546875,-51.7578125,2.13616210937,-0.526123046875
52.5,0.810546875,-29.296875,2.1494921875,-0.523681640625
52.8,0.810546875,0.9765625,2.13616210937,-0.516357421875
53.1,0.810546875,-13.671875,2.1494921875,-0.509033203125
53.4,0.810546875,-15.625,2.13616210937,-0.52978515625
53.7,0.810546875,-13.671875,2.1494921875,-0.517578125
54.0,0.810546875,-11.71875,2.1494921875,-0.5078125
54.3,0.810546875,-13.671875,2.1494921875,-0.52001953125
54.6,0.810546875,-8.7890625,2.1494921875,-0.51513671875
54.9,0.810546875,-19.53125,2.1494921875,-0.057373046875
55.2,0.810546875,-25.390625,2.1494921875,-0.579833984375
55.5,0.810546875,-19.53125,2.13616210937,0.474853515625
55.8,0.810546875,213.8671875,2.1494921875,-0.57861328125
56.1,0.810546875,-262.6953125,2.1494921875,0.445556640625
56.4,0.810546875,-258.7890625,2.1494921875,0.4638671875
56.7,0.810546875,125.0,2.1494921875,-0.576171875
57.0,0.810546875,-235.3515625,2.1494921875,0.404052734375
57.3,0.810546875,180.6640625,2.13616210937,-0.565185546875
57.6,0.810546875,-208.0078125,2.1494921875,-0.264892578125
57.9,0.810546875,85.9375,2.1494921875,-0.538330078125
58.2,0.810546875,-127.9296875,2.1494921875,-0.52490234375
58.5,0.810546875,5.859375,2.1494921875,-0.51025390625
58.8,0.810546875,-56.640625,2.1494921875,-0.51513671875
59.1,0.810546875,-25.390625,2.1494921875,-0.5126953125
59.4,0.810546875,-12.6953125,2.1494921875,-0.5224609375
59.7,0.810546875,-14.6484375,2.1494921875,-0.5029296875
60.0,0.810546875,-11.71875,2.1494921875,-0.523681640625
60.3,0.810546875,-26.3671875,2.13616210937,-0.52001953125
60.6,0.810546875,-18.5546875,2.1494921875,-0.5224609375
60.9,0.810546875,-7.8125,2.1494921875,-0.517578125
61.2,0.810546875,-18.5546875,2.1494921875,-0.52734375
61.5,0.810546875,-24.4140625,2.1494921875,0.3564453125
61.8,0.810546875,-23.4375,2.1494921875,-0.579833984375
62.1,0.810546875,-52.734375,2.13616210937,0.469970703125
62.4,0.810546875,265.625,2.1494921875,-0.57861328125
62.7,0.810546875,-268.5546875,2.1494921875,0.44677734375
63.0,0.810546875,209.9609375,2.13616210937,-0.577392578125
63.3,0.810546875,-256.8359375,2.1494921875,0.455322265625
63.6,0.810546875,144.53125,2.1494921875,-0.572509765625
63.9,0.810546875,-258.7890625,2.1494921875,0.33447265625
64.2,0.810546875,125.0,2.1494921875,-0.556640625
64.5,0.810546875,-213.8671875,2.1494921875,-0.482177734375
64.8,0.810546875,47.8515625,2.1494921875,-0.5322265625
65.1,0.810546875,-71.2890625,2.1494921875,-0.52734375
65.4,0.810546875,-11.71875,2.1494921875,-0.51025390625
65.7,0.810546875,-28.3203125,2.1494921875,-0.51513671875
66.0,0.810546875,-17.578125,2.13616210937,-0.518798828125
66.3,0.810546875,-18.5546875,2.1494921875,-0.504150390625
66.6,0.810546875,-13.671875,2.1494921875,-0.513916015625
66.9,0.810546875,-16.6015625,2.1494921875,-0.521240234375
67.2,0.810546875,-24.4140625,2.1494921875,-0.498046875
67.5,0.810546875,-17.578125,2.1494921875,-0.521240234375
67.8,0.810546875,-22.4609375,2.1494921875,0.211181640625
68.1,0.810546875,-12.6953125,2.13616210937,-0.577392578125
68.4,0.810546875,-98.6328125,2.13616210937,0.469970703125
68.7,0.810546875,255.859375,2.1494921875,-0.57373046875
69.0,0.810546875,-266.6015625,2.1494921875,0.45166015625
69.3,0.810546875,204.1015625,2.1494921875,-0.576171875
69.6,0.810546875,-217.7734375,2.1494921875,0.43701171875
69.9,0.810546875,184.5703125,2.13616210937,-0.5712890625
70.2,0.810546875,-237.3046875,2.1494921875,-0.087890625
70.5,0.810546875,95.703125,2.1494921875,-0.543212890625
70.8,0.810546875,-145.5078125,2.13616210937,-0.52978515625
71.1,0.810546875,10.7421875,2.1494921875,-0.5029296875
71.4,0.810546875,-38.0859375,2.1494921875,-0.516357421875
71.7,0.810546875,-18.5546875,2.13616210937,-0.49560546875
72.0,0.810546875,-10.7421875,2.1494921875,-0.52978515625
72.3,0.810546875,-21.484375,2.13616210937,-0.5224609375
72.6,0.810546875,-12.6953125,2.1494921875,-0.523681640625
72.9,0.810546875,-20.5078125,2.13616210937,-0.509033203125
73.2,0.810546875,-24.4140625,2.1494921875,-0.52490234375
73.5,0.810546875,-29.296875,2.1494921875,-0.098876953125
73.8,0.810546875,-11.71875,2.1494921875,-0.57861328125
74.1,0.810546875,-30.2734375,2.1494921875,0.472412109375
74.4,0.810546875,289.0625,2.1494921875,-0.57861328125
74.7,0.810546875,-271.484375,2.1494921875,0.440673828125
75.0,0.810546875,223.6328125,2.13616210937,-0.579833984375
75.3,0.810546875,-224.609375,2.13616210937,0.433349609375
75.6,0.810546875,190.4296875,2.13616210937,-0.570068359375
75.9,0.810546875,-234.375,2.13616210937,0.02685546875
76.2,0.810546875,88.8671875,2.1494921875,-0.5419921875
76.5,0.810546875,-118.1640625,2.13616210937,-0.52001953125
76.8,0.810546875,-1.953125,2.1494921875,-0.506591796875
77.1,0.810546875,-41.9921875,2.1494921875,-0.51513671875
77.4,0.810546875,-32.2265625,2.1494921875,-0.517578125
77.7,0.810546875,-26.3671875,2.13616210937,-0.5126953125
78.0,0.810546875,-17.578125,2.1494921875,-0.521240234375
78.3,0.810546875,-17.578125,2.1494921875,-0.52734375
78.6,0.810546875,-23.4375,2.1494921875,-0.523681640625
78.9,0.810546875,-21.484375,2.1494921875,0.069580078125
79.2,0.810546875,-21.484375,2.1494921875,-0.577392578125
79.5,0.810546875,-70.3125,2.1494921875,0.46875
79.8,0.810546875,247.0703125,2.1494921875,-0.576171875
80.1,0.810546875,-264.6484375,2.1494921875,0.457763671875
80.4,0.810546875,184.5703125,2.13616210937,-0.576171875
80.7,0.810546875,-228.515625,2.1494921875,0.435791015625
81.0,0.810546875,160.15625,2.1494921875,-0.56640625
81.3,0.810546875,-209.9609375,2.1494921875,-0.3125
81.6,0.810546875,75.1953125,2.1494921875,-0.537109375
81.9,0.810546875,-95.703125,2.1494921875,-0.5224609375
82.2,0.810546875,-5.859375,2.1494921875,-0.52001953125
82.5,0.810546875,-17.578125,2.1494921875,-0.52978515625
82.8,0.810546875,-18.5546875,2.13616210937,-0.5126953125
83.1,0.810546875,-18.5546875,2.1494921875,-0.517578125
83.4,0.810546875,-16.6015625,2.1494921875,-0.50537109375
83.7,0.810546875,-17.578125,2.1494921875,-0.528564453125
84.0,0.810546875,-14.6484375,2.13616210937,-0.5224609375
84.3,0.810546875,-16.6015625,2.1494921875,-0.57373046875
84.6,0.810546875,-8.7890625,2.13616210937,0.467529296875
84.9,0.810546875,135.7421875,2.1494921875,-0.5810546875
85.2,0.810546875,-268.5546875,2.1494921875,0.443115234375
85.5,0.810546875,221.6796875,2.1494921875,-0.576171875
85.8,0.810546875,-235.3515625,2.13616210937,0.445556640625
86.1,0.810546875,162.109375,2.1494921875,-0.5712890625
86.4,0.810546875,-243.1640625,2.1494921875,0.06103515625
86.7,0.810546875,95.703125,2.13616210937,-0.538330078125
87.0,0.810546875,-138.671875,2.13616210937,-0.51513671875
87.3,0.810546875,0.9765625,2.13616210937,-0.496826171875
87.6,0.810546875,-37.109375,2.1494921875,-0.52001953125
87.9,0.810546875,-14.6484375,2.1494921875,-0.517578125
88.2,0.810546875,-19.53125,2.1494921875,-0.52978515625
88.5,0.810546875,-12.6953125,2.1494921875,-0.521240234375
88.8,0.810546875,-14.6484375,2.1494921875,-0.523681640625
89.1,0.810546875,-16.6015625,2.1494921875,-0.516357421875
89.4,0.810546875,-11.71875,2.1494921875,-0.521240234375
89.7,0.810546875,-22.4609375,2.1494921875,0.052490234375
90.0,0.810546875,-17.578125,2.13616210937,-0.577392578125
90.3,0.810546875,-52.734375,2.1494921875,0.472412109375
90.6,0.810546875,276.3671875,2.1494921875,-0.577392578125
90.9,0.810546875,-276.3671875,2.13616210937,0.44677734375
91.2,0.810546875,229.4921875,2.1494921875,-0.577392578125
91.5,0.810546875,-225.5859375,2.1494921875,0.42724609375
91.8,0.810546875,179.6875,2.1494921875,-0.570068359375
92.1,0.810546875,-232.421875,2.1494921875,0.0634765625
92.4,0.810546875,86.9140625,2.1494921875,-0.543212890625
92.7,0.810546875,-169.921875,2.13616210937,-0.52734375
93.0,0.810546875,14.6484375,2.1494921875,-0.52001953125
93.3,0.810546875,-31.25,2.1494921875,-0.51025390625
93.6,0.810546875,-18.5546875,2.1494921875,-0.523681640625
93.9,0.810546875,-17.578125,2.1494921875,-0.521240234375
94.2,0.810546875,-13.671875,2.1494921875,-0.52490234375
94.5,0.810546875,-22.4609375,2.13616210937,-0.517578125
94.8,0.810546875,-14.6484375,2.13616210937,-0.5224609375
95.1,0.810546875,-17.578125,2.1494921875,-0.5126953125
95.4,0.810546875,-21.484375,2.13616210937,-0.53466796875
95.7,0.810546875,-27.34375,2.13616210937,0.4736328125
96.0,0.810546875,-14.6484375,2.13616210937,-0.57861328125
96.3,0.810546875,-205.078125,2.1494921875,0.46875
96.6,0.810546875,234.375,2.1494921875,-0.574951171875
96.9,0.810546875,-263.671875,2.1494921875,0.457763671875
97.2,0.810546875,220.703125,2.1494921875,0.43701171875
97.5,0.810546875,-230.46875,2.1494921875,0.09521484375
97.8,0.810546875,116.2109375,2.1494921875,-0.545654296875
98.1,0.810546875,-179.6875,2.13616210937,-0.51025390625
98.4,0.810546875,39.0625,2.1494921875,-0.526123046875
98.7,0.810546875,-59.5703125,2.13616210937,-0.5224609375
99.0,0.810546875,-18.5546875,2.13616210937,-0.51025390625
99.3,0.810546875,0.9765625,2.13616210937,-0.526123046875
99.6,0.810546875,-20.5078125,2.1494921875,-0.516357421875
99.9,0.810546875,-13.671875,2.1494921875,-0.52001953125
100.2,0.810546875,-19.53125,2.1494921875,-0.52001953125
100.5,0.810546875,-17.578125,2.1494921875,-0.52001953125
100.8,0.810546875,-24.4140625,2.1494921875,-0.5126953125
101.1,0.810546875,-18.5546875,2.1494921875,-0.52001953125
101.4,0.810546875,-20.5078125,2.1494921875,0.462646484375
101.7,0.810546875,-17.578125,2.1494921875,-0.57861328125
102.0,0.810546875,-90.8203125,2.1494921875,0.46875
102.3,0.810546875,268.5546875,2.13616210937,-0.57861328125
102.6,0.810546875,-274.4140625,2.13616210937,0.45166015625
102.9,0.810546875,221.6796875,2.1494921875,-0.57861328125
103.2,0.810546875,-219.7265625,2.13616210937,0.438232421875
103.5,0.810546875,158.203125,2.1494921875,-0.570068359375
103.8,0.810546875,-246.09375,2.1494921875,0.12939453125
104.1,0.810546875,100.5859375,2.1494921875,-0.54931640625
104.4,0.810546875,-182.6171875,2.1494921875,-0.513916015625
104.7,0.810546875,36.1328125,2.1494921875,-0.513916015625
105.0,0.810546875,-58.59375,2.13616210937,-0.526123046875
105.3,0.810546875,-28.3203125,2.1494921875,-0.5224609375
105.6,0.810546875,0.0,2.1494921875,-0.5126953125
105.9,0.810546875,-24.4140625,2.13616210937,-0.523681640625
106.2,0.810546875,-11.71875,2.1494921875,-0.51025390625
106.5,0.810546875,-11.71875,2.1494921875,-0.517578125
106.8,0.810546875,-11.71875,2.1494921875,-0.4052734375
107.1,0.810546875,-17.578125,2.1494921875,-0.579833984375
107.4,0.810546875,-18.5546875,2.13616210937,0.46875
107.7,0.810546875,48.828125,2.1494921875,-0.57861328125
108.0,0.810546875,-274.4140625,2.16282226563,0.4638671875
108.3,0.810546875,240.234375,2.1494921875,-0.572509765625
108.6,0.810546875,-275.390625,2.1494921875,0.465087890625
108.9,0.810546875,174.8046875,2.13616210937,-0.576171875
109.2,0.810546875,-242.1875,2.1494921875,0.435791015625
109.5,0.810546875,192.3828125,2.1494921875,-0.567626953125
109.8,0.810546875,85.9375,2.13616210937,-0.499267578125
110.1,0.810546875,-55.6640625,2.1494921875,-0.523681640625
110.4,0.810546875,-3.90625,2.1494921875,-0.518798828125
110.7,0.810546875,-14.6484375,2.1494921875,-0.52001953125
111.0,0.810546875,-8.7890625,2.13616210937,-0.52490234375
111.3,0.810546875,-16.6015625,2.13616210937,-0.511474609375
111.6,0.810546875,-13.671875,2.13616210937,-0.513916015625
111.9,0.810546875,-17.578125,2.1494921875,-0.5078125
112.2,0.810546875,-8.7890625,2.1494921875,-0.52001953125
112.5,0.810546875,-15.625,2.1494921875,-0.51025390625
112.8,0.810546875,-11.71875,2.13616210937,-0.5615234375
113.1,0.810546875,-17.578125,2.1494921875,-0.582275390625
113.4,0.810546875,-190.4296875,2.1494921875,0.469970703125
113.7,0.810546875,-269.53125,2.13616210937,0.438232421875
114.0,0.810546875,212.890625,2.13616210937,-0.576171875
114.3,0.810546875,-236.328125,2.1494921875,0.438232421875
114.6,0.810546875,151.3671875,2.1494921875,-0.572509765625
114.9,0.810546875,-246.09375,2.1494921875,-0.552978515625
115.2,0.810546875,60.546875,2.1494921875,-0.537109375
115.5,0.810546875,-102.5390625,2.13616210937,-0.521240234375
115.8,0.810546875,-10.7421875,2.1494921875,-0.51513671875
116.1,0.810546875,-42.96875,2.13616210937,-0.52490234375
116.4,0.810546875,-14.6484375,2.1494921875,-0.513916015625
116.7,0.810546875,-17.578125,2.1494921875,-0.5224609375
117.0,0.810546875,-17.578125,2.13616210937,-0.517578125
117.3,0.810546875,-14.6484375,2.1494921875,-0.52490234375
117.6,0.810546875,-21.484375,2.1494921875,-0.52734375
117.9,0.810546875,-21.484375,2.13616210937,-0.52490234375
118.2,0.810546875,-14.6484375,2.1494921875,-0.50537109375
118.5,0.810546875,-10.7421875,2.13616210937,0.289306640625
118.8,0.810546875,-17.578125,2.1494921875,-0.57861328125
119.1,0.810546875,-40.0390625,2.1494921875,0.474853515625
119.4,0.810546875,271.484375,2.1494921875,-0.577392578125
119.7,0.810546875,-262.6953125,2.1494921875,0.44677734375
120.0,0.810546875,225.5859375,2.13616210937,-0.576171875
120.3,0.810546875,-257.8125,2.1494921875,0.457763671875
120.6,0.810546875,113.28125,2.1494921875,-0.57373046875
120.9,0.810546875,-264.6484375,2.13616210937,0.419921875
121.2,0.810546875,179.6875,2.1494921875,-0.556640625
121.5,0.810546875,-226.5625,2.13616210937,-0.313720703125
121.8,0.810546875,-137.6953125,2.1494921875,-0.513916015625
122.1,0.810546875,-1.953125,2.1494921875,-0.48583984375
122.4,0.810546875,-59.5703125,2.1494921875,-0.526123046875
122.7,0.810546875,-34.1796875,2.1494921875,-0.52001953125
123.0,0.810546875,-17.578125,2.1494921875,-0.511474609375
123.3,0.810546875,-13.671875,2.1494921875,-0.521240234375
123.6,0.810546875,-19.53125,2.13616210937,-0.52490234375
123.9,0.810546875,-9.765625,2.1494921875,-0.52490234375
124.2,0.810546875,-12.6953125,2.1494921875,-0.513916015625
124.5,0.810546875,-20.5078125,2.1494921875,-0.5224609375
124.8,0.810546875,-17.578125,2.13616210937,0.1806640625
125.1,0.810546875,-12.6953125,2.1494921875,-0.577392578125
125.4,0.810546875,-25.390625,2.1494921875,0.474853515625
125.7,0.810546875,230.46875,2.1494921875,-0.57861328125
126.0,0.810546875,-260.7421875,2.1494921875,0.452880859375
126.3,0.810546875,248.046875,2.13616210937,-0.576171875
126.6,0.810546875,-265.625,2.1494921875,0.45654296875
126.9,0.810546875,129.8828125,2.1494921875,-0.574951171875
127.2,0.810546875,-233.3984375,2.1494921875,0.426025390625
127.5,0.810546875,147.4609375,2.1494921875,-0.55908203125
127.8,0.810546875,-236.328125,2.1494921875,-0.218505859375
128.1,0.810546875,81.0546875,2.1494921875,-0.543212890625
128.4,0.810546875,-141.6015625,2.13616210937,-0.5224609375
128.7,0.810546875,15.625,2.13616210937,-0.5126953125
129.0,0.810546875,-39.0625,2.1494921875,-0.52001953125
129.3,0.810546875,-22.4609375,2.1494921875,-0.51513671875
129.6,0.810546875,-8.7890625,2.1494921875,-0.5078125
129.9,0.810546875,-22.4609375,2.1494921875,-0.511474609375
130.2,0.810546875,-12.6953125,2.1494921875,-0.52001953125
130.5,0.810546875,-14.6484375,2.13616210937,-0.52490234375
130.8,0.810546875,-24.4140625,2.1494921875,-0.526123046875
131.1,0.810546875,-31.25,2.13616210937,-0.23193359375
131.4,0.810546875,-23.4375,2.1494921875,-0.579833984375
131.7,0.810546875,30.2734375,2.1494921875,-0.577392578125
132.0,0.810546875,-268.5546875,2.13616210937,0.469970703125
132.3,0.810546875,232.421875,2.13616210937,-0.57373046875
132.6,0.810546875,-272.4609375,2.1494921875,-0.574951171875
132.9,0.810546875,166.015625,2.1494921875,-0.570068359375
133.2,0.810546875,106.4453125,2.12283203125,-0.548095703125
133.5,0.810546875,-197.265625,2.13616210937,-0.511474609375
133.8,0.810546875,38.0859375,2.13616210937,-0.526123046875
134.1,0.810546875,-62.5,2.13616210937,-0.531005859375
134.4,0.810546875,-15.625,2.13616210937,-0.51025390625
134.7,0.810546875,-28.3203125,2.1494921875,-0.517578125
135.0,0.810546875,-31.25,2.1494921875,-0.517578125
135.3,0.810546875,-14.6484375,2.1494921875,-0.517578125
135.6,0.810546875,-16.6015625,2.1494921875,-0.516357421875
135.9,0.810546875,-12.6953125,2.1494921875,-0.52001953125
136.2,0.810546875,-13.671875,2.13616210937,-0.516357421875
136.5,0.810546875,-17.578125,2.1494921875,-0.523681640625
136.8,0.810546875,-18.5546875,2.1494921875,-0.517578125
137.1,0.810546875,-19.53125,2.1494921875,-0.543212890625
137.4,0.810546875,-13.671875,2.1494921875,0.4736328125
137.7,0.810546875,-67.3828125,2.1494921875,0.474853515625
138.0,0.810546875,274.4140625,2.1494921875,-0.577392578125
138.3,0.810546875,-264.6484375,2.13616210937,-0.574951171875
138.6,0.810546875,123.046875,2.1494921875,0.413818359375
138.9,0.810546875,-215.8203125,2.1494921875,-0.13427734375
139.2,0.810546875,90.8203125,2.1494921875,-0.540771484375
139.5,0.810546875,-145.5078125,2.1494921875,-0.504150390625
139.8,0.810546875,27.34375,2.1494921875,-0.516357421875
140.1,0.810546875,-18.5546875,2.1494921875,-0.5078125
140.4,0.810546875,-20.5078125,2.1494921875,-0.52734375
140.7,0.810546875,-20.5078125,2.1494921875,-0.518798828125
141.0,0.810546875,-10.7421875,2.1494921875,-0.51513671875
141.3,0.810546875,-25.390625,2.1494921875,-0.517578125
141.6,0.810546875,-22.4609375,2.13616210937,-0.5224609375
141.9,0.810546875,-13.671875,2.1494921875,-0.52001953125
142.2,0.810546875,-17.578125,2.1494921875,-0.521240234375
142.5,0.810546875,-14.6484375,2.1494921875,-0.52001953125
142.8,0.810546875,-18.5546875,2.1494921875,-0.518798828125
143.1,0.810546875,-20.5078125,2.1494921875,0.469970703125
143.4,0.810546875,-13.671875,2.1494921875,0.469970703125
143.7,0.810546875,-261.71875,2.1494921875,0.443115234375
144.0,0.810546875,220.703125,2.1494921875,-0.57861328125
144.3,0.810546875,-258.7890625,2.1494921875,0.457763671875
144.6,0.810546875,108.3984375,2.13616210937,-0.57373046875
144.9,0.810546875,-238.28125,2.1494921875,0.408935546875
145.2,0.810546875,142.578125,2.1494921875,-0.55908203125
145.5,0.810546875,-229.4921875,2.13616210937,-0.35888671875
145.8,0.810546875,84.9609375,2.13616210937,-0.537109375
146.1,0.810546875,-119.140625,2.13616210937,-0.521240234375
146.4,0.810546875,6.8359375,2.1494921875,-0.5029296875
146.7,0.810546875,-46.875,2.1494921875,-0.518798828125
147.0,0.810546875,-22.4609375,2.1494921875,-0.52001953125
147.3,0.810546875,-5.859375,2.13616210937,-0.528564453125
147.6,0.810546875,-19.53125,2.1494921875,-0.517578125
147.9,0.810546875,-8.7890625,2.1494921875,-0.5224609375
148.2,0.810546875,-12.6953125,2.13616210937,-0.516357421875
148.5,0.810546875,-21.484375,2.1494921875,-0.518798828125
148.8,0.810546875,-20.5078125,2.13616210937,-0.521240234375
149.1,0.810546875,-18.5546875,2.1494921875,-0.52490234375
149.4,0.810546875,-24.4140625,2.1494921875,0.3271484375
149.7,0.810546875,-18.5546875,2.13616210937,0.47607421875
150.0,0.810546875,-247.0703125,2.13616210937,0.455322265625
150.3,0.810546875,234.375,2.1494921875,-0.572509765625
150.6,0.810546875,-263.671875,2.1494921875,0.46142578125
150.9,0.810546875,136.71875,2.13616210937,-0.574951171875
151.2,0.810546875,-229.4921875,2.13616210937,0.40283203125
151.5,0.810546875,184.5703125,2.1494921875,-0.567626953125
151.8,0.810546875,-215.8203125,2.13616210937,-0.135498046875
152.1,0.810546875,95.703125,2.1494921875,-0.543212890625
152.4,0.810546875,-150.390625,2.1494921875,-0.517578125
152.7,0.810546875,20.5078125,2.1494921875,-0.499267578125
153.0,0.810546875,-55.6640625,2.1494921875,-0.52978515625
153.3,0.810546875,-22.4609375,2.13616210937,-0.517578125
153.6,0.810546875,-12.6953125,2.13616210937,-0.517578125
153.9,0.810546875,-21.484375,2.1494921875,-0.513916015625
154.2,0.810546875,-17.578125,2.1494921875,-0.52734375
154.5,0.810546875,-16.6015625,2.1494921875,-0.52001953125
154.8,0.810546875,-21.484375,2.1494921875,-0.52001953125
155.1,0.810546875,-22.4609375,2.1494921875,-0.51025390625
155.4,0.810546875,-7.8125,2.1494921875,-0.521240234375
155.7,0.810546875,-18.5546875,2.1494921875,-0.52001953125
156.0,0.810546875,-19.53125,2.1494921875,-0.523681640625
156.3,0.810546875,-26.3671875,2.1494921875,0.30029296875
156.6,0.810546875,-15.625,2.1494921875,-0.57861328125
156.9,0.810546875,-18.5546875,2.13616210937,-0.57861328125
157.2,0.810546875,251.953125,2.13616210937,-0.576171875
157.5,0.810546875,-265.625,2.1494921875,0.45654296875
157.8,0.810546875,203.125,2.1494921875,-0.576171875
158.1,0.810546875,-224.609375,2.13616210937,0.44677734375
158.4,0.810546875,149.4140625,2.1494921875,-0.572509765625
158.7,0.810546875,-259.765625,2.13616210937,0.33203125
159.0,0.810546875,125.0,2.1494921875,-0.557861328125
159.3,0.810546875,-212.890625,2.1494921875,-0.362548828125
159.6,0.810546875,89.84375,2.13616210937,-0.543212890625
159.9,0.810546875,-140.625,2.1494921875,-0.516357421875
160.2,0.810546875,21.484375,2.1494921875,-0.521240234375
160.5,0.810546875,-57.6171875,2.13616210937,-0.521240234375
160.8,0.810546875,-31.25,2.1494921875,-0.52001953125
161.1,0.810546875,-14.6484375,2.1494921875,-0.52734375
161.4,0.810546875,-28.3203125,2.13616210937,-0.5078125
161.7,0.810546875,-14.6484375,2.1494921875,-0.52001953125
162.0,0.810546875,-17.578125,2.1494921875,-0.518798828125
162.3,0.810546875,-3.90625,2.1494921875,-0.521240234375
162.6,0.810546875,-18.5546875,2.13616210937,-0.51025390625
162.9,0.810546875,-18.5546875,2.1494921875,-0.5224609375
163.2,0.810546875,-26.3671875,2.1494921875,-0.52001953125
163.5,0.810546875,-13.671875,2.1494921875,-0.5126953125
163.8,0.810546875,-22.4609375,2.1494921875,-0.55908203125
164.1,0.810546875,-7.8125,2.1494921875,0.4736328125
164.4,0.810546875,-19.53125,2.1494921875,-0.57861328125
164.7,0.810546875,-65.4296875,2.1494921875,0.472412109375
165.0,0.810546875,257.8125,2.13616210937,-0.577392578125
165.3,0.810546875,-260.7421875,2.1494921875,0.447998046875
165.6,0.810546875,249.0234375,2.1494921875,-0.57373046875
165.9,0.810546875,-267.578125,2.13616210937,0.460205078125
166.2,0.810546875,208.984375,2.1494921875,-0.57373046875
166.5,0.810546875,-220.703125,2.1494921875,0.423583984375
166.8,0.810546875,117.1875,2.1494921875,-0.572509765625
167.1,0.810546875,-245.1171875,2.1494921875,0.35888671875
167.4,0.810546875,148.4375,2.13616210937,-0.560302734375
167.7,0.810546875,-211.9140625,2.13616210937,-0.234375
168.0,0.810546875,82.03125,2.1494921875,-0.545654296875
168.3,0.810546875,-198.2421875,2.13616210937,-0.487060546875
168.6,0.810546875,-85.9375,2.13616210937,-0.526123046875
168.9,0.810546875,-41.015625,2.13616210937,-0.52978515625
169.2,0.810546875,-28.3203125,2.1494921875,-0.521240234375
169.5,0.810546875,-5.859375,2.1494921875,-0.52490234375
169.8,0.810546875,-19.53125,2.1494921875,-0.516357421875
170.1,0.810546875,-24.4140625,2.1494921875,-0.5224609375
170.4,0.810546875,-15.625,2.13616210937,-0.52001953125
170.7,0.810546875,-26.3671875,2.1494921875,-0.523681640625
171.0,0.810546875,-17.578125,2.1494921875,-0.518798828125
171.3,0.810546875,-20.5078125,2.1494921875,-0.518798828125
171.6,0.810546875,-19.53125,2.1494921875,-0.52001953125
171.9,0.810546875,-17.578125,2.13616210937,-0.516357421875
172.2,0.810546875,-23.4375,2.1494921875,-0.50537109375
172.5,0.810546875,-16.6015625,2.1494921875,-0.555419921875
172.8,0.810546875,-19.53125,2.13616210937,0.472412109375
173.1,0.810546875,-19.53125,2.1494921875,-0.577392578125
173.4,0.810546875,-31.25,2.1494921875,0.472412109375
173.7,0.810546875,65.4296875,2.13616210937,-0.57861328125
174.0,0.810546875,-273.4375,2.1494921875,0.472412109375
174.3,0.810546875,233.3984375,2.1494921875,-0.574951171875
174.6,0.810546875,-273.4375,2.1494921875,0.443115234375
174.9,0.810546875,221.6796875,2.1494921875,-0.576171875
175.2,0.810546875,134.765625,2.1494921875,-0.574951171875
175.5,0.810546875,-238.28125,2.13616210937,0.439453125
175.8,0.810546875,157.2265625,2.13616210937,-0.5712890625
176.1,0.810546875,-250.0,2.1494921875,0.372314453125
176.4,0.810546875,160.15625,2.1494921875,-0.560302734375
176.7,0.810546875,-224.609375,2.1494921875,-0.103759765625
177.0,0.810546875,99.609375,2.13616210937,-0.540771484375
177.3,0.810546875,-202.1484375,2.1494921875,-0.506591796875
177.6,0.810546875,54.6875,2.1494921875,-0.53466796875
177.9,0.810546875,-116.2109375,2.1494921875,-0.52734375
178.2,0.810546875,13.671875,2.1494921875,-0.494384765625
178.5,0.810546875,-54.6875,2.13616210937,-0.5078125
178.8,0.810546875,-24.4140625,2.1494921875,-0.51513671875
179.1,0.810546875,-12.6953125,2.13616210937,-0.5224609375
179.4,0.810546875,-9.765625,2.13616210937,-0.52978515625
179.7,0.810546875,-16.6015625,2.1494921875,-0.516357421875
180.0,0.810546875,-19.53125,2.1494921875,-0.5126953125
180.3,0.810546875,-23.4375,2.13616210937,-0.517578125
180.6,0.810546875,-7.8125,2.1494921875,-0.518798828125
180.9,0.810546875,-17.578125,2.1494921875,-0.5224609375
181.2,0.810546875,-15.625,2.1494921875,-0.52490234375
181.5,0.810546875,-17.578125,2.1494921875,-0.518798828125
181.8,0.810546875,-15.625,2.1494921875,-0.523681640625
182.1,0.810546875,-17.578125,2.1494921875,0.057373046875
182.4,0.810546875,-22.4609375,2.1494921875,-0.579833984375
182.7,0.810546875,-8.7890625,2.13616210937,0.467529296875
183.0,0.810546875,3.90625,2.1494921875,-0.5810546875
183.3,0.810546875,-239.2578125,2.13616210937,0.467529296875
183.6,0.810546875,244.140625,2.13616210937,-0.574951171875
183.9,0.810546875,-269.53125,2.1494921875,0.443115234375
184.2,0.810546875,226.5625,2.1494921875,-0.576171875
184.5,0.810546875,-259.765625,2.1494921875,0.462646484375
184.8,0.810546875,140.625,2.13616210937,-0.57373046875
185.1,0.810546875,-220.703125,2.1494921875,0.423583984375
185.4,0.810546875,198.2421875,2.1494921875,-0.567626953125
185.7,0.810546875,-228.515625,2.1494921875,0.025634765625
186.0,0.810546875,110.3515625,2.1494921875,-0.546875
186.3,0.810546875,-189.453125,2.13616210937,-0.5029296875
186.6,0.810546875,50.78125,2.1494921875,-0.52490234375
186.9,0.810546875,-67.3828125,2.1494921875,-0.506591796875
187.2,0.810546875,-8.7890625,2.1494921875,-0.513916015625
187.5,0.810546875,-40.0390625,2.1494921875,-0.51513671875
187.8,0.810546875,-33.203125,2.1494921875,-0.513916015625
188.1,0.810546875,-8.7890625,2.13616210937,-0.52001953125
188.4,0.810546875,-14.6484375,2.1494921875,-0.521240234375
188.7,0.810546875,-19.53125,2.1494921875,-0.52490234375
189.0,0.810546875,-23.4375,2.1494921875,-0.50537109375
189.3,0.810546875,-17.578125,2.1494921875,-0.52734375
189.6,0.810546875,-7.8125,2.1494921875,-0.518798828125
189.9,0.810546875,-25.390625,2.1494921875,-0.242919921875
190.2,0.810546875,-21.484375,2.1494921875,-0.579833984375
190.5,0.810546875,-24.4140625,2.1494921875,0.4736328125
190.8,0.810546875,38.0859375,2.13616210937,-0.577392578125
191.1,0.810546875,-270.5078125,2.13616210937,0.4638671875
191.4,0.810546875,241.2109375,2.13616210937,-0.574951171875
191.7,0.810546875,-263.671875,2.1494921875,0.46142578125
192.0,0.810546875,177.734375,2.1494921875,-0.57373046875
192.3,0.810546875,-211.9140625,2.13616210937,0.433349609375
192.6,0.810546875,206.0546875,2.13616210937,-0.5712890625
192.9,0.810546875,-231.4453125,2.13616210937,0.029296875
193.2,0.810546875,99.609375,2.1494921875,-0.5419921875
193.5,0.810546875,-192.3828125,2.13616210937,-0.526123046875
193.8,0.810546875,40.0390625,2.13616210937,-0.513916015625
194.1,0.810546875,-22.4609375,2.1494921875,-0.528564453125
194.4,0.810546875,-23.4375,2.13616210937,-0.51513671875
194.7,0.810546875,-20.5078125,2.13616210937,-0.5224609375
195.0,0.810546875,-18.5546875,2.13616210937,-0.517578125
195.3,0.810546875,-20.5078125,2.1494921875,-0.52001953125
195.6,0.810546875,-28.3203125,2.1494921875,-0.51025390625
195.9,0.810546875,-12.6953125,2.1494921875,-0.516357421875
196.2,0.810546875,-10.7421875,2.1494921875,-0.516357421875
196.5,0.810546875,-11.71875,2.1494921875,-0.57373046875
196.8,0.810546875,-22.4609375,2.1494921875,0.46875
197.1,0.810546875,8.7890625,2.1494921875,-0.57861328125
197.4,0.810546875,-283.203125,2.13616210937,0.465087890625
197.7,0.810546875,237.3046875,2.1494921875,-0.57373046875
198.0,0.810546875,-267.578125,2.1494921875,0.462646484375
198.3,0.810546875,168.9453125,2.1494921875,-0.576171875
198.6,0.810546875,-222.65625,2.13616210937,0.41748046875
198.9,0.810546875,185.546875,2.1494921875,-0.570068359375
199.2,0.810546875,-231.4453125,2.13616210937,-0.123291015625
199.5,0.810546875,94.7265625,2.1494921875,-0.545654296875
199.8,0.810546875,-127.9296875,2.1494921875,-0.499267578125
200.1,0.810546875,-21.484375,2.13616210937,-0.517578125
200.4,0.810546875,-4.8828125,2.13616210937,-0.52490234375
200.7,0.810546875,-26.3671875,2.13616210937,-0.51513671875
201.0,0.810546875,-9.765625,2.1494921875,-0.513916015625
201.3,0.810546875,-20.5078125,2.1494921875,-0.5224609375
201.6,0.810546875,-14.6484375,2.1494921875,-0.517578125
201.9,0.810546875,-12.6953125,2.1494921875,-0.523681640625
202.2,0.810546875,-23.4375,2.13616210937,0.20751953125
202.5,0.810546875,-19.53125,2.1494921875,-0.57861328125
202.8,0.810546875,-47.8515625,2.1494921875,0.47119140625
203.1,0.810546875,293.9453125,2.1494921875,-0.576171875
203.4,0.810546875,-254.8828125,2.1494921875,0.443115234375
203.7,0.810546875,215.8203125,2.1494921875,-0.577392578125
204.0,0.810546875,-228.515625,2.1494921875,0.443115234375
204.3,0.810546875,161.1328125,2.1494921875,-0.570068359375
204.6,0.810546875,-248.046875,2.13616210937,0.029296875
204.9,0.810546875,103.515625,2.1494921875,-0.5419921875
205.2,0.810546875,-155.2734375,2.1494921875,-0.52001953125
205.5,0.810546875,13.671875,2.1494921875,-0.51513671875
205.8,0.810546875,-9.765625,2.1494921875,-0.526123046875
206.1,0.810546875,-24.4140625,2.1494921875,-0.51513671875
206.4,0.810546875,-12.6953125,2.1494921875,-0.528564453125
206.7,0.810546875,-18.5546875,2.1494921875,-0.523681640625
207.0,0.810546875,-10.7421875,2.1494921875,-0.5224609375
207.3,0.810546875,-28.3203125,2.1494921875,-0.511474609375
207.6,0.810546875,-23.4375,2.1494921875,0.465087890625
207.9,0.810546875,-282.2265625,2.1494921875,0.46875
208.2,0.810546875,239.2578125,2.13616210937,-0.57373046875
208.5,0.810546875,-263.671875,2.13616210937,0.460205078125
208.8,0.810546875,127.9296875,2.1494921875,-0.57373046875
209.1,0.810546875,-251.953125,2.1494921875,0.40771484375
209.4,0.810546875,101.5625,2.1494921875,-0.552978515625
209.7,0.810546875,-197.265625,2.1494921875,-0.5126953125
210.0,0.810546875,48.828125,2.1494921875,-0.5322265625
210.3,0.810546875,-57.6171875,2.13616210937,-0.52001953125
210.6,0.810546875,-25.390625,2.13616210937,-0.516357421875
210.9,0.810546875,-19.53125,2.1494921875,-0.5224609375
211.2,0.810546875,-31.25,2.1494921875,-0.513916015625
211.5,0.810546875,-20.5078125,2.13616210937,-0.521240234375
211.8,0.810546875,-24.4140625,2.1494921875,-0.521240234375
212.1,0.810546875,-14.6484375,2.1494921875,-0.521240234375
212.4,0.810546875,-25.390625,2.13616210937,-0.579833984375
212.7,0.810546875,81.0546875,2.1494921875,-0.57861328125
213.0,0.810546875,-252.9296875,2.13616210937,0.447998046875
213.3,0.810546875,232.421875,2.1494921875,0.450439453125
213.6,0.810546875,-245.1171875,2.1494921875,-0.557861328125
213.9,0.810546875,65.4296875,2.13616210937,-0.535888671875
214.2,0.810546875,-62.5,2.13616210937,-0.513916015625
214.5,0.810546875,-28.3203125,2.13616210937,-0.511474609375
214.8,0.810546875,-10.7421875,2.1494921875,-0.52490234375
215.1,0.810546875,-27.34375,2.13616210937,-0.521240234375
215.4,0.810546875,-19.53125,2.1494921875,-0.52001953125
215.7,0.810546875,-17.578125,2.1494921875,-0.521240234375
216.0,0.810546875,-13.671875,2.1494921875,-0.516357421875
216.3,0.810546875,-20.5078125,2.1494921875,0.46875
216.6,0.810546875,91.796875,2.1494921875,-0.57861328125
216.9,0.810546875,-259.765625,2.1494921875,0.433349609375
217.2,0.810546875,219.7265625,2.1494921875,-0.577392578125
217.5,0.810546875,117.1875,2.1494921875,-0.5712890625
217.8,0.810546875,-230.46875,2.13616210937,0.238037109375
218.1,0.810546875,109.375,2.1494921875,-0.5419921875
218.4,0.810546875,-174.8046875,2.13616210937,-0.501708984375
218.7,0.810546875,2.9296875,2.1494921875,-0.518798828125
219.0,0.810546875,-10.7421875,2.1494921875,-0.523681640625
219.3,0.810546875,-20.5078125,2.1494921875,-0.509033203125
219.6,0.810546875,-6.8359375,2.1494921875,-0.526123046875
219.9,0.810546875,-16.6015625,2.13616210937,-0.509033203125
220.2,0.810546875,-16.6015625,2.1494921875,-0.516357421875
220.5,0.810546875,-24.4140625,2.1494921875,-0.330810546875
220.8,0.810546875,-11.71875,2.13616210937,-0.5810546875
221.1,0.810546875,-16.6015625,2.13616210937,0.472412109375
221.4,0.810546875,274.4140625,2.1494921875,-0.57861328125
221.7,0.810546875,-274.4140625,2.1494921875,0.4443359375
222.0,0.810546875,208.984375,2.1494921875,-0.57861328125
222.3,0.810546875,-221.6796875,2.13616210937,0.44677734375
222.6,0.810546875,203.125,2.1494921875,-0.567626953125
222.9,0.810546875,-218.75,2.1494921875,-0.13427734375
223.2,0.810546875,81.0546875,2.13616210937,-0.5419921875
223.5,0.810546875,-115.234375,2.1494921875,-0.526123046875
223.8,0.810546875,-18.5546875,2.1494921875,-0.494384765625
224.1,0.810546875,-32.2265625,2.1494921875,-0.521240234375
224.4,0.810546875,-28.3203125,2.1494921875,-0.518798828125
224.7,0.810546875,-18.5546875,2.1494921875,-0.517578125
225.0,0.810546875,-20.5078125,2.13616210937,-0.51513671875
225.3,0.810546875,-13.671875,2.1494921875,-0.528564453125
225.6,0.810546875,-14.6484375,2.13616210937,-0.496826171875
225.9,0.810546875,-11.71875,2.1494921875,-0.517578125
226.2,0.810546875,-15.625,2.1494921875,0.474853515625
226.5,0.810546875,-17.578125,2.13616210937,-0.579833984375
226.8,0.810546875,-269.53125,2.1494921875,0.46875
227.1,0.810546875,238.28125,2.1494921875,-0.57373046875
227.4,0.810546875,-264.6484375,2.13616210937,0.46630859375
227.7,0.810546875,127.9296875,2.13616210937,-0.57373046875
228.0,0.810546875,-245.1171875,2.1494921875,0.41259765625
228.3,0.810546875,133.7890625,2.1494921875,-0.555419921875
228.6,0.810546875,-211.9140625,2.13616210937,-0.477294921875
228.9,0.810546875,54.6875,2.1494921875,-0.52978515625
229.2,0.810546875,-55.6640625,2.1494921875,-0.5322265625
229.5,0.810546875,-24.4140625,2.13616210937,-0.52001953125
229.8,0.810546875,4.8828125,2.1494921875,-0.526123046875
230.1,0.810546875,-9.765625,2.1494921875,-0.5224609375
230.4,0.810546875,-21.484375,2.1494921875,-0.521240234375
230.7,0.810546875,-15.625,2.1494921875,-0.517578125
231.0,0.810546875,-17.578125,2.1494921875,-0.52001953125
231.3,0.810546875,-26.3671875,2.1494921875,-0.517578125
231.6,0.810546875,-14.6484375,2.1494921875,-0.570068359375
231.9,0.810546875,-22.4609375,2.1494921875,0.46630859375
232.2,0.810546875,108.3984375,2.13616210937,-0.579833984375
232.5,0.810546875,-265.625,2.13616210937,0.45166015625
232.8,0.810546875,230.46875,2.1494921875,-0.574951171875
233.1,0.810546875,-255.859375,2.1494921875,0.452880859375
233.4,0.810546875,133.7890625,2.1494921875,-0.572509765625
233.7,0.810546875,-250.9765625,2.1494921875,0.284423828125
234.0,0.810546875,110.3515625,2.1494921875,-0.54931640625
234.3,0.810546875,-194.3359375,2.1494921875,-0.504150390625
234.6,0.810546875,42.96875,2.1494921875,-0.516357421875
234.9,0.810546875,-57.6171875,2.1494921875,-0.517578125
235.2,0.810546875,-26.3671875,2.1494921875,-0.5078125
235.5,0.810546875,-14.6484375,2.1494921875,-0.517578125
235.8,0.810546875,-21.484375,2.1494921875,-0.526123046875
236.1,0.810546875,-13.671875,2.1494921875,-0.517578125
236.4,0.810546875,-31.25,2.1494921875,-0.517578125
236.7,0.810546875,-13.671875,2.1494921875,-0.52734375
237.0,0.810546875,-8.7890625,2.1494921875,-0.51513671875
237.3,0.810546875,-18.5546875,2.13616210937,-0.56640625
237.6,0.810546875,-19.53125,2.13616210937,0.46630859375
237.9,0.810546875,41.015625,2.1494921875,-0.579833984375
238.2,0.810546875,-271.484375,2.1494921875,0.452880859375
238.5,0.810546875,250.0,2.1494921875,-0.576171875
238.8,0.810546875,-258.7890625,2.13616210937,0.4638671875
239.1,0.810546875,120.1171875,2.1494921875,-0.574951171875
239.4,0.810546875,135.7421875,2.13616210937,-0.556640625
239.7,0.810546875,-189.453125,2.1494921875,-0.460205078125
240.0,0.810546875,67.3828125,2.1494921875,-0.52978515625
240.3,0.810546875,-83.984375,2.1494921875,-0.52001953125
240.6,0.810546875,-11.71875,2.1494921875,-0.496826171875
240.9,0.810546875,-2.9296875,2.1494921875,-0.52001953125
241.2,0.810546875,-15.625,2.1494921875,-0.521240234375
241.5,0.810546875,-25.390625,2.1494921875,-0.51513671875
241.8,0.810546875,-12.6953125,2.1494921875,-0.5224609375
242.1,0.810546875,-16.6015625,2.1494921875,-0.518798828125
242.4,0.810546875,-17.578125,2.1494921875,-0.52001953125
242.7,0.810546875,-21.484375,2.13616210937,0.4736328125
243.0,0.810546875,-212.890625,2.1494921875,0.469970703125
243.3,0.810546875,-260.7421875,2.1494921875,0.4541015625
243.6,0.810546875,182.6171875,2.1494921875,-0.574951171875
243.9,0.810546875,-238.28125,2.1494921875,0.42724609375
244.2,0.810546875,190.4296875,2.13616210937,-0.560302734375
244.5,0.810546875,-213.8671875,2.1494921875,-0.281982421875
244.8,0.810546875,72.265625,2.1494921875,-0.53955078125
245.1,0.810546875,-90.8203125,2.13616210937,-0.52490234375
245.4,0.810546875,-9.765625,2.1494921875,-0.52490234375
245.7,0.810546875,-30.2734375,2.1494921875,-0.52490234375
246.0,0.810546875,-22.4609375,2.1494921875,-0.52490234375
246.3,0.810546875,-19.53125,2.1494921875,-0.52001953125
246.6,0.810546875,-22.4609375,2.1494921875,-0.506591796875
246.9,0.810546875,-12.6953125,2.13616210937,-0.52490234375
247.2,0.810546875,-18.5546875,2.1494921875,-0.518798828125
247.5,0.810546875,-18.5546875,2.1494921875,-0.526123046875
247.8,0.810546875,-18.5546875,2.13616210937,0.46875
248.1,0.810546875,-17.578125,2.1494921875,-0.57861328125
248.4,0.810546875,-272.4609375,2.13616210937,0.469970703125
248.7,0.810546875,227.5390625,2.1494921875,-0.572509765625
249.0,0.810546875,-265.625,2.13616210937,0.46142578125
249.3,0.810546875,135.7421875,2.1494921875,-0.577392578125
249.6,0.810546875,-240.234375,2.1494921875,0.404052734375
249.9,0.810546875,152.34375,2.1494921875,-0.560302734375
250.2,0.810546875,-210.9375,2.1494921875,-0.400390625
250.5,0.810546875,74.21875,2.1494921875,-0.538330078125
250.8,0.810546875,-92.7734375,2.1494921875,-0.523681640625
251.1,0.810546875,-12.6953125,2.1494921875,-0.49072265625
251.4,0.810546875,-14.6484375,2.13616210937,-0.513916015625
251.7,0.810546875,-24.4140625,2.1494921875,-0.518798828125
252.0,0.810546875,-14.6484375,2.1494921875,-0.528564453125
252.3,0.810546875,-18.5546875,2.1494921875,-0.518798828125
252.6,0.810546875,-17.578125,2.1494921875,-0.528564453125
252.9,0.810546875,-20.5078125,2.13616210937,-0.48828125
253.2,0.810546875,-23.4375,2.1494921875,-0.521240234375
253.5,0.810546875,-27.34375,2.1494921875,0.086669921875
253.8,0.810546875,-13.671875,2.1494921875,-0.577392578125
254.1,0.810546875,-46.875,2.1494921875,0.47119140625
254.4,0.810546875,287.109375,2.1494921875,-0.57861328125
254.7,0.810546875,-260.7421875,2.1494921875,0.4443359375
255.0,0.810546875,221.6796875,2.1494921875,-0.57861328125
255.3,0.810546875,-226.5625,2.13616210937,0.445556640625
255.6,0.810546875,165.0390625,2.1494921875,-0.570068359375
255.9,0.810546875,-239.2578125,2.1494921875,0.135498046875
256.2,0.810546875,104.4921875,2.13616210937,-0.5419921875
256.5,0.810546875,-180.6640625,2.1494921875,-0.5126953125
256.8,0.810546875,32.2265625,2.13616210937,-0.513916015625
257.1,0.810546875,-60.546875,2.1494921875,-0.52490234375
257.4,0.810546875,-31.25,2.13616210937,-0.523681640625
257.7,0.810546875,-10.7421875,2.1494921875,-0.52490234375
258.0,0.810546875,-20.5078125,2.1494921875,-0.517578125
258.3,0.810546875,-25.390625,2.13616210937,-0.5078125
258.6,0.810546875,-18.5546875,2.1494921875,-0.52490234375
258.9,0.810546875,-9.765625,2.1494921875,-0.531005859375
259.2,0.810546875,-20.5078125,2.13616210937,0.47607421875
259.5,0.810546875,-16.6015625,2.1494921875,-0.57861328125
259.8,0.810546875,-260.7421875,2.1494921875,0.469970703125
260.1,0.810546875,233.3984375,2.1494921875,-0.57373046875
260.4,0.810546875,-267.578125,2.13616210937,0.465087890625
260.7,0.810546875,151.3671875,2.13616210937,-0.574951171875
261.0,0.810546875,-245.1171875,2.1494921875,0.406494140625
261.3,0.810546875,137.6953125,2.13616210937,-0.5615234375
261.6,0.810546875,-224.609375,2.13616210937,-0.3955078125
261.9,0.810546875,77.1484375,2.13616210937,-0.528564453125
262.2,0.810546875,-84.9609375,2.13616210937,-0.5224609375
262.5,0.810546875,-12.6953125,2.13616210937,-0.48828125
262.8,0.810546875,-18.5546875,2.12283203125,-0.52490234375
263.1,0.810546875,-36.1328125,2.1494921875,-0.513916015625
263.4,0.810546875,-25.390625,2.13616210937,-0.5224609375
263.7,0.810546875,-12.6953125,2.1494921875,-0.52978515625
264.0,0.810546875,-22.4609375,2.1494921875,-0.49560546875
264.3,0.810546875,-16.6015625,2.13616210937,-0.513916015625
264.6,0.810546875,-13.671875,2.1494921875,0.201416015625
264.9,0.810546875,-20.5078125,2.1494921875,-0.577392578125
265.2,0.810546875,-125.0,2.1494921875,0.469970703125
265.5,0.810546875,232.421875,2.1494921875,-0.576171875
265.8,0.810546875,-267.578125,2.1494921875,0.4541015625
266.1,0.810546875,204.1015625,2.13616210937,-0.576171875
266.4,0.810546875,-221.6796875,2.1494921875,0.42724609375
266.7,0.810546875,171.875,2.1494921875,-0.56640625
267.0,0.810546875,-217.7734375,2.13616210937,-0.267333984375
267.3,0.810546875,88.8671875,2.13616210937,-0.5419921875
267.6,0.810546875,-104.4921875,2.13616210937,-0.513916015625
267.9,0.810546875,-17.578125,2.1494921875,-0.516357421875
268.2,0.810546875,-29.296875,2.1494921875,-0.52978515625
268.5,0.810546875,-32.2265625,2.13616210937,-0.528564453125
268.8,0.810546875,-18.5546875,2.1494921875,-0.509033203125
269.1,0.810546875,-27.34375,2.1494921875,-0.52001953125
269.4,0.810546875,-26.3671875,2.13616210937,-0.52490234375
269.7,0.810546875,-18.5546875,2.1494921875,0.0390625
270.0,0.810546875,-7.8125,2.1494921875,-0.577392578125
270.3,0.810546875,-61.5234375,2.1494921875,0.47119140625
270.6,0.810546875,279.296875,2.13616210937,-0.576171875
270.9,0.810546875,-263.671875,2.1494921875,0.443115234375
271.2,0.810546875,203.125,2.1494921875,-0.577392578125
271.5,0.810546875,-233.3984375,2.1494921875,0.435791015625
271.8,0.810546875,184.5703125,2.13616210937,-0.570068359375
272.1,0.810546875,-229.4921875,2.13616210937,-0.084228515625
272.4,0.810546875,93.75,2.1494921875,-0.543212890625
272.7,0.810546875,-133.7890625,2.1494921875,-0.52001953125
273.0,0.810546875,0.0,2.1494921875,-0.484619140625
273.3,0.810546875,-55.6640625,2.1494921875,-0.521240234375
273.6,0.810546875,-20.5078125,2.1494921875,-0.516357421875
273.9,0.810546875,-14.6484375,2.1494921875,-0.52490234375
274.2,0.810546875,-11.71875,2.1494921875,-0.494384765625
274.5,0.810546875,-20.5078125,2.1494921875,-0.518798828125
274.8,0.810546875,-19.53125,2.1494921875,-0.506591796875
275.1,0.810546875,-17.578125,2.1494921875,-0.521240234375
275.4,0.810546875,-18.5546875,2.1494921875,-0.460205078125
275.7,0.810546875,-8.7890625,2.1494921875,-0.579833984375
276.0,0.810546875,-25.390625,2.1494921875,0.469970703125
276.3,0.810546875,121.09375,2.13616210937,-0.57861328125
276.6,0.810546875,-256.8359375,2.1494921875,0.452880859375
276.9,0.810546875,241.2109375,2.1494921875,-0.574951171875
277.2,0.810546875,-267.578125,2.13616210937,0.458984375
277.5,0.810546875,-258.7890625,2.13616210937,0.428466796875
277.8,0.810546875,145.5078125,2.1494921875,-0.56396484375
278.1,0.810546875,-213.8671875,2.1494921875,-0.321044921875
278.4,0.810546875,77.1484375,2.1494921875,-0.540771484375
278.7,0.810546875,-108.3984375,2.1494921875,-0.52978515625
279.0,0.810546875,2.9296875,2.13616210937,-0.499267578125
279.3,0.810546875,-41.015625,2.1494921875,-0.526123046875
279.6,0.810546875,-27.34375,2.13616210937,-0.526123046875
279.9,0.810546875,-11.71875,2.1494921875,-0.517578125
280.2,0.810546875,-10.7421875,2.1494921875,-0.51025390625
280.5,0.810546875,-10.7421875,2.12283203125,-0.528564453125
280.8,0.810546875,-14.6484375,2.1494921875,-0.521240234375
281.1,0.810546875,-27.34375,2.1494921875,-0.518798828125
281.4,0.810546875,-16.6015625,2.13616210937,-0.518798828125
281.7,0.810546875,-14.6484375,2.1494921875,-0.552978515625
282.0,0.810546875,-19.53125,2.1494921875,0.467529296875
282.3,0.810546875,-1.953125,2.1494921875,-0.57861328125
282.6,0.810546875,-279.296875,2.1494921875,0.46875
282.9,0.810546875,223.6328125,2.1494921875,-0.57373046875
283.2,0.810546875,-261.71875,2.1494921875,0.452880859375
283.5,0.810546875,201.171875,2.1494921875,-0.574951171875
283.8,0.810546875,-209.9609375,2.13616210937,0.43701171875
284.1,0.810546875,196.2890625,2.1494921875,-0.570068359375
284.4,0.810546875,-245.1171875,2.13616210937,0.052490234375
284.7,0.810546875,98.6328125,2.1494921875,-0.5419921875
285.0,0.810546875,-177.734375,2.1494921875,-0.52001953125
285.3,0.810546875,23.4375,2.1494921875,-0.526123046875
285.6,0.810546875,-61.5234375,2.1494921875,-0.513916015625
285.9,0.810546875,-18.5546875,2.13616210937,-0.511474609375
286.2,0.810546875,-9.765625,2.1494921875,-0.52001953125
286.5,0.810546875,-34.1796875,2.13616210937,-0.511474609375
286.8,0.810546875,-16.6015625,2.1494921875,-0.521240234375
287.1,0.810546875,-36.1328125,2.1494921875,-0.52001953125
287.4,0.810546875,-13.671875,2.1494921875,-0.517578125
287.7,0.810546875,-12.6953125,2.1494921875,-0.52001953125
288.0,0.810546875,-12.6953125,2.1494921875,-0.518798828125
288.3,0.810546875,-18.5546875,2.1494921875,-0.52490234375
288.6,0.810546875,-23.4375,2.1494921875,-0.533447265625
288.9,0.810546875,-18.5546875,2.1494921875,0.47119140625
289.2,0.810546875,-19.53125,2.13616210937,-0.576171875
289.5,0.810546875,-58.59375,2.13616210937,0.47119140625
289.8,0.810546875,273.4375,2.13616210937,-0.57861328125
290.1,0.810546875,-261.71875,2.13616210937,0.445556640625
290.4,0.810546875,227.5390625,2.13616210937,-0.577392578125
290.7,0.810546875,-256.8359375,2.1494921875,0.4638671875
291.0,0.810546875,121.09375,2.1494921875,-0.572509765625
291.3,0.810546875,-253.90625,2.1494921875,0.413818359375
291.6,0.810546875,166.015625,2.1494921875,-0.562744140625
291.9,0.810546875,-237.3046875,2.1494921875,-0.108642578125
292.2,0.810546875,85.9375,2.1494921875,-0.538330078125
292.5,0.810546875,-170.8984375,2.1494921875,-0.5224609375
292.8,0.810546875,30.2734375,2.1494921875,-0.526123046875
293.1,0.810546875,-54.6875,2.13616210937,-0.5322265625
293.4,0.810546875,-17.578125,2.1494921875,-0.51513671875
293.7,0.810546875,-4.8828125,2.1494921875,-0.523681640625
294.0,0.810546875,-12.6953125,2.1494921875,-0.52001953125
294.3,0.810546875,-9.765625,2.1494921875,-0.521240234375
294.6,0.810546875,-26.3671875,2.1494921875,-0.517578125
294.9,0.810546875,-18.5546875,2.13616210937,-0.518798828125
295.2,0.810546875,-18.5546875,2.1494921875,-0.5078125
295.5,0.810546875,-12.6953125,2.1494921875,-0.516357421875
295.8,0.810546875,-20.5078125,2.1494921875,-0.528564453125
296.1,0.810546875,-20.5078125,2.13616210937,-0.523681640625
296.4,0.810546875,-23.4375,2.1494921875,0.34912109375
296.7,0.810546875,-16.6015625,2.1494921875,-0.577392578125
297.0,0.810546875,-19.53125,2.1494921875,0.472412109375
297.3,0.810546875,221.6796875,2.13616210937,-0.57861328125
297.6,0.810546875,-269.53125,2.1494921875,0.450439453125
297.9,0.810546875,233.3984375,2.1494921875,-0.574951171875
298.2,0.810546875,-257.8125,2.13616210937,0.4638671875
298.5,0.810546875,183.59375,2.13616210937,-0.57373046875
298.8,0.810546875,-214.84375,2.1494921875,0.42236328125
299.1,0.810546875,199.21875,2.1494921875,-0.56640625
299.4,0.810546875,-234.375,2.13616210937,0.096435546875
299.7,0.810546875,126.953125,2.1494921875,-0.543212890625
300.0,0.810546875,-203.125,2.1494921875,-0.517578125
300.3,0.810546875,51.7578125,2.1494921875,-0.52734375
300.6,0.810546875,-82.03125,2.1494921875,-0.526123046875
300.9,0.810546875,-18.5546875,2.13616210937,-0.498046875
301.2,0.810546875,-31.25,2.1494921875,-0.518798828125
301.5,0.810546875,-27.34375,2.1494921875,-0.5224609375
301.8,0.810546875,-13.671875,2.13616210937,-0.518798828125
302.1,0.810546875,-18.5546875,2.1494921875,-0.5224609375
302.4,0.810546875,-21.484375,2.1494921875,-0.521240234375
302.7,0.810546875,-12.6953125,2.1494921875,-0.521240234375
303.0,0.810546875,-17.578125,2.1494921875,-0.51513671875
303.3,0.810546875,-15.625,2.1494921875,-0.521240234375
303.6,0.810546875,-15.625,2.1494921875,-0.4638671875
303.9,0.810546875,-17.578125,2.13616210937,-0.577392578125
304.2,0.810546875,-16.6015625,2.1494921875,0.46630859375
304.5,0.810546875,-5.859375,2.1494921875,-0.577392578125
304.8,0.810546875,-233.3984375,2.1494921875,0.472412109375
305.1,0.810546875,217.7734375,2.13616210937,-0.574951171875
305.4,0.810546875,-257.8125,2.1494921875,0.44921875
305.7,0.810546875,216.796875,2.13616210937,-0.574951171875
306.0,0.810546875,-232.421875,2.1494921875,0.44921875
306.3,0.810546875,155.2734375,2.1494921875,0.2978515625
306.6,0.810546875,-208.984375,2.13616210937,-0.465087890625
306.9,0.810546875,80.078125,2.1494921875,-0.5419921875
307.2,0.810546875,-107.421875,2.1494921875,-0.52490234375
307.5,0.810546875,-4.8828125,2.13616210937,-0.52001953125
307.8,0.810546875,-49.8046875,2.13616210937,-0.511474609375
308.1,0.810546875,-23.4375,2.1494921875,-0.5224609375
308.4,0.810546875,-10.7421875,2.13616210937,-0.52734375
308.7,0.810546875,-24.4140625,2.13616210937,-0.498046875
309.0,0.810546875,-27.34375,2.1494921875,-0.528564453125
309.3,0.810546875,-23.4375,2.1494921875,-0.51513671875
309.6,0.810546875,-21.484375,2.13616210937,-0.5126953125
309.9,0.810546875,-25.390625,2.1494921875,-0.5029296875
310.2,0.810546875,-15.625,2.1494921875,-0.518798828125
310.5,0.810546875,-33.203125,2.1494921875,-0.4638671875
310.8,0.810546875,-14.6484375,2.1494921875,-0.57373046875
311.1,0.810546875,-19.53125,2.1494921875,0.467529296875
311.4,0.810546875,-9.765625,2.13616210937,-0.57861328125
311.7,0.810546875,-228.515625,2.13616210937,0.46875
312.0,0.810546875,226.5625,2.1494921875,-0.572509765625
312.3,0.810546875,-282.2265625,2.1494921875,0.445556640625
312.6,0.810546875,250.0,2.1494921875,-0.576171875
312.9,0.810546875,-248.046875,2.13616210937,0.452880859375
313.2,0.810546875,114.2578125,2.13616210937,-0.572509765625
313.5,0.810546875,-250.9765625,2.1494921875,0.401611328125
313.8,0.810546875,162.109375,2.1494921875,-0.560302734375
314.1,0.810546875,-216.796875,2.13616210937,-0.230712890625
314.4,0.810546875,90.8203125,2.1494921875,-0.537109375
314.7,0.810546875,25.390625,2.1494921875,-0.499267578125
315.0,0.810546875,-75.1953125,2.1494921875,-0.523681640625
315.3,0.810546875,0.9765625,2.1494921875,-0.516357421875
315.6,0.810546875,-14.6484375,2.1494921875,-0.518798828125
315.9,0.810546875,-36.1328125,2.13616210937,-0.518798828125
316.2,0.810546875,-9.765625,2.1494921875,-0.52734375
316.5,0.810546875,-20.5078125,2.13616210937,-0.5126953125
316.8,0.810546875,-9.765625,2.13616210937,-0.516357421875
317.1,0.810546875,-15.625,2.1494921875,-0.521240234375
317.4,0.810546875,-24.4140625,2.1494921875,-0.51513671875
317.7,0.810546875,-32.2265625,2.1494921875,0.185546875
318.0,0.810546875,-21.484375,2.1494921875,-0.57861328125
318.3,0.810546875,-31.25,2.1494921875,0.472412109375
318.6,0.810546875,122.0703125,2.13616210937,-0.577392578125
318.9,0.810546875,-270.5078125,2.1494921875,0.457763671875
319.2,0.810546875,-264.6484375,2.13616210937,0.45654296875
319.5,0.810546875,183.59375,2.13616210937,-0.576171875
319.8,0.810546875,-219.7265625,2.1494921875,0.41748046875
320.1,0.810546875,185.546875,2.13616210937,0.157470703125
320.4,0.810546875,-202.1484375,2.13616210937,-0.496826171875
320.7,0.810546875,55.6640625,2.1494921875,-0.535888671875
321.0,0.810546875,-81.0546875,2.13616210937,-0.528564453125
321.3,0.810546875,-11.71875,2.1494921875,-0.518798828125
321.6,0.810546875,-42.96875,2.1494921875,-0.531005859375
321.9,0.810546875,-31.25,2.1494921875,-0.5224609375
322.2,0.810546875,-15.625,2.13616210937,-0.513916015625
322.5,0.810546875,-26.3671875,2.1494921875,-0.51513671875
322.8,0.810546875,-13.671875,2.1494921875,-0.517578125
323.1,0.810546875,-30.2734375,2.1494921875,-0.521240234375
323.4,0.810546875,-4.8828125,2.1494921875,-0.52490234375
323.7,0.810546875,-20.5078125,2.1494921875,0.467529296875
324.0,0.810546875,-15.625,2.1494921875,-0.57861328125
324.3,0.810546875,-94.7265625,2.1494921875,0.469970703125
324.6,0.810546875,277.34375,2.1494921875,-0.57861328125
324.9,0.810546875,-275.390625,2.13616210937,0.4443359375
325.2,0.810546875,224.609375,2.13616210937,-0.57861328125
325.5,0.810546875,-221.6796875,2.1494921875,0.443115234375
325.8,0.810546875,-256.8359375,2.1494921875,0.301513671875
326.1,0.810546875,128.90625,2.13616210937,-0.477294921875
326.4,0.810546875,-91.796875,2.1494921875,-0.533447265625
326.7,0.810546875,-4.8828125,2.1494921875,-0.518798828125
327.0,0.810546875,-33.203125,2.13616210937,-0.523681640625
327.3,0.810546875,-27.34375,2.13616210937,-0.516357421875
327.6,0.810546875,-22.4609375,2.13616210937,-0.5224609375
327.9,0.810546875,-25.390625,2.1494921875,-0.518798828125
328.2,0.810546875,-13.671875,2.13616210937,-0.509033203125
328.5,0.810546875,-26.3671875,2.13616210937,-0.517578125
328.8,0.810546875,-6.8359375,2.1494921875,-0.521240234375
329.1,0.810546875,-7.8125,2.1494921875,-0.2587890625
329.4,0.810546875,-16.6015625,2.1494921875,-0.57861328125
329.7,0.810546875,-21.484375,2.1494921875,0.4736328125
330.0,0.810546875,259.765625,2.13616210937,-0.57861328125
330.3,0.810546875,-256.8359375,2.16282226563,0.45166015625
330.6,0.810546875,222.65625,2.1494921875,-0.576171875
330.9,0.810546875,-235.3515625,2.1494921875,0.44677734375
331.2,0.810546875,163.0859375,2.1494921875,-0.5712890625
331.5,0.810546875,-243.1640625,2.1494921875,0.21728515625
331.8,0.810546875,98.6328125,2.1494921875,-0.548095703125
332.1,0.810546875,-184.5703125,2.1494921875,-0.5029296875
332.4,0.810546875,45.8984375,2.1494921875,-0.51513671875
332.7,0.810546875,-52.734375,2.1494921875,-0.509033203125
333.0,0.810546875,-25.390625,2.1494921875,-0.521240234375
333.3,0.810546875,-7.8125,2.1494921875,-0.523681640625
333.6,0.810546875,-23.4375,2.1494921875,-0.526123046875
333.9,0.810546875,-19.53125,2.13616210937,-0.5224609375
334.2,0.810546875,-16.6015625,2.1494921875,-0.521240234375
334.5,0.810546875,-19.53125,2.1494921875,-0.516357421875
334.8,0.810546875,-27.34375,2.1494921875,-0.516357421875
335.1,0.810546875,-25.390625,2.1494921875,-0.548095703125
335.4,0.810546875,-17.578125,2.1494921875,0.47119140625
335.7,0.810546875,-11.71875,2.1494921875,-0.57861328125
336.0,0.810546875,-275.390625,2.1494921875,0.469970703125
336.3,0.810546875,241.2109375,2.1494921875,-0.57373046875
336.6,0.810546875,-262.6953125,2.1494921875,0.458984375
336.9,0.810546875,141.6015625,2.1494921875,-0.57373046875
337.2,0.810546875,-235.3515625,2.1494921875,0.42236328125
337.5,0.810546875,142.578125,2.13616210937,-0.555419921875
337.8,0.810546875,-204.1015625,2.1494921875,-0.32958984375
338.1,0.810546875,68.359375,2.13616210937,-0.5419921875
338.4,0.810546875,-87.890625,2.16282226563,-0.526123046875
338.7,0.810546875,-12.6953125,2.13616210937,-0.51513671875
339.0,0.810546875,-31.25,2.1494921875,-0.51513671875
339.3,0.810546875,-13.671875,2.13616210937,-0.526123046875
339.6,0.810546875,-21.484375,2.1494921875,-0.518798828125
339.9,0.810546875,-0.9765625,2.1494921875,-0.52001953125
340.2,0.810546875,-13.671875,2.1494921875,-0.5126953125
340.5,0.810546875,-11.71875,2.1494921875,-0.52490234375
340.8,0.810546875,-15.625,2.13616210937,-0.518798828125
341.1,0.810546875,-18.5546875,2.1494921875,-0.565185546875
341.4,0.810546875,-22.4609375,2.1494921875,0.46630859375
341.7,0.810546875,1.953125,2.13616210937,-0.57861328125
342.0,0.810546875,-278.3203125,2.13616210937,0.47119140625
342.3,0.810546875,240.234375,2.13616210937,-0.57373046875
342.6,0.810546875,-258.7890625,2.1494921875,0.462646484375
342.9,0.810546875,158.203125,2.1494921875,-0.574951171875
343.2,0.810546875,-210.9375,2.1494921875,0.428466796875
343.5,0.810546875,175.78125,2.1494921875,-0.56396484375
343.8,0.810546875,-234.375,2.1494921875,-0.096435546875
344.1,0.810546875,83.0078125,2.1494921875,-0.543212890625
344.4,0.810546875,-156.25,2.1494921875,-0.513916015625
344.7,0.810546875,24.4140625,2.1494921875,-0.491943359375
345.0,0.810546875,-63.4765625,2.13616210937,-0.526123046875
345.3,0.810546875,-21.484375,2.13616210937,-0.521240234375
345.6,0.810546875,-13.671875,2.1494921875,-0.5224609375
345.9,0.810546875,-17.578125,2.1494921875,-0.52001953125
346.2,0.810546875,-14.6484375,2.1494921875,-0.52001953125
346.5,0.810546875,-8.7890625,2.1494921875,-0.518798828125
346.8,0.810546875,-3.90625,2.1494921875,-0.516357421875
347.1,0.810546875,-18.5546875,2.1494921875,-0.513916015625
347.4,0.810546875,-25.390625,2.1494921875,-0.523681640625
347.7,0.810546875,-24.4140625,2.1494921875,0.4296875
348.0,0.810546875,-19.53125,2.1494921875,-0.57861328125
348.3,0.810546875,-54.6875,2.1494921875,0.472412109375
348.6,0.810546875,278.3203125,2.13616210937,-0.577392578125
348.9,0.810546875,-268.5546875,2.1494921875,0.428466796875
349.2,0.810546875,226.5625,2.1494921875,-0.57373046875
349.5,0.810546875,-228.515625,2.13616210937,0.4443359375
349.8,0.810546875,128.90625,2.1494921875,-0.572509765625
350.1,0.810546875,-254.8828125,2.1494921875,0.240478515625
350.4,0.810546875,102.5390625,2.13616210937,-0.550537109375
350.7,0.810546875,-193.359375,2.13616210937,-0.484619140625
351.0,0.810546875,55.6640625,2.13616210937,-0.52978515625
351.3,0.810546875,-73.2421875,2.1494921875,-0.5224609375
351.6,0.810546875,-36.1328125,2.1494921875,-0.51513671875
351.9,0.810546875,-13.671875,2.1494921875,-0.518798828125
352.2,0.810546875,-22.4609375,2.1494921875,-0.511474609375
352.5,0.810546875,-17.578125,2.1494921875,-0.5224609375
352.8,0.810546875,-19.53125,2.13616210937,-0.506591796875
353.1,0.810546875,-21.484375,2.1494921875,-0.523681640625
353.4,0.810546875,-2.9296875,2.13616210937,-0.52001953125
353.7,0.810546875,-6.8359375,2.1494921875,-0.56396484375
354.0,0.810546875,-14.6484375,2.1494921875,0.467529296875
354.3,0.810546875,4.8828125,2.1494921875,-0.57861328125
354.6,0.810546875,-271.484375,2.1494921875,0.46630859375
354.9,0.810546875,250.9765625,2.1494921875,-0.57373046875
355.2,0.810546875,-260.7421875,2.1494921875,0.465087890625
355.5,0.810546875,158.203125,2.1494921875,-0.574951171875
355.8,0.810546875,-243.1640625,2.13616210937,0.42724609375
356.1,0.810546875,172.8515625,2.1494921875,-0.56640625
356.4,0.810546875,-216.796875,2.1494921875,-0.169677734375
356.7,0.810546875,86.9140625,2.1494921875,-0.5419921875
357.0,0.810546875,-133.7890625,2.13616210937,-0.52490234375
357.3,0.810546875,-7.8125,2.1494921875,-0.499267578125
357.6,0.810546875,-51.7578125,2.1494921875,-0.521240234375
357.9,0.810546875,-25.390625,2.1494921875,-0.517578125
358.2,0.810546875,-11.71875,2.1494921875,-0.521240234375
358.5,0.810546875,-24.4140625,2.1494921875,-0.523681640625
358.8,0.810546875,-20.5078125,2.1494921875,-0.5224609375
359.1,0.810546875,-5.859375,2.1494921875,-0.521240234375
359.4,0.810546875,-30.2734375,2.13616210937,-0.51513671875
359.7,0.810546875,-19.53125,2.13616210937,-0.56396484375
360.0,0.810546875,-22.4609375,2.1494921875,0.46630859375
360.3,0.810546875,20.5078125,2.1494921875,-0.579833984375
360.6,0.810546875,-274.4140625,2.13616210937,0.465087890625
360.9,0.810546875,258.7890625,2.1494921875,-0.57373046875
361.2,0.810546875,-259.765625,2.1494921875,0.460205078125
361.5,0.810546875,137.6953125,2.1494921875,-0.57373046875
361.8,0.810546875,-246.09375,2.1494921875,0.42236328125
362.1,0.810546875,129.8828125,2.1494921875,-0.557861328125
362.4,0.810546875,-206.0546875,2.13616210937,-0.41259765625
362.7,0.810546875,55.6640625,2.1494921875,-0.53466796875
363.0,0.810546875,-75.1953125,2.1494921875,-0.51513671875
363.3,0.810546875,-16.6015625,2.1494921875,-0.49560546875
363.6,0.810546875,-17.578125,2.1494921875,-0.517578125
363.9,0.810546875,-32.2265625,2.1494921875,-0.521240234375
364.2,0.810546875,-18.5546875,2.1494921875,-0.517578125
364.5,0.810546875,-28.3203125,2.13616210937,-0.52490234375
364.8,0.810546875,-11.71875,2.1494921875,-0.5224609375
365.1,0.810546875,-23.4375,2.1494921875,-0.51025390625
365.4,0.810546875,-19.53125,2.1494921875,0.028076171875
365.7,0.810546875,-12.6953125,2.1494921875,-0.577392578125
366.0,0.810546875,-39.0625,2.13616210937,0.472412109375
366.3,0.810546875,287.109375,2.1494921875,-0.577392578125
366.6,0.810546875,-269.53125,2.13616210937,0.447998046875
366.9,0.810546875,200.1953125,2.1494921875,-0.577392578125
367.2,0.810546875,-223.6328125,2.1494921875,0.447998046875
367.5,0.810546875,198.2421875,2.13616210937,-0.570068359375
367.8,0.810546875,-219.7265625,2.1494921875,0.01708984375
368.1,0.810546875,90.8203125,2.1494921875,-0.543212890625
368.4,0.810546875,-150.390625,2.1494921875,-0.51513671875
368.7,0.810546875,3.90625,2.1494921875,-0.51025390625
369.0,0.810546875,-43.9453125,2.1494921875,-0.523681640625
369.3,0.810546875,-38.0859375,2.1494921875,-0.5078125
369.6,0.810546875,-17.578125,2.13616210937,-0.52001953125
369.9,0.810546875,-13.671875,2.13616210937,-0.521240234375
370.2,0.810546875,-14.6484375,2.1494921875,-0.516357421875
370.5,0.810546875,-11.71875,2.13616210937,-0.521240234375
370.8,0.810546875,-23.4375,2.1494921875,-0.523681640625
371.1,0.810546875,-14.6484375,2.1494921875,-0.577392578125
371.4,0.810546875,-20.5078125,2.1494921875,0.4736328125
371.7,0.810546875,-261.71875,2.13616210937,0.452880859375
372.0,0.810546875,238.28125,2.1494921875,-0.574951171875
372.3,0.810546875,-250.9765625,2.13616210937,0.45654296875
372.6,0.810546875,116.2109375,2.13616210937,-0.5712890625
372.9,0.810546875,-250.9765625,2.13616210937,0.281982421875
373.2,0.810546875,103.515625,2.1494921875,-0.5517578125
373.5,0.810546875,-189.453125,2.1494921875,-0.5126953125
373.8,0.810546875,31.25,2.1494921875,-0.51513671875
374.1,0.810546875,-42.96875,2.13616210937,-0.5224609375
374.4,0.810546875,-17.578125,2.1494921875,-0.51513671875
374.7,0.810546875,-16.6015625,2.1494921875,-0.52001953125
375.0,0.810546875,-30.2734375,2.1494921875,-0.5126953125
375.3,0.810546875,-15.625,2.1494921875,-0.523681640625
375.6,0.810546875,-23.4375,2.1494921875,-0.5126953125
375.9,0.810546875,-26.3671875,2.1494921875,-0.50537109375
376.2,0.810546875,-18.5546875,2.1494921875,-0.55908203125
376.5,0.810546875,-18.5546875,2.1494921875,0.465087890625
376.8,0.810546875,41.9921875,2.1494921875,-0.57861328125
377.1,0.810546875,-276.3671875,2.1494921875,0.4443359375
377.4,0.810546875,-249.0234375,2.13616210937,0.462646484375
377.7,0.810546875,109.375,2.1494921875,-0.572509765625
378.0,0.810546875,-245.1171875,2.13616210937,0.3515625
378.3,0.810546875,129.8828125,2.1494921875,-0.5517578125
378.6,0.810546875,-196.2890625,2.1494921875,-0.513916015625
378.9,0.810546875,43.9453125,2.1494921875,-0.52734375
379.2,0.810546875,-63.4765625,2.13616210937,-0.52001953125
379.5,0.810546875,-20.5078125,2.1494921875,-0.51513671875
379.8,0.810546875,-1.953125,2.1494921875,-0.516357421875
380.1,0.810546875,-24.4140625,2.13616210937,-0.5224609375
380.4,0.810546875,-11.71875,2.1494921875,-0.521240234375
380.7,0.810546875,-11.71875,2.1494921875,-0.517578125
381.0,0.810546875,-24.4140625,2.1494921875,-0.5224609375
381.3,0.810546875,-12.6953125,2.1494921875,-0.445556640625
381.6,0.810546875,-15.625,2.1494921875,-0.57861328125
381.9,0.810546875,-20.5078125,2.1494921875,0.474853515625
382.2,0.810546875,264.6484375,2.1494921875,-0.577392578125
382.5,0.810546875,-266.6015625,2.1494921875,0.428466796875
382.8,0.810546875,208.0078125,2.1494921875,-0.57861328125
383.1,0.810546875,-222.65625,2.13616210937,0.433349609375
383.4,0.810546875,191.40625,2.1494921875,-0.570068359375
383.7,0.810546875,-225.5859375,2.1494921875,-0.123291015625
384.0,0.810546875,93.75,2.1494921875,-0.5419921875
384.3,0.810546875,-114.2578125,2.13616210937,-0.518798828125
384.6,0.810546875,5.859375,2.1494921875,-0.5126953125
384.9,0.810546875,-39.0625,2.1494921875,-0.518798828125
385.2,0.810546875,-26.3671875,2.1494921875,-0.517578125
385.5,0.810546875,-16.6015625,2.1494921875,-0.52001953125
385.8,0.810546875,-21.484375,2.1494921875,-0.509033203125
386.1,0.810546875,-15.625,2.1494921875,-0.51513671875
386.4,0.810546875,-15.625,2.13616210937,-0.511474609375
386.7,0.810546875,-22.4609375,2.1494921875,-0.540771484375
387.0,0.810546875,-15.625,2.13616210937,0.47119140625
387.3,0.810546875,10.7421875,2.13616210937,-0.579833984375
387.6,0.810546875,-283.203125,2.1494921875,0.462646484375
387.9,0.810546875,240.234375,2.13616210937,-0.57373046875
388.2,0.810546875,-267.578125,2.13616210937,0.455322265625
388.5,0.810546875,126.953125,2.1494921875,-0.5712890625
388.8,0.810546875,-240.234375,2.1494921875,0.24169921875
389.1,0.810546875,103.515625,2.1494921875,-0.54443359375
389.4,0.810546875,-172.8515625,2.13616210937,-0.51513671875
389.7,0.810546875,21.484375,2.1494921875,-0.52001953125
390.0,0.810546875,-41.9921875,2.13616210937,-0.52490234375
390.3,0.810546875,-27.34375,2.1494921875,-0.5224609375
390.6,0.810546875,-6.8359375,2.13616210937,-0.5224609375
390.9,0.810546875,-12.6953125,2.1494921875,-0.5126953125
391.2,0.810546875,-10.7421875,2.1494921875,-0.52001953125
391.5,0.810546875,-6.8359375,2.1494921875,-0.51513671875
391.8,0.810546875,-10.7421875,2.1494921875,-0.5224609375
392.1,0.810546875,-24.4140625,2.1494921875,0.25146484375
392.4,0.810546875,-17.578125,2.13616210937,-0.577392578125
392.7,0.810546875,-137.6953125,2.1494921875,0.46875
393.0,0.810546875,223.6328125,2.1494921875,-0.57373046875
393.3,0.810546875,-259.765625,2.1494921875,0.45654296875
393.6,0.810546875,163.0859375,2.1494921875,-0.577392578125
393.9,0.810546875,191.40625,2.1494921875,-0.565185546875
394.2,0.810546875,-233.3984375,2.1494921875,-0.313720703125
394.5,0.810546875,74.21875,2.1494921875,-0.517578125
394.8,0.810546875,-41.015625,2.1494921875,-0.52001953125
395.1,0.810546875,-29.296875,2.13616210937,-0.52490234375
395.4,0.810546875,-21.484375,2.1494921875,-0.5126953125
395.7,0.810546875,-23.4375,2.1494921875,-0.518798828125
396.0,0.810546875,-19.53125,2.13616210937,-0.52490234375
396.3,0.810546875,-27.34375,2.1494921875,-0.511474609375
396.6,0.810546875,-22.4609375,2.1494921875,-0.57861328125
396.9,0.810546875,-20.5078125,2.1494921875,0.469970703125
397.2,0.810546875,186.5234375,2.1494921875,-0.57861328125
397.5,0.810546875,-257.8125,2.1494921875,0.445556640625
397.8,0.810546875,211.9140625,2.1494921875,-0.576171875
398.1,0.810546875,-234.375,2.1494921875,0.44921875
398.4,0.810546875,153.3203125,2.1494921875,-0.570068359375
398.7,0.810546875,-244.140625,2.1494921875,0.206298828125
399.0,0.810546875,104.4921875,2.13616210937,-0.545654296875
399.3,0.810546875,-190.4296875,2.1494921875,-0.52001953125
399.6,0.810546875,37.109375,2.1494921875,-0.51513671875
399.9,0.810546875,-52.734375,2.1494921875,-0.5224609375
400.2,0.810546875,-9.765625,2.1494921875,-0.523681640625
400.5,0.810546875,-8.7890625,2.1494921875,-0.52001953125
400.8,0.810546875,-28.3203125,2.1494921875,-0.521240234375
401.1,0.810546875,-21.484375,2.13616210937,-0.518798828125
401.4,0.810546875,-25.390625,2.1494921875,-0.517578125
401.7,0.810546875,-14.6484375,2.1494921875,-0.5224609375
402.0,0.810546875,-13.671875,2.16282226563,-0.518798828125
402.3,0.810546875,-16.6015625,2.13616210937,-0.577392578125
402.6,0.810546875,-22.4609375,2.1494921875,0.47119140625
402.9,0.810546875,148.4375,2.13616210937,-0.57861328125
403.2,0.810546875,-274.4140625,2.1494921875,0.450439453125
403.5,0.810546875,245.1171875,2.1494921875,-0.576171875
403.8,0.810546875,-234.375,2.1494921875,0.4541015625
404.1,0.810546875,126.953125,2.1494921875,-0.57373046875
404.4,0.810546875,-235.3515625,2.13616210937,0.25634765625
404.7,0.810546875,108.3984375,2.1494921875,-0.546875
405.0,0.810546875,-186.5234375,2.1494921875,-0.509033203125
405.3,0.810546875,31.25,2.1494921875,-0.51513671875
405.6,0.810546875,-54.6875,2.1494921875,-0.516357421875
405.9,0.810546875,-28.3203125,2.1494921875,-0.523681640625
406.2,0.810546875,-24.4140625,2.13616210937,-0.526123046875
406.5,0.810546875,-30.2734375,2.1494921875,-0.518798828125
406.8,0.810546875,-6.8359375,2.1494921875,-0.526123046875
407.1,0.810546875,-30.2734375,2.1494921875,-0.521240234375
407.4,0.810546875,-20.5078125,2.1494921875,-0.517578125
407.7,0.810546875,-17.578125,2.1494921875,-0.516357421875
408.0,0.810546875,-18.5546875,2.1494921875,-0.570068359375
408.3,0.810546875,-22.4609375,2.13616210937,0.465087890625
408.6,0.810546875,82.03125,2.13616210937,-0.577392578125
408.9,0.810546875,-257.8125,2.13616210937,0.447998046875
409.2,0.810546875,246.09375,2.13616210937,-0.577392578125
409.5,0.810546875,-265.625,2.1494921875,0.457763671875
409.8,0.810546875,124.0234375,2.1494921875,-0.5712890625
410.1,0.810546875,-240.234375,2.13616210937,0.380859375
410.4,0.810546875,124.0234375,2.13616210937,-0.556640625
410.7,0.810546875,-209.9609375,2.1494921875,-0.47119140625
411.0,0.810546875,60.546875,2.13616210937,-0.5224609375
411.3,0.810546875,-73.2421875,2.13616210937,-0.5322265625
411.6,0.810546875,-14.6484375,2.13616210937,-0.494384765625
411.9,0.810546875,-6.8359375,2.1494921875,-0.52734375
412.2,0.810546875,-26.3671875,2.1494921875,-0.52490234375
412.5,0.810546875,-21.484375,2.1494921875,-0.51513671875
412.8,0.810546875,-13.671875,2.1494921875,-0.50537109375
413.1,0.810546875,-13.671875,2.1494921875,-0.513916015625
413.4,0.810546875,-25.390625,2.1494921875,-0.518798828125
413.7,0.810546875,-26.3671875,2.13616210937,-0.5224609375
414.0,0.810546875,-24.4140625,2.1494921875,-0.02685546875
414.3,0.810546875,-11.71875,2.1494921875,-0.57861328125
414.6,0.810546875,-23.4375,2.1494921875,0.4736328125
414.9,0.810546875,273.4375,2.1494921875,-0.57861328125
415.2,0.810546875,-264.6484375,2.1494921875,0.439453125
415.5,0.810546875,-260.7421875,2.13616210937,0.45166015625
415.8,0.810546875,126.953125,2.13616210937,-0.572509765625
416.1,0.810546875,-250.0,2.13616210937,0.400390625
416.4,0.810546875,120.1171875,2.13616210937,-0.557861328125
416.7,0.810546875,-211.9140625,2.1494921875,-0.450439453125
417.0,0.810546875,69.3359375,2.13616210937,-0.53955078125
417.3,0.810546875,-87.890625,2.1494921875,-0.52490234375
417.6,0.810546875,-5.859375,2.13616210937,-0.48828125
417.9,0.810546875,-23.4375,2.1494921875,-0.5224609375
418.2,0.810546875,-20.5078125,2.1494921875,-0.51513671875
418.5,0.810546875,-12.6953125,2.1494921875,-0.51513671875
418.8,0.810546875,-18.5546875,2.1494921875,-0.518798828125
419.1,0.810546875,-10.7421875,2.1494921875,-0.521240234375
419.4,0.810546875,-17.578125,2.13616210937,-0.5126953125
419.7,0.810546875,-22.4609375,2.1494921875,-0.516357421875
420.0,0.810546875,-18.5546875,2.13616210937,-0.511474609375
420.3,0.810546875,-16.6015625,2.1494921875,-0.535888671875
420.6,0.810546875,-24.4140625,2.1494921875,0.474853515625
420.9,0.810546875,-20.5078125,2.1494921875,-0.577392578125
421.2,0.810546875,-92.7734375,2.1494921875,0.472412109375
421.5,0.810546875,276.3671875,2.1494921875,-0.577392578125
421.8,0.810546875,-282.2265625,2.1494921875,0.443115234375
422.1,0.810546875,222.65625,2.1494921875,-0.577392578125
422.4,0.810546875,-248.046875,2.1494921875,0.45654296875
422.7,0.810546875,125.0,2.1494921875,-0.570068359375
423.0,0.810546875,-255.859375,2.13616210937,0.40283203125
423.3,0.810546875,146.484375,2.1494921875,-0.560302734375
423.6,0.810546875,-218.75,2.13616210937,-0.27099609375
423.9,0.810546875,83.984375,2.1494921875,-0.54443359375
424.2,0.810546875,-133.7890625,2.13616210937,-0.52001953125
424.5,0.810546875,8.7890625,2.1494921875,-0.4931640625
424.8,0.810546875,-66.40625,2.13616210937,-0.521240234375
425.1,0.810546875,-34.1796875,2.1494921875,-0.517578125
425.4,0.810546875,-11.71875,2.1494921875,-0.523681640625
425.7,0.810546875,-29.296875,2.13616210937,-0.516357421875
426.0,0.810546875,-9.765625,2.1494921875,-0.5126953125
426.3,0.810546875,-33.203125,2.1494921875,-0.516357421875
426.6,0.810546875,-15.625,2.1494921875,0.4638671875
426.9,0.810546875,-271.484375,2.13616210937,0.46630859375
427.2,0.810546875,225.5859375,2.1494921875,-0.57373046875
427.5,0.810546875,-262.6953125,2.1494921875,0.4541015625
427.8,0.810546875,195.3125,2.1494921875,-0.574951171875
428.1,0.810546875,-227.5390625,2.13616210937,0.4248046875
428.4,0.810546875,187.5,2.1494921875,-0.570068359375
428.7,0.810546875,-255.859375,2.1494921875,0.045166015625
429.0,0.810546875,100.5859375,2.1494921875,-0.53955078125
429.3,0.810546875,-193.359375,2.1494921875,-0.51513671875
429.6,0.810546875,34.1796875,2.13616210937,-0.52490234375
429.9,0.810546875,-67.3828125,2.1494921875,-0.53466796875
430.2,0.810546875,-2.9296875,2.1494921875,-0.5224609375
430.5,0.810546875,-18.5546875,2.1494921875,-0.52490234375
430.8,0.810546875,-42.96875,2.1494921875,-0.52490234375
431.1,0.810546875,-13.671875,2.1494921875,-0.52734375
431.4,0.810546875,-19.53125,2.1494921875,-0.523681640625
431.7,0.810546875,-16.6015625,2.13616210937,-0.521240234375
432.0,0.810546875,-6.8359375,2.1494921875,-0.52001953125
432.3,0.810546875,-6.8359375,2.1494921875,-0.52001953125
432.6,0.810546875,-18.5546875,2.1494921875,-0.518798828125
432.9,0.810546875,-23.4375,2.1494921875,-0.57861328125
433.2,0.810546875,-24.4140625,2.1494921875,0.469970703125
433.5,0.810546875,24.4140625,2.1494921875,-0.57861328125
433.8,0.810546875,-273.4375,2.13616210937,0.46875
434.1,0.810546875,237.3046875,2.1494921875,-0.57373046875
434.4,0.810546875,-265.625,2.1494921875,0.46142578125
434.7,0.810546875,172.8515625,2.1494921875,-0.57373046875
435.0,0.810546875,-228.515625,2.1494921875,0.428466796875
435.3,0.810546875,188.4765625,2.13616210937,-0.5712890625
435.6,0.810546875,-239.2578125,2.13616210937,0.062255859375
435.9,0.810546875,96.6796875,2.1494921875,-0.543212890625
436.2,0.810546875,-187.5,2.13616210937,-0.517578125
436.5,0.810546875,40.0390625,2.1494921875,-0.516357421875
436.8,0.810546875,-64.453125,2.13616210937,-0.52490234375
437.1,0.810546875,-27.34375,2.1494921875,-0.51025390625
437.4,0.810546875,-19.53125,2.1494921875,-0.51025390625
437.7,0.810546875,-26.3671875,2.13616210937,-0.50537109375
438.0,0.810546875,-11.71875,2.1494921875,-0.516357421875
438.3,0.810546875,-18.5546875,2.1494921875,-0.5224609375
438.6,0.810546875,-19.53125,2.1494921875,-0.52001953125
438.9,0.810546875,-18.5546875,2.13616210937,-0.528564453125
439.2,0.810546875,-20.5078125,2.1494921875,-0.52490234375
439.5,0.810546875,-20.5078125,2.1494921875,-0.555419921875
439.8,0.810546875,-19.53125,2.1494921875,0.47607421875
440.1,0.810546875,-19.53125,2.1494921875,-0.57861328125
440.4,0.810546875,-155.2734375,2.1494921875,0.46875
440.7,0.810546875,261.71875,2.1494921875,-0.577392578125
441.0,0.810546875,-262.6953125,2.1494921875,0.440673828125
441.3,0.810546875,219.7265625,2.13616210937,-0.576171875
441.6,0.810546875,-236.328125,2.13616210937,0.44921875
441.9,0.810546875,124.0234375,2.1494921875,-0.572509765625
442.2,0.810546875,-251.953125,2.13616210937,0.34423828125
442.5,0.810546875,125.9765625,2.1494921875,-0.560302734375
442.8,0.810546875,-208.984375,2.13616210937,-0.421142578125
443.1,0.810546875,83.984375,2.13616210937,-0.53466796875
443.4,0.810546875,-120.1171875,2.1494921875,-0.52490234375
443.7,0.810546875,-7.8125,2.1494921875,-0.50537109375
444.0,0.810546875,-58.59375,2.1494921875,-0.52490234375
444.3,0.810546875,-34.1796875,2.1494921875,-0.52001953125
444.6,0.810546875,-14.6484375,2.1494921875,-0.523681640625
444.9,0.810546875,-38.0859375,2.1494921875,-0.521240234375
445.2,0.810546875,-22.4609375,2.1494921875,-0.516357421875
445.5,0.810546875,-21.484375,2.1494921875,-0.516357421875
445.8,0.810546875,-18.5546875,2.13616210937,-0.51513671875
446.1,0.810546875,-23.4375,2.1494921875,-0.518798828125
446.4,0.810546875,-13.671875,2.1494921875,-0.516357421875
446.7,0.810546875,-21.484375,2.1494921875,-0.506591796875
447.0,0.810546875,-21.484375,2.13616210937,-0.560302734375
447.3,0.810546875,-24.4140625,2.1494921875,0.4736328125
447.6,0.810546875,-25.390625,2.13616210937,-0.57861328125
447.9,0.810546875,-136.71875,2.1494921875,0.469970703125
448.2,0.810546875,276.3671875,2.1494921875,-0.577392578125
448.5,0.810546875,-252.9296875,2.1494921875,0.44677734375
448.8,0.810546875,244.140625,2.1494921875,-0.577392578125
449.1,0.810546875,237.3046875,2.1494921875,-0.577392578125
449.4,0.810546875,-272.4609375,2.1494921875,0.4638671875
449.7,0.810546875,142.578125,2.1494921875,-0.574951171875
450.0,0.810546875,-230.46875,2.1494921875,0.419921875
450.3,0.810546875,184.5703125,2.1494921875,-0.570068359375
450.6,0.810546875,-234.375,2.1494921875,0.037841796875
450.9,0.810546875,99.609375,2.1494921875,-0.552978515625
451.2,0.810546875,-201.171875,2.1494921875,-0.52001953125
451.5,0.810546875,51.7578125,2.1494921875,-0.531005859375
451.8,0.810546875,-70.3125,2.1494921875,-0.531005859375
452.1,0.810546875,-2.9296875,2.1494921875,-0.465087890625
452.4,0.810546875,-47.8515625,2.1494921875,-0.52490234375
452.7,0.810546875,-20.5078125,2.1494921875,-0.5224609375
453.0,0.810546875,-7.8125,2.1494921875,-0.517578125
453.3,0.810546875,-14.6484375,2.1494921875,-0.518798828125
453.6,0.810546875,-17.578125,2.13616210937,-0.523681640625
453.9,0.810546875,-15.625,2.13616210937,-0.516357421875
454.2,0.810546875,-12.6953125,2.1494921875,-0.5126953125
454.5,0.810546875,-15.625,2.1494921875,-0.521240234375
454.8,0.810546875,-14.6484375,2.1494921875,-0.518798828125
455.1,0.810546875,-26.3671875,2.1494921875,-0.2880859375
455.4,0.810546875,-14.6484375,2.1494921875,-0.579833984375
455.7,0.810546875,-15.625,2.1494921875,0.472412109375
456.0,0.810546875,17.578125,2.1494921875,-0.57861328125
456.3,0.810546875,-271.484375,2.1494921875,0.46630859375
456.6,0.810546875,236.328125,2.1494921875,-0.57373046875
456.9,0.810546875,-263.671875,2.13616210937,0.455322265625
457.2,0.810546875,214.84375,2.13616210937,-0.576171875
457.5,0.810546875,165.0390625,2.1494921875,0.2490234375
457.8,0.810546875,-216.796875,2.13616210937,-0.491943359375
458.1,0.810546875,58.59375,2.13616210937,-0.528564453125
458.4,0.810546875,-14.6484375,2.13616210937,-0.5029296875
458.7,0.810546875,-16.6015625,2.1494921875,-0.526123046875
459.0,0.810546875,-21.484375,2.1494921875,-0.523681640625
459.3,0.810546875,-25.390625,2.1494921875,-0.516357421875
459.6,0.810546875,-15.625,2.1494921875,-0.513916015625
459.9,0.810546875,-16.6015625,2.1494921875,-0.518798828125
460.2,0.810546875,-21.484375,2.1494921875,-0.511474609375
460.5,0.810546875,-24.4140625,2.1494921875,-0.516357421875
460.8,0.810546875,-18.5546875,2.1494921875,-0.08056640625
461.1,0.810546875,-19.53125,2.13616210937,0.47119140625
461.4,0.810546875,41.9921875,2.1494921875,-0.57861328125
461.7,0.810546875,-281.25,2.1494921875,0.46630859375
462.0,0.810546875,225.5859375,2.1494921875,-0.57373046875
462.3,0.810546875,-262.6953125,2.1494921875,0.4541015625
462.6,0.810546875,205.078125,2.13616210937,-0.576171875
462.9,0.810546875,-226.5625,2.1494921875,0.430908203125
