0.0,0.01953125,33.203125,0.07,-1.5673828125
0.3,0.029296875,33.203125,0.136650390625,-0.0390625
0.6,0.0244140625,33.203125,0.056669921875,-1.513671875
0.9,0.01953125,33.203125,0.163310546875,-0.15625
1.2,0.0244140625,33.203125,0.109990234375,-0.0634765625
1.5,0.0146484375,33.203125,0.136650390625,-1.4111328125
1.8,0.01953125,33.203125,0.109990234375,-0.029296875
2.1,0.01953125,33.203125,0.09666015625,0.0927734375
2.4,0.01953125,33.203125,0.109990234375,0.5029296875
2.7,0.01953125,33.203125,0.109990234375,-0.087890625
3.0,0.0244140625,33.203125,0.176640625,-1.4306640625
3.3,0.0244140625,33.203125,0.14998046875,0.7080078125
3.6,0.029296875,33.203125,0.109990234375,-0.1318359375
3.9,0.0244140625,33.203125,0.136650390625,-9.4482421875
4.2,0.0244140625,33.203125,0.109990234375,-0.0439453125
4.5,0.0244140625,33.203125,0.14998046875,-0.1318359375
4.8,0.0244140625,33.203125,0.14998046875,2.4267578125
5.1,0.0244140625,33.203125,0.14998046875,12.7197265625
5.4,0.0244140625,33.203125,0.09666015625,-0.01953125
5.7,0.01953125,33.203125,0.1233203125,1.123046875
6.0,0.01953125,33.203125,0.163310546875,0.0537109375
6.3,0.0244140625,33.203125,0.1233203125,0.029296875
6.6,0.0244140625,33.203125,0.083330078125,2.265625
6.9,0.0244140625,33.203125,0.136650390625,-3.6328125
7.2,0.0244140625,33.203125,0.1233203125,0.0634765625
7.5,0.01953125,33.203125,0.163310546875,-1.279296875
7.8,0.0244140625,33.203125,0.109990234375,0.0537109375
8.1,0.0244140625,33.203125,0.14998046875,-0.0634765625
8.4,0.0244140625,33.203125,0.109990234375,11.748046875
8.7,0.0244140625,33.203125,0.176640625,-12.255859375
9.0,0.01953125,33.203125,0.09666015625,-4.9658203125
9.3,0.0244140625,33.203125,0.136650390625,0.0341796875
9.6,0.0244140625,33.203125,0.109990234375,4.8828125
9.9,0.01953125,33.203125,0.136650390625,-0.7421875
10.2,0.01953125,33.203125,0.109990234375,-0.048828125
10.5,0.01953125,33.203125,0.136650390625,-1.8212890625
10.8,0.01953125,33.203125,0.109990234375,-11.650390625
11.1,0.0146484375,32.2265625,0.136650390625,-0.078125
11.4,0.0244140625,32.2265625,0.136650390625,-0.1220703125
11.7,0.0244140625,33.203125,0.14998046875,-1.11328125
12.0,0.0244140625,33.203125,0.136650390625,0.0
12.3,0.01953125,33.203125,0.1233203125,0.8056640625
12.6,0.01953125,32.2265625,0.09666015625,0.205078125
12.9,0.0244140625,33.203125,0.14998046875,-0.0244140625
13.2,0.0244140625,33.203125,0.109990234375,-1.5087890625
13.5,0.0244140625,33.203125,0.09666015625,2.7587890625
13.8,0.01953125,33.203125,0.136650390625,-0.087890625
14.1,0.01953125,33.203125,0.1233203125,0.9033203125
14.4,0.01953125,33.203125,0.1233203125,-0.0390625
14.7,0.01953125,33.203125,0.109990234375,-1.474609375
15.0,0.0244140625,32.2265625,0.163310546875,0.78125
15.3,0.01953125,33.203125,0.163310546875,-0.0341796875
15.6,0.01953125,32.2265625,0.04333984375,1.4306640625
15.9,0.0244140625,32.2265625,0.14998046875,-0.048828125
16.2,0.0146484375,32.2265625,0.136650390625,-0.244140625
16.5,0.0244140625,33.203125,0.109990234375,1.337890625
16.8,0.0146484375,33.203125,0.1233203125,-0.0341796875
17.1,0.01953125,33.203125,0.09666015625,-0.48828125
17.4,0.0244140625,33.203125,0.1233203125,-0.8447265625
17.7,0.01953125,33.203125,0.136650390625,-0.0390625
18.0,0.0244140625,33.203125,0.109990234375,2.34375
18.3,0.01953125,33.203125,0.1233203125,-5.341796875
18.6,0.0244140625,33.203125,0.163310546875,0.0
18.9,0.0244140625,33.203125,0.176640625,-1.3037109375
19.2,0.0244140625,33.203125,0.136650390625,-0.0244140625
19.5,0.0244140625,33.203125,0.1233203125,0.087890625
19.8,0.0244140625,32.2265625,0.109990234375,0.6640625
20.1,0.01953125,33.203125,0.083330078125,0.0390625
20.4,0.0244140625,32.2265625,0.136650390625,-0.1025390625
20.7,0.01953125,33.203125,0.14998046875,-1.4697265625
21.0,0.01953125,33.203125,0.1233203125,1.4501953125
21.3,0.01953125,33.203125,0.083330078125,-0.13671875
21.6,0.0244140625,33.203125,0.1233203125,-1.1962890625
21.9,0.0244140625,33.203125,0.1233203125,-0.361328125
22.2,0.01953125,33.203125,0.109990234375,-0.0244140625
22.5,0.01953125,33.203125,0.109990234375,-1.5185546875
22.8,0.0244140625,33.203125,0.109990234375,-0.13671875
23.1,0.0146484375,33.203125,0.109990234375,-0.0390625
23.4,0.0244140625,32.2265625,0.163310546875,1.4599609375
23.7,0.0244140625,33.203125,0.176640625,-2.9638671875
24.0,0.0244140625,32.2265625,0.1233203125,0.0341796875
24.3,0.01953125,33.203125,0.1233203125,1.474609375
24.6,0.0244140625,33.203125,0.14998046875,-1.46484375
24.9,0.01953125,33.203125,0.14998046875,-0.0439453125
25.2,0.0244140625,33.203125,0.163310546875,-1.6748046875
25.5,0.0244140625,33.203125,0.1233203125,0.7373046875
25.8,0.01953125,33.203125,0.1233203125,-0.0634765625
26.1,0.0244140625,33.203125,0.09666015625,1.3671875
26.4,0.0244140625,33.203125,0.1233203125,-0.2294921875
26.7,0.0244140625,33.203125,0.109990234375,-0.09765625
27.0,0.0244140625,33.203125,0.14998046875,-0.8447265625
27.3,0.01953125,33.203125,0.14998046875,-0.0244140625
27.6,0.0244140625,33.203125,0.1233203125,2.2705078125
27.9,0.0244140625,33.203125,0.14998046875,-1.3916015625
28.2,0.0244140625,33.203125,0.136650390625,-0.087890625
28.5,0.01953125,32.2265625,0.1233203125,-1.5087890625
28.8,0.0244140625,33.203125,0.14998046875,-0.01953125
29.1,0.01953125,33.203125,0.1233203125,-0.078125
29.4,0.0244140625,33.203125,0.136650390625,-9.04296875
29.7,0.01953125,33.203125,0.14998046875,-2.7294921875
30.0,0.0244140625,33.203125,0.136650390625,-0.048828125
30.3,0.01953125,32.2265625,0.136650390625,-1.0302734375
30.6,0.0244140625,33.203125,0.14998046875,-0.0439453125
30.9,0.0244140625,33.203125,0.083330078125,1.6748046875
31.2,0.0244140625,33.203125,0.109990234375,0.009765625
31.5,0.0244140625,33.203125,0.1233203125,-0.029296875
31.8,0.01953125,33.203125,0.1233203125,-1.50390625
32.1,0.0244140625,33.203125,0.09666015625,1.8115234375
32.4,0.01953125,33.203125,0.1233203125,-0.234375
32.7,0.01953125,33.203125,0.1233203125,0.9130859375
33.0,0.01953125,33.203125,0.109990234375,-0.01953125
33.3,0.01953125,33.203125,0.1233203125,-1.34765625
33.6,0.0244140625,33.203125,0.14998046875,-0.05859375
33.9,0.01953125,33.203125,0.1233203125,0.0537109375
34.2,0.01953125,33.203125,0.09666015625,-1.376953125
34.5,0.0244140625,33.203125,0.109990234375,0.0830078125
34.8,0.01953125,33.203125,0.14998046875,-0.0146484375
35.1,0.0244140625,33.203125,0.109990234375,1.46484375
35.4,0.01953125,33.203125,0.083330078125,-1.923828125
35.7,0.0244140625,33.203125,0.1233203125,0.0830078125
36.0,0.0244140625,33.203125,0.1233203125,-0.8251953125
36.3,0.0244140625,33.203125,0.136650390625,-1.4794921875
36.6,0.0244140625,33.203125,0.136650390625,-0.0390625
36.9,0.0244140625,33.203125,0.136650390625,-0.9619140625
37.2,0.01953125,33.203125,0.109990234375,0.0830078125
37.5,0.0244140625,33.203125,0.1233203125,0.0
37.8,0.01953125,33.203125,0.1233203125,-1.0107421875
38.1,0.0244140625,33.203125,0.1233203125,-0.087890625
38.4,0.0244140625,33.203125,0.136650390625,2.0361328125
38.7,0.0244140625,33.203125,0.1233203125,-0.400390625
39.0,0.0244140625,33.203125,0.136650390625,-0.0341796875
39.3,0.0244140625,33.203125,0.09666015625,2.34375
39.6,0.0244140625,33.203125,0.09666015625,-1.064453125
39.9,0.0244140625,33.203125,0.176640625,-0.01953125
40.2,0.01953125,33.203125,0.136650390625,-1.455078125
40.5,0.0244140625,33.203125,0.109990234375,-0.009765625
40.8,0.01953125,33.203125,0.1233203125,-0.126953125
41.1,0.01953125,33.203125,0.136650390625,0.8740234375
41.4,0.0244140625,33.203125,0.136650390625,0.01953125
41.7,0.0244140625,33.203125,0.163310546875,-1.6845703125
42.0,0.01953125,33.203125,0.136650390625,1.26953125
42.3,0.0146484375,33.203125,0.1233203125,-0.048828125
42.6,0.01953125,33.203125,0.1233203125,1.3818359375
42.9,0.01953125,33.203125,0.09666015625,-0.1416015625
43.2,0.0244140625,33.203125,0.1233203125,-0.2001953125
43.5,0.01953125,33.203125,0.1233203125,-0.8642578125
43.8,0.01953125,32.2265625,0.109990234375,-0.1123046875
44.1,0.01953125,33.203125,0.136650390625,2.51953125
44.4,0.01953125,33.203125,0.136650390625,-2.7685546875
44.7,0.0244140625,33.203125,0.163310546875,-0.0439453125
45.0,0.01953125,33.203125,0.1233203125,-1.6943359375
45.3,0.01953125,33.203125,0.109990234375,5.80078125
45.6,0.01953125,33.203125,0.163310546875,-0.107421875
45.9,0.0244140625,33.203125,0.163310546875,1.142578125
46.2,0.01953125,33.203125,0.14998046875,-0.009765625
46.5,0.0244140625,33.203125,0.176640625,-1.25
46.8,0.0244140625,33.203125,0.109990234375,-0.2685546875
47.1,0.01953125,33.203125,0.1233203125,-0.0537109375
47.4,0.01953125,32.2265625,0.136650390625,1.4794921875
47.7,0.01953125,33.203125,0.136650390625,-1.318359375
48.0,0.01953125,33.203125,0.1233203125,-0.068359375
48.3,0.0146484375,33.203125,0.136650390625,1.3232421875
48.6,0.01953125,33.203125,0.109990234375,0.0732421875
48.9,0.0244140625,33.203125,0.1233203125,-0.52734375
49.2,0.0146484375,33.203125,0.109990234375,-0.791015625
49.5,0.01953125,33.203125,0.1233203125,-0.029296875
49.8,0.0146484375,33.203125,0.09666015625,0.048828125
50.1,0.0146484375,33.203125,0.109990234375,0.0341796875
50.4,0.0244140625,32.2265625,0.176640625,-1.71875
50.7,0.0244140625,33.203125,0.14998046875,5.771484375
51.0,0.01953125,33.203125,0.1233203125,-0.0341796875
51.3,0.029296875,33.203125,0.109990234375,1.3720703125
51.6,0.01953125,33.203125,0.176640625,3.779296875
51.9,0.01953125,33.203125,0.136650390625,0.0537109375
52.2,0.0244140625,33.203125,0.1233203125,-0.029296875
52.5,0.0244140625,33.203125,0.1233203125,1.650390625
52.8,0.01953125,33.203125,0.09666015625,10.9130859375
53.1,0.0244140625,33.203125,0.109990234375,2.861328125
53.4,0.0244140625,33.203125,0.14998046875,-0.048828125
53.7,0.0244140625,33.203125,0.1233203125,3.5595703125
54.0,0.0146484375,33.203125,0.1233203125,-1.669921875
54.3,0.0244140625,33.203125,0.136650390625,-0.05859375
54.6,0.01953125,33.203125,0.109990234375,1.3720703125
54.9,0.0244140625,33.203125,0.1233203125,-0.9765625
55.2,0.0244140625,33.203125,0.1233203125,-0.048828125
55.5,0.0244140625,33.203125,0.109990234375,-1.11328125
55.8,0.0244140625,33.203125,0.163310546875,1.064453125
56.1,0.01953125,33.203125,0.1233203125,4.0478515625
56.4,0.0244140625,33.203125,0.163310546875,-0.01953125
56.7,0.01953125,33.203125,0.1233203125,2.0458984375
57.0,0.0244140625,33.203125,0.14998046875,-0.869140625
57.3,0.0244140625,33.203125,0.14998046875,-0.009765625
57.6,0.01953125,33.203125,0.056669921875,-0.0439453125
57.9,0.01953125,32.2265625,0.109990234375,-1.8115234375
58.2,0.0244140625,32.2265625,0.1233203125,-1.2841796875
58.5,0.01953125,33.203125,0.1233203125,0.6884765625
58.8,0.0244140625,33.203125,0.136650390625,-0.029296875
59.1,0.0244140625,33.203125,0.09666015625,2.4462890625
59.4,0.0244140625,32.2265625,0.1233203125,-4.1357421875
59.7,0.0244140625,33.203125,0.136650390625,-0.048828125
60.0,0.029296875,33.203125,0.14998046875,-1.279296875
60.3,0.01953125,33.203125,0.136650390625,0.0048828125
60.6,0.0244140625,33.203125,0.136650390625,-0.0439453125
60.9,0.0244140625,33.203125,0.1233203125,1.865234375
61.2,0.0244140625,33.203125,0.14998046875,-0.6005859375
61.5,0.0244140625,33.203125,0.109990234375,-0.0390625
61.8,0.0244140625,33.203125,0.109990234375,-1.9140625
62.1,0.01953125,33.203125,0.109990234375,-1.4501953125
62.4,0.01953125,33.203125,0.109990234375,-0.1318359375
62.7,0.01953125,33.203125,0.1233203125,-0.1220703125
63.0,0.0244140625,33.203125,0.136650390625,0.166015625
63.3,0.01953125,33.203125,0.09666015625,0.576171875
63.6,0.029296875,33.203125,0.136650390625,-0.0146484375
63.9,0.0244140625,33.203125,0.1233203125,-1.640625
64.2,0.01953125,33.203125,0.09666015625,6.03515625
64.5,0.0244140625,32.2265625,0.1233203125,-0.146484375
64.8,0.0244140625,33.203125,0.1233203125,1.015625
65.1,0.01953125,33.203125,0.1233203125,-0.0146484375
65.4,0.0244140625,33.203125,0.1233203125,-1.1962890625
65.7,0.0244140625,32.2265625,0.109990234375,1.0009765625
66.0,0.0244140625,33.203125,0.136650390625,-9.3212890625
66.3,0.0244140625,33.203125,0.14998046875,-0.0634765625
66.6,0.0244140625,33.203125,0.136650390625,-0.087890625
66.9,0.0244140625,33.203125,0.09666015625,1.357421875
67.2,0.01953125,33.203125,0.1233203125,3.310546875
67.5,0.01953125,33.203125,0.109990234375,-0.0439453125
67.8,0.0244140625,33.203125,0.14998046875,-1.181640625
68.1,0.01953125,33.203125,0.1233203125,1.0986328125
68.4,0.01953125,33.203125,0.109990234375,3.134765625
68.7,0.0244140625,33.203125,0.176640625,-0.0244140625
69.0,0.01953125,33.203125,0.09666015625,1.93359375
69.3,0.0244140625,33.203125,0.163310546875,-0.9375
69.6,0.0244140625,32.2265625,27.3566699219,-0.0634765625
69.9,0.01953125,33.203125,27.3433398438,0.009765625
70.2,0.01953125,33.203125,27.37,-1.7822265625
70.5,0.01953125,33.203125,9.33440429688,0.7763671875
70.8,0.01953125,33.203125,2.12283203125,-0.0244140625
71.1,0.0244140625,33.203125,15.9061328125,-0.0146484375
71.4,0.01953125,33.203125,2.54939453125,2.6318359375
71.7,0.0244140625,33.203125,10.2541796875,1.015625
72.0,0.01953125,32.2265625,6.4151171875,4.3017578125
72.3,0.01953125,32.2265625,2.01619140625,0.029296875
72.6,0.0244140625,33.203125,13.7333300781,1.8115234375
72.9,0.0244140625,32.2265625,3.6424609375,-1.025390625
73.2,0.01953125,33.203125,1.96287109375,-6.4013671875
73.5,0.0146484375,32.2265625,15.9061328125,-0.0390625
73.8,0.0244140625,33.203125,2.2028125,-1.1669921875
74.1,0.01953125,33.203125,13.9999316406,1.09375
74.4,0.01953125,33.203125,3.162578125,3.2421875
74.7,0.0244140625,33.203125,1.882890625,-0.0390625
75.0,0.01953125,33.203125,10.6940722656,2.0556640625
75.3,0.0244140625,33.203125,5.49534179688,-0.966796875
75.6,0.0244140625,33.203125,1.9362109375,-0.0244140625
75.9,0.01953125,33.203125,2.86931640625,-0.0341796875
76.2,0.0244140625,32.2265625,10.8007128906,-1.845703125
76.5,0.0244140625,33.203125,1.36301757813,-0.4150390625
76.8,0.01953125,32.2265625,0.189970703125,-0.05859375
77.1,0.0244140625,33.203125,0.136650390625,-0.0146484375
77.4,0.0244140625,33.203125,0.109990234375,-1.8310546875
77.7,0.01953125,33.203125,0.1233203125,-0.3662109375
78.0,0.01953125,32.2265625,0.109990234375,0.0
78.3,0.01953125,32.2265625,0.1233203125,-0.1123046875
78.6,0.0146484375,33.203125,0.136650390625,-1.4501953125
78.9,0.0244140625,33.203125,0.14998046875,-1.2646484375
79.2,0.01953125,33.203125,0.1233203125,-0.0048828125
79.5,0.0244140625,33.203125,0.14998046875,-0.556640625
79.8,0.0244140625,33.203125,0.136650390625,1.259765625
80.1,0.0146484375,33.203125,0.14998046875,6.3330078125
80.4,0.0244140625,33.203125,0.14998046875,-0.05859375
80.7,0.01953125,33.203125,0.1233203125,0.78125
81.0,0.0244140625,32.2265625,0.136650390625,-1.03515625
81.3,0.0244140625,32.2265625,0.109990234375,-2.8515625
81.6,0.01953125,33.203125,0.1233203125,-0.0048828125
81.9,0.0244140625,33.203125,0.1233203125,-1.591796875
82.2,0.01953125,32.2265625,0.14998046875,0.8544921875
82.5,0.01953125,33.203125,0.109990234375,-0.0390625
82.8,0.01953125,33.203125,0.1233203125,-0.048828125
83.1,0.0244140625,33.203125,0.163310546875,-1.2548828125
83.4,0.0244140625,32.2265625,0.1233203125,-6.3330078125
83.7,0.01953125,33.203125,0.109990234375,0.0
84.0,0.01953125,33.203125,0.163310546875,-1.2841796875
84.3,0.0244140625,32.2265625,0.136650390625,0.9423828125
84.6,0.0244140625,33.203125,0.176640625,0.693359375
84.9,0.0244140625,33.203125,0.136650390625,0.0048828125
85.2,0.0244140625,33.203125,0.136650390625,2.5244140625
85.5,0.01953125,33.203125,0.163310546875,-0.8154296875
85.8,0.0244140625,33.203125,0.1233203125,-0.0146484375
86.1,0.029296875,33.203125,0.14998046875,-0.107421875
86.4,0.0244140625,33.203125,0.163310546875,-1.58203125
86.7,0.01953125,32.2265625,0.176640625,0.4150390625
87.0,0.0244140625,33.203125,0.1233203125,-0.01953125
87.3,0.0244140625,33.203125,0.136650390625,-0.0341796875
87.6,0.01953125,33.203125,0.1233203125,1.455078125
87.9,0.0244140625,33.203125,0.09666015625,3.916015625
88.2,0.01953125,33.203125,0.1233203125,-0.01953125
88.5,0.01953125,33.203125,0.109990234375,0.2294921875
88.8,0.0244140625,32.2265625,0.136650390625,-1.1767578125
89.1,0.01953125,33.203125,0.1233203125,-5.361328125
89.4,0.01953125,33.203125,0.1233203125,0.0146484375
89.7,0.0244140625,32.2265625,0.109990234375,-1.513671875
90.0,0.01953125,33.203125,0.083330078125,0.9130859375
90.3,0.01953125,33.203125,0.09666015625,-0.029296875
90.6,0.01953125,33.203125,0.09666015625,0.0146484375
90.9,0.0244140625,33.203125,0.14998046875,2.2705078125
91.2,0.01953125,33.203125,0.14998046875,-6.2841796875
91.5,0.01953125,33.203125,0.14998046875,-0.0244140625
91.8,0.0244140625,32.2265625,0.14998046875,-1.1669921875
92.1,0.0244140625,33.203125,0.14998046875,1.0400390625
92.4,0.01953125,33.203125,0.09666015625,2.67578125
92.7,0.0244140625,33.203125,0.136650390625,-0.048828125
93.0,0.0244140625,33.203125,0.136650390625,2.333984375
93.3,0.0244140625,33.203125,0.1233203125,-0.888671875
93.6,0.01953125,33.203125,0.136650390625,0.01953125
93.9,0.0244140625,33.203125,0.1233203125,-0.0439453125
94.2,0.0244140625,33.203125,0.14998046875,0.2294921875
94.5,0.0244140625,33.203125,0.14998046875,0.8740234375
94.8,0.01953125,33.203125,0.1233203125,0.087890625
95.1,0.0244140625,33.203125,0.109990234375,0.0341796875
95.4,0.0244140625,33.203125,0.09666015625,2.4267578125
95.7,0.0244140625,33.203125,0.1233203125,-0.7373046875
96.0,0.01953125,33.203125,0.109990234375,0.0048828125
96.3,0.01953125,33.203125,0.09666015625,-0.01953125
96.6,0.01953125,33.203125,0.083330078125,-1.5380859375
96.9,0.0244140625,33.203125,0.14998046875,0.1806640625
97.2,0.01953125,33.203125,0.109990234375,-0.029296875
97.5,0.01953125,32.2265625,0.1233203125,0.048828125
97.8,0.01953125,33.203125,0.14998046875,-1.220703125
98.1,0.01953125,33.203125,0.14998046875,-5.8544921875
98.4,0.01953125,33.203125,0.1233203125,-0.0341796875
98.7,0.01953125,33.203125,0.1233203125,-0.0927734375
99.0,0.0244140625,32.2265625,0.14998046875,-1.42578125
99.3,0.029296875,33.203125,0.14998046875,-2.2998046875
99.6,0.0244140625,32.2265625,0.09666015625,-0.0048828125
99.9,0.01953125,33.203125,0.109990234375,-0.810546875
100.2,0.0146484375,33.203125,0.136650390625,1.1376953125
100.5,0.01953125,33.203125,0.14998046875,-1.7724609375
100.8,0.0244140625,33.203125,0.109990234375,-0.01953125
101.1,0.0244140625,33.203125,0.083330078125,-1.7578125
101.4,0.01953125,33.203125,0.1233203125,0.771484375
101.7,0.0244140625,33.203125,0.1233203125,-0.01953125
102.0,0.0244140625,33.203125,0.09666015625,-0.0048828125
102.3,0.0244140625,33.203125,0.09666015625,1.5576171875
102.6,0.01953125,33.203125,0.09666015625,-0.4052734375
102.9,0.0244140625,33.203125,0.1233203125,0.0146484375
103.2,0.01953125,33.203125,0.1233203125,-0.1708984375
103.5,0.01953125,32.2265625,0.163310546875,-1.4453125
103.8,0.0244140625,33.203125,0.136650390625,-2.67578125
104.1,0.01953125,33.203125,0.109990234375,-0.0048828125
104.4,0.01953125,33.203125,0.109990234375,-0.8544921875
104.7,0.0244140625,33.203125,0.136650390625,1.171875
105.0,0.0244140625,33.203125,0.136650390625,5.87890625
105.3,0.0244140625,33.203125,0.136650390625,-0.05859375
105.6,0.0244140625,33.203125,0.136650390625,1.58203125
105.9,0.0244140625,32.2265625,0.136650390625,-0.8056640625
106.2,0.01953125,33.203125,0.109990234375,-0.166015625
106.5,0.0244140625,33.203125,0.1233203125,-0.0341796875
106.8,0.0244140625,33.203125,0.136650390625,-1.455078125
107.1,0.0244140625,32.2265625,0.14998046875,-0.9521484375
107.4,0.0244140625,33.203125,0.109990234375,-0.0244140625
107.7,0.01953125,33.203125,0.176640625,-0.6201171875
108.0,0.0146484375,33.203125,0.09666015625,-1.1181640625
108.3,0.0244140625,33.203125,0.109990234375,-3.06640625
108.6,0.0146484375,33.203125,0.136650390625,-0.0341796875
108.9,0.01953125,33.203125,0.136650390625,-1.7041015625
109.2,0.01953125,33.203125,0.14998046875,0.8984375
109.5,0.0244140625,33.203125,0.1233203125,-0.009765625
109.8,0.0244140625,33.203125,0.109990234375,0.0537109375
110.1,0.0244140625,33.203125,0.083330078125,1.7138671875
110.4,0.029296875,33.203125,0.09666015625,-0.546875
110.7,0.01953125,33.203125,0.136650390625,0.0341796875
111.0,0.01953125,33.203125,0.1233203125,-0.3759765625
111.3,0.01953125,33.203125,0.1233203125,2.265625
111.6,0.0244140625,33.203125,0.109990234375,-0.9033203125
111.9,0.0244140625,33.203125,0.14998046875,-0.0146484375
112.2,0.01953125,33.203125,0.1233203125,-0.029296875
112.5,0.01953125,33.203125,0.109990234375,-1.5625
112.8,0.0244140625,33.203125,0.136650390625,0.849609375
113.1,0.01953125,33.203125,0.109990234375,-0.0048828125
113.4,0.01953125,32.2265625,0.1233203125,-0.0146484375
113.7,0.0146484375,33.203125,0.1233203125,-1.1962890625
114.0,0.01953125,33.203125,0.09666015625,-6.3525390625
114.3,0.0146484375,33.203125,0.109990234375,-0.1318359375
114.6,0.01953125,33.203125,0.1233203125,-1.3623046875
114.9,0.01953125,33.203125,0.1233203125,0.8740234375
115.2,0.0244140625,33.203125,0.14998046875,-1.767578125
115.5,0.0244140625,33.203125,0.136650390625,-0.0341796875
115.8,0.0244140625,33.203125,0.136650390625,0.9375
116.1,0.0244140625,33.203125,0.1233203125,-0.908203125
116.4,0.0146484375,33.203125,0.136650390625,-0.9521484375
116.7,0.01953125,33.203125,0.1233203125,-0.01953125
117.0,0.01953125,33.203125,0.136650390625,1.7333984375
117.3,0.01953125,33.203125,0.163310546875,-0.439453125
117.6,0.01953125,33.203125,0.1233203125,-0.0048828125
117.9,0.01953125,33.203125,0.136650390625,-0.7080078125
118.2,0.0244140625,33.203125,0.09666015625,1.162109375
118.5,0.0244140625,33.203125,0.109990234375,5.771484375
118.8,0.0244140625,32.2265625,0.1233203125,0.009765625
119.1,0.01953125,33.203125,0.109990234375,-4.5947265625
119.4,0.01953125,33.203125,0.136650390625,11.4453125
119.7,0.0146484375,33.203125,0.109990234375,-0.068359375
120.0,0.01953125,33.203125,0.136650390625,0.0830078125
120.3,0.01953125,33.203125,0.14998046875,7.6220703125
120.6,0.01953125,33.203125,0.14998046875,-8.53515625
120.9,0.01953125,33.203125,0.09666015625,0.05859375
121.2,0.01953125,33.203125,0.1233203125,0.2294921875
121.5,0.029296875,33.203125,0.136650390625,-8.5400390625
121.8,0.0244140625,33.203125,0.136650390625,1.3671875
122.1,0.01953125,33.203125,0.136650390625,-0.09765625
122.4,0.01953125,33.203125,0.136650390625,2.4609375
122.7,0.0244140625,33.203125,0.136650390625,-8.49609375
123.0,0.01953125,33.203125,0.136650390625,0.068359375
123.3,0.01953125,33.203125,0.1233203125,0.078125
123.6,0.0146484375,33.203125,0.1233203125,8.701171875
123.9,0.0244140625,33.203125,0.136650390625,-7.9248046875
124.2,0.0146484375,33.203125,0.1233203125,0.0537109375
124.5,0.0244140625,33.203125,0.14998046875,1.455078125
124.8,0.01953125,33.203125,0.14998046875,-8.5400390625
125.1,0.0244140625,33.203125,0.1233203125,-0.107421875
125.4,0.0146484375,33.203125,0.136650390625,-0.1220703125
125.7,0.01953125,33.203125,0.136650390625,-8.8037109375
126.0,0.0146484375,32.2265625,0.09666015625,8.1103515625
126.3,0.0244140625,32.2265625,0.109990234375,-0.048828125
126.6,0.0244140625,33.203125,0.1233203125,-1.3623046875
126.9,0.0146484375,33.203125,0.109990234375,-11.3671875
127.2,0.0244140625,33.203125,0.14998046875,-9.4873046875
127.5,0.01953125,33.203125,0.109990234375,0.087890625
127.8,0.01953125,33.203125,0.136650390625,0.2294921875
128.1,0.0244140625,33.203125,0.109990234375,-10.6396484375
128.4,0.0244140625,33.203125,0.136650390625,0.126953125
128.7,0.01953125,32.2265625,0.1233203125,-0.048828125
129.0,0.01953125,33.203125,0.109990234375,5.830078125
129.3,0.0244140625,33.203125,0.1233203125,-11.4453125
129.6,0.0244140625,33.203125,0.1233203125,0.087890625
129.9,0.0244140625,33.203125,0.1233203125,-0.0927734375
130.2,0.0146484375,33.203125,0.136650390625,-8.3251953125
130.5,0.01953125,33.203125,0.1233203125,-0.068359375
130.8,0.0244140625,33.203125,0.136650390625,-0.0390625
131.1,0.0244140625,33.203125,0.1233203125,-1.0546875
131.4,0.0244140625,33.203125,0.1233203125,0.0048828125
131.7,0.0244140625,33.203125,0.163310546875,0.0
132.0,0.0244140625,33.203125,0.1233203125,0.0
132.3,0.0244140625,33.203125,0.109990234375,0.0048828125
132.6,0.0244140625,32.2265625,0.1233203125,0.0048828125
132.9,0.01953125,33.203125,0.14998046875,0.009765625
133.2,0.01953125,33.203125,0.136650390625,0.0
133.5,0.01953125,33.203125,0.14998046875,0.0048828125
133.8,0.01953125,32.2265625,0.1233203125,0.0048828125
134.1,0.0244140625,33.203125,0.136650390625,0.009765625
134.4,0.0244140625,33.203125,0.1233203125,0.009765625
134.7,0.0244140625,33.203125,0.1233203125,0.0048828125
135.0,0.01953125,33.203125,0.09666015625,0.009765625
135.3,0.0244140625,33.203125,0.136650390625,0.009765625
135.6,0.0244140625,33.203125,0.1233203125,0.0
135.9,0.0244140625,33.203125,0.109990234375,0.009765625
136.2,0.01953125,33.203125,0.07,0.009765625
136.5,0.0244140625,33.203125,0.136650390625,0.009765625
136.8,0.0244140625,33.203125,0.109990234375,0.009765625
137.1,0.0244140625,33.203125,0.1233203125,0.009765625
137.4,0.0244140625,33.203125,0.136650390625,0.009765625
137.7,0.029296875,33.203125,0.1233203125,0.009765625
138.0,0.01953125,32.2265625,0.09666015625,0.0
138.3,0.01953125,33.203125,0.136650390625,0.0048828125
138.6,0.0244140625,33.203125,0.14998046875,0.009765625
138.9,0.0244140625,33.203125,0.136650390625,0.009765625
139.2,0.0244140625,33.203125,0.109990234375,0.0048828125
139.5,0.0244140625,33.203125,0.136650390625,0.0048828125
139.8,0.01953125,33.203125,0.136650390625,0.0048828125
140.1,0.01953125,33.203125,0.109990234375,0.0048828125
140.4,0.01953125,33.203125,0.109990234375,0.0048828125
140.7,0.0244140625,33.203125,0.09666015625,0.0048828125
141.0,0.01953125,33.203125,0.109990234375,0.0048828125
141.3,0.0244140625,33.203125,0.14998046875,0.0048828125
141.6,0.0244140625,33.203125,0.09666015625,0.0048828125
141.9,0.0244140625,33.203125,0.083330078125,0.0048828125
142.2,0.01953125,33.203125,0.109990234375,0.0
142.5,0.01953125,33.203125,0.09666015625,0.0
142.8,0.01953125,33.203125,0.083330078125,0.0
143.1,0.01953125,33.203125,0.136650390625,0.0048828125
143.4,0.0146484375,33.203125,0.109990234375,0.009765625
143.7,0.0146484375,32.2265625,0.109990234375,0.0048828125
144.0,0.0244140625,33.203125,0.09666015625,0.009765625
144.3,0.0244140625,33.203125,0.1233203125,1.97265625
144.6,0.0244140625,33.203125,0.1233203125,-11.40625
144.9,0.01953125,33.203125,0.136650390625,0.087890625
145.2,0.0244140625,33.203125,0.1233203125,-0.029296875
145.5,0.0244140625,33.203125,0.1233203125,-6.455078125
145.8,0.01953125,33.203125,0.14998046875,8.5498046875
146.1,0.0244140625,33.203125,0.09666015625,-0.0341796875
146.4,0.0244140625,33.203125,0.1233203125,0.078125
146.7,0.0244140625,33.203125,0.1233203125,8.5498046875
147.0,0.0146484375,32.2265625,0.136650390625,0.1220703125
147.3,0.01953125,33.203125,0.109990234375,-0.01953125
147.6,0.0244140625,33.203125,0.136650390625,-3.76953125
147.9,0.0244140625,33.203125,0.1233203125,8.5546875
148.2,0.0244140625,33.203125,0.136650390625,0.09765625
148.5,0.01953125,33.203125,0.109990234375,0.25390625
148.8,0.0244140625,33.203125,0.109990234375,8.5498046875
149.1,0.01953125,33.203125,0.14998046875,0.09765625
149.4,0.0244140625,33.203125,0.09666015625,1.943359375
149.7,0.01953125,33.203125,0.136650390625,8.5498046875
150.0,0.01953125,33.203125,0.109990234375,0.1220703125
150.3,0.01953125,33.203125,0.109990234375,-6.494140625
150.6,0.0244140625,32.2265625,0.136650390625,-0.078125
150.9,0.0244140625,33.203125,0.09666015625,-0.0732421875
151.2,0.01953125,33.203125,0.14998046875,8.5595703125
151.5,0.01953125,33.203125,0.136650390625,0.1123046875
151.8,0.0244140625,33.203125,0.1233203125,-4.443359375
152.1,0.0244140625,33.203125,0.163310546875,-8.0615234375
152.4,0.0244140625,33.203125,0.189970703125,-0.048828125
152.7,0.0244140625,33.203125,0.09666015625,8.5546875
153.0,0.01953125,33.203125,0.14998046875,0.1025390625
153.3,0.01953125,33.203125,0.109990234375,-2.109375
153.6,0.01953125,33.203125,0.14998046875,-11.4404296875
153.9,0.0244140625,33.203125,0.136650390625,-0.0341796875
154.2,0.0244140625,33.203125,0.136650390625,8.45703125
154.5,0.0244140625,33.203125,0.07,0.1318359375
154.8,0.0244140625,33.203125,0.136650390625,-0.0390625
155.1,0.0244140625,33.203125,0.09666015625,-6.3720703125
155.4,0.01953125,33.203125,0.1233203125,-11.064453125
155.7,0.01953125,33.203125,0.083330078125,0.1220703125
156.0,0.0244140625,33.203125,0.09666015625,-2.0263671875
156.3,0.0244140625,33.203125,0.109990234375,8.5498046875
156.6,0.0244140625,32.2265625,0.109990234375,-0.0537109375
156.9,0.0244140625,33.203125,0.136650390625,0.1220703125
157.2,0.01953125,33.203125,0.1233203125,-9.306640625
157.5,0.0244140625,33.203125,0.1233203125,-10.625
157.8,0.0244140625,33.203125,0.163310546875,0.1025390625
158.1,0.0244140625,33.203125,0.109990234375,-8.49609375
158.4,0.0244140625,33.203125,0.083330078125,-0.0634765625
158.7,0.0244140625,33.203125,0.136650390625,-0.09765625
159.0,0.0244140625,33.203125,0.136650390625,8.544921875
159.3,0.0244140625,33.203125,0.1233203125,-0.029296875
159.6,0.01953125,33.203125,0.1233203125,5.458984375
159.9,0.0244140625,33.203125,0.1233203125,4.2919921875
160.2,0.0244140625,33.203125,0.083330078125,0.107421875
160.5,0.0244140625,33.203125,0.09666015625,-10.7763671875
160.8,0.01953125,33.203125,0.09666015625,-0.0439453125
161.1,0.0244140625,33.203125,0.1233203125,0.0048828125
161.4,0.0244140625,33.203125,0.189970703125,0.009765625
161.7,0.0244140625,33.203125,0.136650390625,0.0048828125
162.0,0.01953125,33.203125,0.14998046875,0.009765625
162.3,0.01953125,33.203125,0.109990234375,0.0048828125
162.6,0.0244140625,33.203125,0.109990234375,0.009765625
162.9,0.01953125,33.203125,0.109990234375,0.009765625
163.2,0.01953125,33.203125,0.1233203125,0.0048828125
163.5,0.0244140625,33.203125,0.09666015625,0.009765625
163.8,0.0244140625,33.203125,0.136650390625,10.46875
164.1,0.01953125,33.203125,0.14998046875,0.0537109375
164.4,0.01953125,33.203125,0.1233203125,-7.2265625
164.7,0.01953125,33.203125,0.136650390625,0.0048828125
165.0,0.01953125,33.203125,0.136650390625,0.009765625
165.3,0.0244140625,33.203125,0.1233203125,0.0
165.6,0.01953125,33.203125,0.1233203125,0.009765625
165.9,0.0244140625,33.203125,0.14998046875,0.0048828125
166.2,0.01953125,33.203125,0.109990234375,-6.5673828125
166.5,0.0244140625,33.203125,0.1233203125,-0.0927734375
166.8,0.01953125,33.203125,0.1233203125,10.4736328125
167.1,0.01953125,33.203125,0.136650390625,0.0634765625
167.4,0.01953125,33.203125,0.109990234375,-1.1865234375
167.7,0.01953125,33.203125,0.1233203125,-8.53515625
168.0,0.0244140625,33.203125,0.09666015625,-0.107421875
168.3,0.0244140625,33.203125,0.136650390625,-7.3095703125
168.6,0.01953125,33.203125,0.109990234375,-8.3251953125
168.9,0.01953125,33.203125,0.109990234375,-0.0732421875
169.2,0.01953125,33.203125,0.14998046875,9.9072265625
169.5,0.01953125,33.203125,0.163310546875,0.0537109375
169.8,0.01953125,33.203125,0.136650390625,-0.09765625
170.1,0.0244140625,33.203125,0.136650390625,10.947265625
170.4,0.0244140625,33.203125,0.1233203125,0.078125
170.7,0.01953125,33.203125,0.136650390625,-2.490234375
171.0,0.01953125,33.203125,0.136650390625,-8.544921875
171.3,0.0244140625,33.203125,0.109990234375,-0.0927734375
171.6,0.01953125,33.203125,0.136650390625,9.3701171875
171.9,0.0244140625,33.203125,0.136650390625,0.0732421875
172.2,0.01953125,33.203125,0.09666015625,-0.1513671875
172.5,0.0244140625,33.203125,0.1233203125,-8.544921875
172.8,0.0244140625,33.203125,0.1233203125,-0.048828125
173.1,0.01953125,33.203125,0.1233203125,7.28515625
173.4,0.01953125,33.203125,0.09666015625,0.078125
173.7,0.0244140625,33.203125,0.136650390625,0.1416015625
174.0,0.01953125,33.203125,0.109990234375,-8.5400390625
174.3,0.01953125,33.203125,0.14998046875,-0.0732421875
174.6,0.0244140625,33.203125,0.14998046875,5.15625
174.9,0.0244140625,33.203125,0.136650390625,6.03515625
175.2,0.01953125,33.203125,0.1233203125,0.009765625
175.5,0.0244140625,33.203125,0.163310546875,0.009765625
175.8,0.01953125,33.203125,0.136650390625,0.0048828125
176.1,0.0244140625,33.203125,0.09666015625,0.0048828125
176.4,0.01953125,32.2265625,0.1233203125,0.0
176.7,0.0244140625,33.203125,0.1233203125,0.0048828125
177.0,0.0244140625,33.203125,0.136650390625,0.009765625
177.3,0.0244140625,33.203125,0.136650390625,0.0048828125
177.6,0.01953125,33.203125,0.136650390625,0.0048828125
177.9,0.0244140625,33.203125,0.1233203125,0.009765625
178.2,0.0146484375,33.203125,0.136650390625,0.0
178.5,0.0244140625,33.203125,0.109990234375,0.0048828125
178.8,0.01953125,33.203125,0.136650390625,0.009765625
179.1,0.01953125,32.2265625,0.1233203125,0.0048828125
179.4,0.01953125,32.2265625,0.1233203125,0.0048828125
179.7,0.01953125,33.203125,0.1233203125,0.0048828125
180.0,0.0244140625,33.203125,0.136650390625,0.0
180.3,0.0244140625,33.203125,0.1233203125,0.0048828125
180.6,0.01953125,33.203125,0.14998046875,0.0048828125
180.9,0.01953125,33.203125,0.1233203125,0.009765625
181.2,0.0244140625,33.203125,0.176640625,0.0
181.5,0.01953125,33.203125,0.14998046875,0.0048828125
181.8,0.01953125,33.203125,0.1233203125,0.009765625
182.1,0.0244140625,33.203125,0.1233203125,0.0
182.4,0.0244140625,33.203125,0.1233203125,0.009765625
182.7,0.01953125,33.203125,0.136650390625,0.0048828125
183.0,0.01953125,33.203125,0.136650390625,0.0048828125
183.3,0.01953125,33.203125,0.109990234375,0.0
183.6,0.01953125,33.203125,0.14998046875,0.009765625
183.9,0.01953125,33.203125,0.136650390625,0.0048828125
184.2,0.01953125,33.203125,0.109990234375,0.0048828125
184.5,0.0244140625,32.2265625,0.136650390625,0.0048828125
184.8,0.0244140625,33.203125,0.163310546875,0.0048828125
185.1,0.0244140625,33.203125,0.1233203125,0.0048828125
185.4,0.0244140625,33.203125,0.1233203125,0.009765625
185.7,0.0146484375,33.203125,0.1233203125,0.0048828125
186.0,0.0244140625,33.203125,0.136650390625,0.0048828125
186.3,0.01953125,33.203125,0.1233203125,0.0048828125
186.6,0.0244140625,33.203125,0.1233203125,0.0048828125
186.9,0.01953125,33.203125,0.09666015625,0.0
187.2,0.0244140625,33.203125,0.109990234375,0.0048828125
187.5,0.0244140625,33.203125,0.14998046875,0.0048828125
187.8,0.0244140625,33.203125,0.1233203125,0.009765625
188.1,0.01953125,33.203125,0.1233203125,0.0048828125
188.4,0.0244140625,33.203125,0.136650390625,0.0048828125
188.7,0.01953125,33.203125,0.14998046875,0.0048828125
189.0,0.01953125,33.203125,0.1233203125,0.009765625
189.3,0.0244140625,33.203125,0.136650390625,0.0048828125
189.6,0.01953125,33.203125,0.109990234375,0.009765625
189.9,0.01953125,33.203125,0.1233203125,0.0048828125
190.2,0.01953125,33.203125,0.109990234375,0.0048828125
190.5,0.01953125,33.203125,0.1233203125,0.0048828125
190.8,0.01953125,33.203125,0.09666015625,0.0
191.1,0.01953125,33.203125,0.109990234375,0.009765625
191.4,0.01953125,33.203125,0.136650390625,0.0048828125
191.7,0.01953125,33.203125,0.109990234375,0.009765625
192.0,0.01953125,33.203125,0.1233203125,0.0
192.3,0.0244140625,33.203125,0.09666015625,0.009765625
192.6,0.01953125,33.203125,0.1233203125,0.009765625
192.9,0.01953125,33.203125,0.1233203125,0.009765625
193.2,0.01953125,33.203125,0.1233203125,0.009765625
193.5,0.0244140625,33.203125,0.136650390625,0.0048828125
193.8,0.0244140625,33.203125,0.136650390625,0.0048828125
194.1,0.0244140625,32.2265625,0.136650390625,0.0048828125
194.4,0.01953125,33.203125,0.109990234375,0.0
194.7,0.01953125,33.203125,0.09666015625,0.0048828125
195.0,0.0244140625,33.203125,0.1233203125,0.009765625
195.3,0.0244140625,33.203125,0.136650390625,0.0048828125
