0.112237930298,-5.0
0.520166873932,-5.0
0.928158998489,-5.0
1.33613300323,-5.0
1.74412989616,-5.0
2.15212583542,-5.0
2.56002092361,-5.0
2.96805405617,-5.0
3.37610197067,-5.0
3.78412604332,-5.0
4.19212388992,-5.0
4.6001188755,-5.0
5.00812387466,-5.0
5.4161169529,-5.0
5.82411384583,-5.0
6.23211598396,-5.0
6.64011383057,-5.0
7.04811000824,-5.0
7.45612883568,-5.0
7.864112854,-5.0
8.27210903168,-5.0
8.68010997772,-5.0
9.08812189102,-5.0
9.4961130619,-5.0
9.90410804749,-5.0
10.3121089935,-5.0
10.7201080322,-5.0
11.128100872,-5.0
11.5360989571,-5.0
11.9440979958,-5.0
12.3521409035,-5.0
12.7519500256,-5.0
13.1600780487,-5.0
13.5680968761,-5.0
13.9760930538,-5.0
14.3840909004,-5.0
14.7920930386,-5.0
15.2000889778,-5.0
15.6081449986,-5.0
16.0160980225,-5.0
16.4240858555,-5.0
16.8320848942,-5.0
17.2400848866,-5.0
17.6480820179,-5.0
18.0560829639,-5.0
18.4640829563,-5.0
18.8720798492,-5.0
19.2800779343,-4.97802734375
19.6880738735,-2.5
20.0960769653,-2.5
20.5040750504,-2.5
20.9120738506,-2.5
21.3200750351,-2.5
21.7280738354,-2.5
22.136070013,-2.5
22.5359148979,-2.5
22.9359769821,-2.5
23.3440458775,-2.5
23.7520649433,-2.5
24.1600649357,-2.5
24.5680680275,-2.5
24.9760639668,-2.5
25.3840630054,-2.0
25.7920589447,-2.0
26.2000598907,-2.0
26.6080598831,-2.0
27.0160608292,-2.0
27.4240560532,-2.0
27.8320579529,-2.0
28.2400569916,-2.0
28.6480548382,-2.0
29.0560500622,-2.0
29.4640519619,-2.0
29.8720488548,-2.0
30.2800500393,-2.0
30.6880469322,-2.0
31.0960469246,-2.451171875
31.5040450096,-2.392578125
31.9120440483,-2.3828125
32.3200449944,-2.24609375
32.7198870182,-2.197265625
33.1280210018,-1.97265625
33.5360388756,-2.021484375
33.9440379143,-1.953125
34.3520400524,-1.875
34.760035038,-1.92626953125
35.1680378914,-1.8017578125
35.5760319233,-1.77001953125
35.9840319157,-1.7041015625
36.392031908,-1.6552734375
36.8000309467,-1.67236328125
37.2080299854,-1.62353515625
37.6160309315,-1.552734375
38.0240278244,-1.45263671875
38.4320259094,-1.484375
38.8400239944,-1.45751953125
39.2480249405,-1.36474609375
39.6560208797,-1.37939453125
40.0640230179,-1.23046875
40.4720220566,-1.28173828125
40.8800189495,-1.2890625
41.2880170345,-1.1328125
41.6960179806,-1.19140625
42.1040158272,-1.11328125
42.503857851,-1.0546875
42.9118790627,-1.103515625
43.320016861,-1.005859375
43.728014946,-0.9765625
44.1360108852,-0.972900390625
44.5440099239,-0.9716796875
44.9520089626,-0.968017578125
45.3600080013,-0.9228515625
45.7680079937,-0.938720703125
46.1760048866,-0.9130859375
46.5840039253,-0.892333984375
46.992002964,-0.849609375
47.4000029564,-0.855712890625
47.8079998493,-0.8984375
48.2159998417,-0.84228515625
48.6239979267,-0.819091796875
49.0319979191,-0.791015625
49.4399950504,-0.8056640625
49.8479950428,-0.810546875
50.2559950352,-0.772705078125
50.6639950275,-0.76904296875
51.0719928741,-0.73974609375
51.4799919128,-0.758056640625
51.8879909515,-0.758056640625
52.2959890366,-0.68115234375
52.695827961,-0.6884765625
53.1039969921,-0.667724609375
53.5119848251,-0.689697265625
53.9199860096,-0.657958984375
54.3279819489,-0.626220703125
54.7359819412,-0.62744140625
55.1439578533,-0.604248046875
55.5519800186,-0.633544921875
55.9599778652,-0.635986328125
56.3679778576,-0.60546875
56.7759759426,-0.56640625
57.183975935,-0.53955078125
57.5919728279,-0.56396484375
57.9999699593,-0.533447265625
58.407971859,-0.54443359375
58.8159718513,-0.517578125
59.2239689827,-0.5078125
59.6319689751,-0.5029296875
60.039965868,-0.50048828125
60.4479689598,-0.521240234375
60.8559629917,-0.494384765625
61.2639648914,-0.482177734375
61.6719629765,-0.482177734375
62.0799639225,-0.46142578125
62.4798369408,-0.47119140625
62.8798048496,-0.467529296875
63.2879600525,-0.46875
63.6959588528,-0.455322265625
64.1039550304,-0.450439453125
64.5119559765,-0.439453125
64.9199540615,-0.44189453125
65.3279569149,-0.41015625
65.7359499931,-0.41259765625
66.1439499855,-0.418701171875
66.5519490242,-0.430908203125
66.9599499702,-0.438232421875
67.3679480553,-0.419921875
67.7759468555,-0.413818359375
68.1839449406,-0.40771484375
68.5919449329,-0.404052734375
68.9999680519,-0.40283203125
69.407943964,-0.400390625
69.8159439564,-0.386962890625
70.2239408493,-0.377197265625
70.6319379807,-0.37841796875
71.0399389267,-0.369873046875
71.4479389191,-0.362548828125
71.8559370041,-0.37109375
72.2639360428,-0.374755859375
72.6637849808,-0.343017578125
73.0637710094,-0.362548828125
73.4719119072,-0.35888671875
73.8799309731,-0.361328125
74.2879290581,-0.35400390625
74.6959278584,-0.3466796875
75.1039290428,-0.3076171875
75.5119249821,-0.333251953125
75.9199249744,-0.335693359375
76.3279240131,-0.32470703125
76.7359259129,-0.333251953125
77.1439230442,-0.29296875
77.5519199371,-0.30517578125
77.9599199295,-0.301513671875
78.3679189682,-0.289306640625
78.7759170532,-0.313720703125
79.1839148998,-0.29296875
79.5919139385,-0.2880859375
79.9999139309,-0.267333984375
80.4079120159,-0.29296875
80.8159120083,-0.267333984375
81.223911047,-0.279541015625
81.6319069862,-0.2685546875
82.0399060249,-0.28076171875
82.4398438931,-0.2685546875
82.8477768898,-0.2587890625
83.2558858395,-0.257568359375
83.6639039516,-0.25634765625
84.0719029903,-0.250244140625
84.479902029,-0.263671875
84.8879008293,-0.25146484375
85.2958989143,-0.252685546875
85.703897953,-0.23681640625
86.1118960381,-0.23193359375
86.5198969841,-0.250244140625
86.9278979301,-0.235595703125
87.3358938694,-0.235595703125
87.7438929081,-0.216064453125
88.1518938541,-0.21728515625
88.5598900318,-0.23193359375
88.9678888321,-0.208740234375
89.3758869171,-0.224609375
89.7838878632,-0.22216796875
90.1918849945,-0.220947265625
90.5998868942,-0.206298828125
91.0078818798,-0.213623046875
91.4158809185,-0.198974609375
91.8238830566,-0.2099609375
92.2318549156,-0.19287109375
92.6397368908,-0.196533203125
93.0477149487,-0.1904296875
93.4558768272,-0.203857421875
93.8638758659,-0.196533203125
94.2718749046,-0.218505859375
94.679874897,-0.20263671875
95.0878720284,-0.1953125
95.4958708286,-0.184326171875
95.9038689137,-0.18798828125
96.3118710518,-0.1904296875
96.719866991,-0.1904296875
97.1278688908,-0.189208984375
97.5358660221,-0.189208984375
97.9438650608,-0.205078125
98.3518650532,-0.18310546875
98.7598659992,-0.1708984375
99.167858839,-0.179443359375
99.5758600235,-0.174560546875
99.9838578701,-0.169677734375
100.391857862,-0.1708984375
100.79985404,-0.184326171875
101.207856894,-0.172119140625
101.615854025,-0.17578125
102.023854971,-0.17822265625
102.431748867,-0.157470703125
102.839727879,-0.15869140625
103.247855902,-0.172119140625
103.655849934,-0.164794921875
104.063851833,-0.15869140625
104.471848011,-0.17333984375
104.879844904,-0.17333984375
105.287842989,-0.1708984375
105.695842981,-0.164794921875
106.10384202,-0.164794921875
106.511841059,-0.174560546875
106.919841051,-0.172119140625
107.327838898,-0.152587890625
107.73583889,-0.16845703125
108.143834829,-0.16845703125
108.551836967,-0.14892578125
108.959832907,-0.147705078125
109.367832899,-0.157470703125
109.775835991,-0.152587890625
110.18383193,-0.142822265625
110.591830969,-0.133056640625
110.999829054,-0.157470703125
111.407827854,-0.152587890625
111.815829039,-0.142822265625
112.223824024,-0.14404296875
112.623749971,-0.140380859375
113.031661034,-0.13916015625
113.439823866,-0.137939453125
113.847820997,-0.1416015625
114.255820036,-0.146484375
114.663818836,-0.120849609375
115.071816921,-0.142822265625
115.479811907,-0.142822265625
115.88781786,-0.152587890625
116.295814037,-0.13427734375
116.70381403,-0.146484375
117.111811876,-0.145263671875
117.519810915,-0.1416015625
117.927809954,-0.140380859375
118.335806847,-0.11962890625
118.743806839,-0.147705078125
119.151808977,-0.123291015625
119.55980587,-0.140380859375
119.967807055,-0.13671875
120.375800848,-0.14404296875
120.783804893,-0.130615234375
121.191800833,-0.1171875
121.599799871,-0.1171875
122.007797003,-0.123291015625
122.415667057,-0.126953125
122.823668957,-0.111083984375
123.231775045,-0.103759765625
123.639792919,-0.12939453125
124.047793865,-0.118408203125
124.455790997,-0.1318359375
124.863791943,-0.123291015625
125.271790028,-0.12451171875
125.679787874,-0.107421875
126.087785959,-0.118408203125
126.495785952,-0.10986328125
126.903785944,-0.120849609375
127.311782837,-0.125732421875
127.719794035,-0.115966796875
128.127779007,-0.106201171875
128.535779953,-0.12451171875
128.943838835,-0.10986328125
129.351794958,-0.115966796875
129.759776831,-0.128173828125
130.167778015,-0.12451171875
130.575774908,-0.12939453125
130.9837749,-0.1123046875
131.391772985,-0.1171875
131.799770832,-0.118408203125
132.207769871,-0.123291015625
132.615639925,-0.108642578125
133.015614033,-0.118408203125
133.423785925,-0.125732421875
133.831768036,-0.123291015625
134.239763975,-0.1171875
134.647764921,-0.1123046875
135.055758953,-0.101318359375
135.463760853,-0.1220703125
135.871759892,-0.108642578125
136.27976203,-0.10009765625
136.687757969,-0.1025390625
137.095757961,-0.101318359375
137.503756046,-0.1025390625
137.911754847,-0.1123046875
138.319752932,-0.1025390625
138.727753878,-0.108642578125
139.13575387,-0.096435546875
139.543751001,-0.1171875
139.951747894,-0.10986328125
140.359750986,-0.107421875
140.767746925,-0.1220703125
141.175745964,-0.113525390625
141.58374691,-0.09521484375
141.991744041,-0.10498046875
142.39959693,-0.10986328125
142.799572945,-0.107421875
143.207579851,-0.103759765625
143.615743876,-0.11962890625
144.023737907,-0.10986328125
144.431736946,-0.108642578125
144.839735985,-0.1123046875
145.247733831,-0.09765625
145.65573287,-0.115966796875
146.063731909,-0.09765625
146.471730947,-0.09521484375
146.87973094,-0.10498046875
147.287729025,-0.089111328125
147.695731878,-0.103759765625
148.103724957,-0.10498046875
148.511725903,-0.09521484375
148.919724941,-0.108642578125
149.327723026,-0.108642578125
149.735720873,-0.093994140625
150.143720865,-0.086669921875
150.551717997,-0.093994140625
150.959719896,-0.1123046875
151.367717028,-0.0927734375
151.775715828,-0.09765625
152.183717012,-0.10986328125
152.591522932,-0.09521484375
152.999598026,-0.09033203125
153.407714844,-0.09033203125
153.815712929,-0.093994140625
154.223708868,-0.0927734375
154.63171196,-0.08544921875
155.039706945,-0.08544921875
155.447710037,-0.101318359375
155.85570693,-0.101318359375
156.263705969,-0.079345703125
156.671704054,-0.089111328125
157.079699993,-0.08544921875
157.487704039,-0.098876953125
157.895697832,-0.0830078125
158.30369997,-0.096435546875
158.711694956,-0.10009765625
159.119696856,-0.0927734375
159.527693987,-0.084228515625
159.935693979,-0.078125
160.343698025,-0.079345703125
160.751692057,-0.091552734375
161.159692049,-0.084228515625
161.567687988,-0.09521484375
161.975688934,-0.101318359375
162.383556843,-0.084228515625
162.783496857,-0.081787109375
163.191690922,-0.10498046875
163.599684954,-0.093994140625
164.007686853,-0.093994140625
164.415681839,-0.076904296875
164.823662043,-0.09521484375
165.231678009,-0.089111328125
165.639678001,-0.084228515625
166.047675848,-0.096435546875
166.455677986,-0.091552734375
166.863674879,-0.084228515625
167.271677017,-0.101318359375
167.67967391,-0.103759765625
168.087671995,-0.07080078125
168.495669842,-0.10009765625
168.903671026,-0.081787109375
169.311671972,-0.084228515625
169.719667912,-0.09521484375
170.127668858,-0.074462890625
170.535665035,-0.084228515625
170.943665981,-0.084228515625
171.351666927,-0.079345703125
171.759661913,-0.096435546875
172.167657852,-0.086669921875
172.567474842,-0.069580078125
172.967588902,-0.08056640625
173.375663042,-0.072021484375
173.783656836,-0.078125
174.191655874,-0.09033203125
174.599653959,-0.079345703125
175.007654905,-0.084228515625
175.415654898,-0.09765625
175.823652029,-0.08544921875
176.231648922,-0.087890625
176.639648914,-0.068359375
177.04764986,-0.0927734375
177.455646038,-0.09521484375
177.863643885,-0.079345703125
178.271643877,-0.074462890625
178.679643869,-0.087890625
179.087641954,-0.0830078125
179.4956429,-0.079345703125
179.90363884,-0.087890625
180.311637878,-0.07080078125
180.719636917,-0.079345703125
181.127635956,-0.078125
181.535635948,-0.093994140625
181.943634033,-0.093994140625
182.351585865,-0.086669921875
182.751502991,-0.081787109375
183.159626007,-0.072021484375
183.567633867,-0.072021484375
183.975630045,-0.091552734375
184.383627892,-0.069580078125
184.791627884,-0.076904296875
185.199604988,-0.07568359375
185.607624054,-0.078125
186.015622854,-0.0927734375
186.423620939,-0.0732421875
186.831621885,-0.079345703125
187.23961997,-0.091552734375
187.647619963,-0.089111328125
188.055616856,-0.07080078125
188.46361804,-0.091552734375
188.871613026,-0.067138671875
189.279628038,-0.069580078125
189.687612057,-0.076904296875
190.095613003,-0.07080078125
190.503609896,-0.074462890625
190.911610842,-0.0830078125
191.31960988,-0.081787109375
191.727606058,-0.0732421875
192.13560605,-0.08544921875
192.535445929,-0.07080078125
192.935518026,-0.079345703125
193.343607903,-0.078125
193.751602888,-0.086669921875
194.159600019,-0.072021484375
194.567597866,-0.068359375
194.975599051,-0.064697265625
195.383596897,-0.07080078125
195.791597843,-0.067138671875
196.199594021,-0.07080078125
196.607594013,-0.087890625
197.01559186,-0.09521484375
197.423591852,-0.0732421875
197.831586838,-0.08056640625
198.23958993,-0.064697265625
198.647588968,-0.0830078125
199.055588007,-0.086669921875
199.463587046,-0.07080078125
199.871584892,-0.091552734375
200.279585838,-0.069580078125
200.68758297,-0.06103515625
201.095578909,-0.086669921875
201.503579855,-0.08056640625
201.91157794,-0.0830078125
202.319578886,-0.06591796875
202.727483988,-0.07080078125
203.13555789,-0.0830078125
203.543573856,-0.06591796875
203.951573849,-0.08056640625
204.35957098,-0.06103515625
204.767573833,-0.074462890625
205.175570965,-0.086669921875
205.583570957,-0.069580078125
205.991566896,-0.0634765625
206.399569988,-0.062255859375
206.807562828,-0.087890625
207.21556592,-0.059814453125
207.623564005,-0.069580078125
208.031566858,-0.07568359375
208.439561844,-0.081787109375
208.847559929,-0.087890625
209.255558968,-0.072021484375
209.663555861,-0.0732421875
210.071557045,-0.06103515625
210.479557037,-0.05859375
210.887555838,-0.072021484375
211.295553923,-0.067138671875
211.703549862,-0.06591796875
212.111551046,-0.081787109375
212.511415958,-0.086669921875
212.911393881,-0.087890625
213.319552898,-0.0732421875
213.727548838,-0.062255859375
214.135544062,-0.067138671875
214.543544054,-0.081787109375
214.951542854,-0.08056640625
215.359542847,-0.076904296875
215.767541885,-0.064697265625
216.175544024,-0.062255859375
216.583534956,-0.054931640625
216.991538048,-0.076904296875
217.399534941,-0.06103515625
217.807535887,-0.067138671875
218.215534925,-0.07568359375
218.623532057,-0.07568359375
219.031530857,-0.06591796875
219.439534903,-0.078125
219.847532034,-0.079345703125
220.25552702,-0.069580078125
220.663530827,-0.06591796875
221.071527004,-0.0732421875
221.479524851,-0.084228515625
221.88752389,-0.0634765625
222.295526981,-0.0732421875
222.703363895,-0.059814453125
223.111501932,-0.068359375
223.519518852,-0.05859375
223.927520037,-0.064697265625
224.335520029,-0.062255859375
224.743516922,-0.057373046875
225.151516914,-0.069580078125
225.559514046,-0.068359375
225.967512846,-0.062255859375
226.375510931,-0.0537109375
226.783511877,-0.054931640625
227.191511869,-0.074462890625
227.599510908,-0.0634765625
228.007508993,-0.068359375
228.41550684,-0.069580078125
228.823505878,-0.05615234375
229.231504917,-0.057373046875
229.63950491,-0.069580078125
230.047502041,-0.067138671875
230.455502033,-0.05126953125
230.863500834,-0.069580078125
231.271499872,-0.07080078125
231.679497004,-0.062255859375
232.08749795,-0.054931640625
232.487334967,-0.057373046875
232.887341022,-0.0537109375
233.295498848,-0.05859375
233.70349288,-0.05126953125
234.111495018,-0.069580078125
234.519490957,-0.059814453125
234.927489996,-0.068359375
235.335463047,-0.067138671875
235.743489981,-0.0732421875
236.151481867,-0.072021484375
236.559484959,-0.079345703125
236.967483997,-0.054931640625
237.37548399,-0.07568359375
237.783481836,-0.06591796875
238.191480875,-0.064697265625
238.599482059,-0.068359375
239.007478952,-0.057373046875
239.415477037,-0.052490234375
239.82347703,-0.059814453125
240.23147583,-0.057373046875
240.639474869,-0.06103515625
241.047468901,-0.07568359375
241.455471992,-0.078125
241.863466024,-0.054931640625
242.271468878,-0.069580078125
242.671306849,-0.078125
243.079448938,-0.057373046875
243.487463951,-0.057373046875
243.89546895,-0.07568359375
244.303465843,-0.062255859375
244.711462021,-0.072021484375
245.119462967,-0.068359375
245.52745986,-0.069580078125
245.935461044,-0.057373046875
246.343457937,-0.059814453125
246.751456976,-0.057373046875
247.159455061,-0.074462890625
247.567453861,-0.052490234375
247.975453854,-0.064697265625
248.383451939,-0.05859375
248.791451931,-0.062255859375
249.19946599,-0.06591796875
249.607449055,-0.05615234375
250.015447855,-0.07568359375
250.42344594,-0.05615234375
250.831444979,-0.07568359375
251.239444971,-0.05859375
251.64744401,-0.062255859375
252.055443048,-0.0537109375
252.455237865,-0.074462890625
252.863306999,-0.0634765625
253.27144289,-0.06103515625
253.679440022,-0.08544921875
254.087437868,-0.0732421875
254.49544096,-0.054931640625
254.903435946,-0.062255859375
255.311434031,-0.064697265625
255.71942997,-0.06103515625
256.127429962,-0.062255859375
256.535428047,-0.050048828125
256.943429947,-0.0537109375
257.35142684,-0.050048828125
257.759426832,-0.062255859375
258.16742301,-0.05126953125
258.575423002,-0.0537109375
258.983423948,-0.054931640625
259.391422987,-0.07080078125
259.799418926,-0.05126953125
260.207422972,-0.057373046875
260.615422964,-0.0634765625
261.023418903,-0.064697265625
261.431416035,-0.05859375
261.839416981,-0.0439453125
262.247411966,-0.06591796875
262.64725399,-0.057373046875
263.055258989,-0.059814453125
263.463413,-0.057373046875
263.871410847,-0.05126953125
264.279407978,-0.069580078125
264.687408924,-0.052490234375
265.095406055,-0.068359375
265.503404856,-0.05615234375
265.911404848,-0.074462890625
266.319408894,-0.06591796875
266.727401972,-0.06591796875
267.135398865,-0.05615234375
267.543398857,-0.068359375
267.951397896,-0.068359375
268.359395981,-0.06591796875
268.767395973,-0.05615234375
269.175396919,-0.059814453125
269.583395004,-0.0537109375
269.99139595,-0.052490234375
270.399390936,-0.074462890625
270.807389021,-0.05126953125
271.215389013,-0.05615234375
271.623389959,-0.054931640625
272.031388998,-0.062255859375
272.439267874,-0.069580078125
272.839231968,-0.068359375
273.247362852,-0.0732421875
273.655382872,-0.045166015625
274.06338191,-0.054931640625
274.471380949,-0.054931640625
274.879379988,-0.064697265625
275.287377834,-0.07080078125
275.695375919,-0.062255859375
276.103376865,-0.052490234375
276.51137495,-0.072021484375
276.919371843,-0.07080078125
277.327376842,-0.05126953125
277.735376835,-0.07080078125
278.143370867,-0.072021484375
278.551367998,-0.048828125
278.959368944,-0.054931640625
279.367367029,-0.068359375
279.775367022,-0.054931640625
280.18336606,-0.069580078125
280.591364861,-0.07080078125
280.999361038,-0.076904296875
281.407361984,-0.0634765625
281.815361023,-0.05126953125
282.22335887,-0.07080078125
282.63120389,-0.0537109375
283.039250851,-0.067138671875
283.447360992,-0.05615234375
283.855355024,-0.067138671875
284.263352871,-0.069580078125
284.671355009,-0.0537109375
285.079350948,-0.07080078125
285.487349987,-0.048828125
285.895349026,-0.05126953125
286.303347826,-0.0537109375
286.711346865,-0.069580078125
287.119343996,-0.074462890625
287.527343035,-0.05859375
287.935344934,-0.079345703125
288.343341827,-0.048828125
288.751343012,-0.067138671875
289.159343958,-0.067138671875
289.56733799,-0.05615234375
289.975337029,-0.05859375
290.383335829,-0.0439453125
290.791333914,-0.069580078125
291.199333906,-0.0537109375
291.607332945,-0.069580078125
292.015333891,-0.0537109375
292.423193932,-0.05859375
292.831195831,-0.057373046875
293.23933506,-0.0634765625
293.6473279,-0.068359375
294.055323839,-0.07080078125
294.463325977,-0.07568359375
294.871326923,-0.0634765625
295.279324055,-0.0634765625
295.687320948,-0.06103515625
296.095316887,-0.054931640625
296.503320932,-0.05126953125
296.911319971,-0.072021484375
297.319318056,-0.062255859375
297.727318048,-0.045166015625
298.135313034,-0.054931640625
298.543314934,-0.07568359375
298.951311827,-0.072021484375
299.359313965,-0.054931640625
299.76731205,-0.064697265625
300.175312042,-0.047607421875
300.583307981,-0.06591796875
300.991304874,-0.052490234375
301.399307013,-0.07080078125
301.807304859,-0.048828125
302.215306044,-0.052490234375
302.623142958,-0.06591796875
303.031208992,-0.05859375
303.439306974,-0.072021484375
303.847298861,-0.052490234375
304.255297899,-0.045166015625
304.663296938,-0.04638671875
305.07129693,-0.0634765625
305.479295015,-0.05615234375
305.887295961,-0.062255859375
306.295290947,-0.054931640625
306.703291893,-0.0634765625
307.111286879,-0.03662109375
307.519273043,-0.067138671875
307.927261829,-0.05615234375
308.335288048,-0.06103515625
308.743285894,-0.04638671875
309.151306868,-0.06103515625
309.559283972,-0.0634765625
309.96728301,-0.059814453125
310.375282049,-0.07080078125
310.783282042,-0.054931640625
311.191278934,-0.04638671875
311.599279881,-0.059814453125
312.007276058,-0.048828125
312.415205956,-0.050048828125
312.815114975,-0.052490234375
313.22328186,-0.052490234375
313.631273031,-0.052490234375
314.039268017,-0.054931640625
314.44727087,-0.054931640625
314.855270863,-0.072021484375
315.26326704,-0.047607421875
315.67126894,-0.06103515625
316.079267979,-0.064697265625
316.487269878,-0.0537109375
316.895266056,-0.059814453125
317.303261995,-0.05126953125
317.711259842,-0.0537109375
318.119262934,-0.048828125
318.527259827,-0.05615234375
318.935257912,-0.05126953125
319.343255997,-0.05126953125
319.751256943,-0.047607421875
320.159253836,-0.0537109375
320.567252874,-0.064697265625
320.975251913,-0.069580078125
321.383252859,-0.048828125
321.791250944,-0.052490234375
322.199249983,-0.064697265625
322.599087954,-0.062255859375
322.999104023,-0.045166015625
323.407251835,-0.057373046875
323.815243959,-0.062255859375
324.223243952,-0.05615234375
324.63124299,-0.059814453125
325.039242029,-0.048828125
325.447240829,-0.05859375
325.855237007,-0.054931640625
326.263239861,-0.054931640625
326.671236038,-0.048828125
327.079233885,-0.07080078125
327.48723793,-0.069580078125
327.895237923,-0.037841796875
328.303231001,-0.064697265625
328.711231947,-0.050048828125
329.119227886,-0.0537109375
329.527226925,-0.059814453125
329.935226917,-0.06103515625
330.34322691,-0.050048828125
330.751225948,-0.07080078125
331.159224987,-0.04150390625
331.567222834,-0.048828125
331.975222826,-0.0537109375
332.383080006,-0.0634765625
332.783117056,-0.05859375
333.191222906,-0.06103515625
333.599217892,-0.052490234375
334.00721693,-0.05859375
334.415216923,-0.0634765625
334.823215008,-0.057373046875
335.231209993,-0.062255859375
335.639211893,-0.054931640625
336.047207832,-0.047607421875
336.45520997,-0.069580078125
336.863209009,-0.064697265625
337.271209955,-0.05859375
337.679208994,-0.06103515625
338.087204933,-0.06103515625
338.495208979,-0.04638671875
338.903203011,-0.04638671875
339.311202049,-0.074462890625
339.719198942,-0.06591796875
340.127198935,-0.05859375
340.535197973,-0.057373046875
340.943196058,-0.054931640625
341.351197004,-0.048828125
341.759196043,-0.069580078125
342.167188883,-0.05126953125
342.567086935,-0.067138671875
342.975174904,-0.068359375
343.383196831,-0.064697265625
343.791193962,-0.05859375
344.199193954,-0.052490234375
344.607185841,-0.07080078125
345.015185833,-0.062255859375
345.423184872,-0.047607421875
345.83118701,-0.064697265625
346.239182949,-0.07080078125
346.647182941,-0.06103515625
347.055181026,-0.04638671875
347.463181019,-0.062255859375
347.87115097,-0.072021484375
348.279177904,-0.040283203125
348.687175989,-0.04638671875
349.095175028,-0.05126953125
349.503172874,-0.057373046875
349.911171913,-0.050048828125
350.319171906,-0.05126953125
350.727170944,-0.047607421875
351.135167837,-0.048828125
351.543166876,-0.040283203125
351.95116806,-0.072021484375
352.359051943,-0.06103515625
352.758975029,-0.05126953125
353.167158842,-0.052490234375
353.575162888,-0.04638671875
353.983160973,-0.0634765625
354.391160965,-0.057373046875
354.799160957,-0.0634765625
355.20716095,-0.048828125
355.615157843,-0.057373046875
356.02315402,-0.068359375
356.43115592,-0.0537109375
356.839153051,-0.059814453125
357.247151852,-0.068359375
357.655149937,-0.06103515625
358.063150883,-0.048828125
358.471148014,-0.07080078125
358.87914896,-0.048828125
359.287145853,-0.05859375
359.695144892,-0.048828125
360.10314393,-0.069580078125
360.511144876,-0.0439453125
360.919142008,-0.062255859375
361.327139854,-0.045166015625
361.735138893,-0.069580078125
362.143137932,-0.05615234375
362.550988913,-0.0537109375
362.959117889,-0.057373046875
363.367137909,-0.0537109375
363.775132895,-0.048828125
364.183132887,-0.0439453125
364.591131926,-0.050048828125
364.999129057,-0.062255859375
365.407130003,-0.06591796875
365.815129042,-0.067138671875
366.223126888,-0.062255859375
366.631125927,-0.050048828125
367.039125919,-0.048828125
367.447121859,-0.059814453125
367.855121851,-0.057373046875
368.263121843,-0.062255859375
368.671116829,-0.067138671875
369.079133987,-0.06591796875
369.487118006,-0.062255859375
369.895115852,-0.05859375
370.303113937,-0.06103515625
370.711086988,-0.05859375
371.119112968,-0.05615234375
371.527112007,-0.067138671875
371.935109854,-0.0634765625
372.343086004,-0.042724609375
372.742964983,-0.062255859375
373.151113033,-0.06591796875
373.559108019,-0.04150390625
373.967104912,-0.050048828125
374.375105858,-0.047607421875
374.783102036,-0.05126953125
375.191102982,-0.062255859375
375.599099874,-0.067138671875
376.007101059,-0.062255859375
376.415096998,-0.057373046875
376.823097944,-0.06591796875
377.231094837,-0.062255859375
377.639096022,-0.072021484375
378.04709506,-0.067138671875
378.455091953,-0.06591796875
378.863091946,-0.04638671875
379.271091938,-0.054931640625
379.67909193,-0.07080078125
380.087090015,-0.05615234375
380.495086908,-0.05615234375
380.903086901,-0.047607421875
381.311085939,-0.06103515625
381.719084024,-0.0537109375
382.127082825,-0.04638671875
382.526929855,-0.0439453125
382.935081005,-0.050048828125
383.343082905,-0.05859375
383.751073837,-0.07568359375
384.159077883,-0.0634765625
384.567075014,-0.069580078125
384.975062847,-0.059814453125
385.383074045,-0.052490234375
385.791072845,-0.04150390625
386.19907093,-0.050048828125
386.607069969,-0.054931640625
387.015068054,-0.048828125
387.423068047,-0.0439453125
387.831042051,-0.037841796875
388.239065886,-0.064697265625
388.647064924,-0.062255859375
389.055063009,-0.04150390625
389.46303606,-0.07080078125
389.871062994,-0.064697265625
390.279059887,-0.04150390625
390.687059879,-0.048828125
391.095058918,-0.057373046875
391.503057003,-0.057373046875
391.911056042,-0.057373046875
392.319052935,-0.0390625
392.7189219,-0.037841796875
393.127053022,-0.040283203125
393.535052061,-0.05126953125
393.943050861,-0.0439453125
394.351022005,-0.059814453125
394.759047985,-0.037841796875
395.167047977,-0.0439453125
395.575019836,-0.042724609375
395.983017921,-0.042724609375
396.391044855,-0.032958984375
396.799041986,-0.0537109375
397.207041025,-0.059814453125
397.615038872,-0.064697265625
398.023038864,-0.05126953125
398.431037903,-0.064697265625
398.839035988,-0.037841796875
399.24703598,-0.062255859375
399.655035973,-0.057373046875
400.063006878,-0.064697265625
400.471031904,-0.050048828125
400.879029989,-0.06591796875
401.287029982,-0.037841796875
401.69502902,-0.057373046875
402.103028059,-0.05126953125
402.50288105,-0.052490234375
402.902892828,-0.040283203125
403.311002016,-0.064697265625
403.719023943,-0.042724609375
404.127020836,-0.04150390625
404.534994841,-0.064697265625
404.943019867,-0.059814453125
405.350992918,-0.042724609375
405.759014845,-0.05126953125
406.166992903,-0.052490234375
406.575016022,-0.059814453125
406.98301506,-0.04638671875
407.390987873,-0.04150390625
407.799012899,-0.054931640625
408.207010984,-0.048828125
408.614986897,-0.062255859375
409.02300787,-0.047607421875
409.431006908,-0.042724609375
409.83900404,-0.042724609375
410.247006893,-0.0634765625
410.654978037,-0.0439453125
411.062978983,-0.0439453125
411.471001863,-0.05859375
411.878999949,-0.052490234375
412.286999941,-0.04638671875
412.686797857,-0.0537109375
413.094986916,-0.06591796875
413.502996922,-0.04150390625
413.910899878,-0.06591796875
414.318994999,-0.05126953125
414.726991892,-0.054931640625
415.134991884,-0.042724609375
415.542964935,-0.054931640625
415.950989962,-0.050048828125
416.358986855,-0.05615234375
416.766986847,-0.052490234375
417.174990892,-0.062255859375
417.582983971,-0.048828125
417.990982056,-0.05126953125
418.398983955,-0.045166015625
418.80698204,-0.0390625
419.214980841,-0.0390625
419.622975826,-0.0390625
420.030977011,-0.05615234375
420.43896389,-0.048828125
420.846978903,-0.045166015625
421.254973888,-0.059814453125
421.662974834,-0.030517578125
422.070976973,-0.067138671875
422.470787048,-0.05615234375
422.870813847,-0.05859375
423.278964043,-0.057373046875
423.686969042,-0.04150390625
424.094967842,-0.042724609375
424.502965927,-0.052490234375
424.910953999,-0.059814453125
425.318964005,-0.057373046875
425.726963997,-0.04638671875
426.134959936,-0.04638671875
426.542961836,-0.054931640625
426.950958967,-0.042724609375
427.358952999,-0.04150390625
427.766968012,-0.05615234375
428.174954891,-0.059814453125
428.582952023,-0.0537109375
428.990944862,-0.062255859375
429.39894104,-0.037841796875
429.806951046,-0.069580078125
430.214949846,-0.057373046875
430.622948885,-0.05126953125
431.03094697,-0.0439453125
431.438947916,-0.06103515625
431.846943855,-0.0341796875
432.254943848,-0.0634765625
432.654811859,-0.0537109375
433.062753916,-0.0439453125
433.470952988,-0.0390625
433.878926992,-0.05859375
434.286947966,-0.068359375
434.694949865,-0.042724609375
435.102943897,-0.0390625
435.51094389,-0.062255859375
435.918942928,-0.050048828125
436.326943874,-0.057373046875
436.734941006,-0.0439453125
437.142951012,-0.037841796875
437.550940037,-0.042724609375
437.958941936,-0.057373046875
438.366935968,-0.05126953125
438.774935007,-0.035400390625
439.182936907,-0.0537109375
439.590932846,-0.047607421875
439.998932838,-0.042724609375
440.406931877,-0.062255859375
440.814929008,-0.04150390625
441.222931862,-0.05615234375
441.630928993,-0.05615234375
442.038928032,-0.037841796875
442.446826935,-0.0390625
442.84670496,-0.03662109375
443.254930019,-0.052490234375
443.662926912,-0.042724609375
444.070924044,-0.0439453125
444.478920937,-0.04150390625
444.886919022,-0.05859375
445.294915915,-0.048828125
445.702916861,-0.052490234375
446.110918045,-0.048828125
446.518914938,-0.05859375
446.926913977,-0.042724609375
447.334913969,-0.05126953125
447.742910862,-0.035400390625
448.150912046,-0.052490234375
448.558910847,-0.059814453125
448.966909885,-0.057373046875
449.374910831,-0.048828125
449.782906055,-0.05859375
450.190906048,-0.037841796875
450.598903894,-0.067138671875
451.00690484,-0.03662109375
451.414904833,-0.0537109375
451.822901964,-0.052490234375
452.230900049,-0.0439453125
452.638738871,-0.05126953125
453.04674983,-0.0537109375
453.454900026,-0.04638671875
453.862896919,-0.062255859375
454.270900011,-0.064697265625
454.678894043,-0.050048828125
455.086894035,-0.0390625
455.494890928,-0.062255859375
455.90289402,-0.062255859375
456.310889959,-0.05126953125
456.718890905,-0.05615234375
457.126889944,-0.0634765625
457.534888029,-0.0439453125
457.942885876,-0.062255859375
458.350884914,-0.05126953125
458.758882046,-0.05126953125
459.166895866,-0.0390625
459.57488203,-0.0390625
459.982882977,-0.047607421875
460.390878916,-0.054931640625
460.798878908,-0.037841796875
461.206879854,-0.03662109375
461.614877939,-0.0439453125
462.022873878,-0.04638671875
462.430685043,-0.06103515625
462.83069706,-0.0341796875
463.238853931,-0.040283203125
463.646872044,-0.06591796875
464.054872036,-0.045166015625
464.462872982,-0.062255859375
464.870868921,-0.0537109375
465.278867006,-0.050048828125
465.686864853,-0.05615234375
466.094863892,-0.064697265625
466.502863884,-0.045166015625
466.910861969,-0.042724609375
467.318861961,-0.057373046875
467.726862907,-0.057373046875
468.134835005,-0.06103515625
468.542856932,-0.048828125
468.950856924,-0.045166015625
469.358854055,-0.0439453125
469.766855001,-0.057373046875
470.174851894,-0.0439453125
470.582851887,-0.0390625
470.990850925,-0.057373046875
471.398846865,-0.06103515625
471.80685091,-0.052490234375
472.214846849,-0.042724609375
472.622711897,-0.048828125
473.030701876,-0.062255859375
473.438846827,-0.045166015625
473.846845865,-0.042724609375
474.254844904,-0.050048828125
474.662842035,-0.059814453125
475.070842028,-0.047607421875
475.478840828,-0.05859375
475.886837959,-0.0537109375
476.294833899,-0.048828125
476.702834845,-0.05859375
477.110833883,-0.042724609375
477.518834829,-0.037841796875
477.926836967,-0.06103515625
478.334830999,-0.037841796875
478.742831945,-0.059814453125
479.15083003,-0.052490234375
479.558828831,-0.04638671875
479.966826916,-0.0634765625
480.374826908,-0.052490234375
480.7828269,-0.04150390625
481.190825939,-0.0390625
481.598820925,-0.0439453125
482.006818056,-0.057373046875
482.414701939,-0.05859375
482.81464386,-0.064697265625
483.22282505,-0.06591796875
483.630821943,-0.0390625
484.038817883,-0.035400390625
484.446815968,-0.0439453125
484.85481286,-0.035400390625
485.262814045,-0.047607421875
485.670811892,-0.0390625
486.078811884,-0.054931640625
486.486809015,-0.0390625
486.894806862,-0.04150390625
487.302806854,-0.0390625
487.710809946,-0.0390625
488.118806839,-0.04150390625
488.526801825,-0.05615234375
488.934803963,-0.05126953125
489.342823029,-0.0537109375
489.750808001,-0.050048828125
490.15880084,-0.04638671875
490.566797972,-0.059814453125
490.974797964,-0.04150390625
491.382796049,-0.048828125
491.790796041,-0.062255859375
492.198792934,-0.042724609375
492.598618984,-0.054931640625
493.006665945,-0.037841796875
493.414799929,-0.04150390625
493.822789907,-0.040283203125
494.230792046,-0.0537109375
494.638787985,-0.0439453125
495.046789885,-0.062255859375
495.45478487,-0.029296875
495.862783909,-0.035400390625
496.270782948,-0.042724609375
496.67878294,-0.054931640625
497.086781979,-0.052490234375
497.494781971,-0.045166015625
497.902778864,-0.04150390625
498.310777903,-0.042724609375
498.718775034,-0.0439453125
499.126776934,-0.05615234375
499.534776926,-0.028076171875
499.942772865,-0.037841796875
500.350775003,-0.050048828125
500.758770943,-0.0341796875
501.16674304,-0.035400390625
501.574769974,-0.037841796875
501.982768059,-0.0390625
502.39054203,-0.032958984375
502.790565014,-0.042724609375
503.198740959,-0.032958984375
503.606762886,-0.062255859375
504.014762878,-0.040283203125
504.422739983,-0.0390625
504.830761909,-0.0634765625
505.238757849,-0.052490234375
505.646756887,-0.0439453125
506.054754019,-0.045166015625
506.462756872,-0.0390625
506.87074995,-0.04150390625
507.27875185,-0.05615234375
507.686746836,-0.035400390625
508.094750881,-0.05859375
508.50274992,-0.0537109375
508.910747051,-0.0390625
509.318745852,-0.052490234375
509.726745844,-0.042724609375
510.134742975,-0.04638671875
510.54274106,-0.0537109375
510.950739861,-0.0390625
511.358741045,-0.05615234375
511.766741037,-0.04150390625
512.174742937,-0.040283203125
512.574578047,-0.05859375
512.982588053,-0.04150390625
513.390738964,-0.050048828125
513.798732996,-0.029296875
514.206743002,-0.048828125
514.614729881,-0.04150390625
515.022727966,-0.035400390625
515.430727005,-0.02685546875
515.838726044,-0.064697265625
516.246726036,-0.032958984375
516.654723883,-0.052490234375
517.062724829,-0.03662109375
517.470720053,-0.047607421875
517.878718853,-0.0390625
518.286718845,-0.042724609375
518.694717884,-0.054931640625
519.102715015,-0.045166015625
519.510715961,-0.04150390625
519.918714046,-0.0341796875
520.326714993,-0.032958984375
520.734711885,-0.057373046875
521.142710924,-0.047607421875
521.550709009,-0.0390625
521.958709002,-0.05615234375
522.366565943,-0.0537109375
522.766558886,-0.0537109375
523.174684048,-0.04150390625
523.582705021,-0.030517578125
523.990707874,-0.054931640625
524.398700953,-0.04150390625
524.806699038,-0.0439453125
525.214711905,-0.047607421875
525.62269783,-0.06103515625
526.030695915,-0.054931640625
526.438698053,-0.054931640625
526.846694946,-0.032958984375
527.254691839,-0.040283203125
527.662691832,-0.035400390625
528.07069087,-0.03173828125
528.478689909,-0.02685546875
528.88668704,-0.03173828125
529.294687033,-0.050048828125
529.702684879,-0.0390625
530.110685825,-0.052490234375
530.518684864,-0.047607421875
530.926682949,-0.05126953125
531.334682941,-0.04638671875
531.742678881,-0.05615234375
532.150665998,-0.02685546875
532.550477028,-0.057373046875
532.958652973,-0.050048828125
533.366684914,-0.0341796875
533.774665833,-0.0439453125
534.18266201,-0.035400390625
534.590658903,-0.04150390625
534.998661995,-0.037841796875
535.406657934,-0.050048828125
535.814657927,-0.057373046875
536.222656012,-0.05859375
536.63065505,-0.04638671875
537.038652897,-0.06103515625
537.446652889,-0.050048828125
537.854650021,-0.0537109375
538.262650967,-0.040283203125
538.670650005,-0.0390625
539.078647852,-0.052490234375
539.486646891,-0.04638671875
539.894645929,-0.04638671875
540.302644968,-0.048828125
540.710644007,-0.048828125
541.118641853,-0.05859375
541.526640892,-0.045166015625
541.934638977,-0.057373046875
542.342597961,-0.0537109375
542.742460966,-0.0390625
543.150615931,-0.07080078125
