0.124917984009,-0.02197265625
0.536092996597,-0.02685546875
0.944082021713,-0.0244140625
1.35211396217,-0.029296875
1.76010799408,-0.020751953125
2.16811490059,-0.020751953125
2.57595586777,-0.02197265625
2.98411393166,-0.02197265625
3.3921020031,-0.0244140625
3.80010795593,-0.0341796875
4.20810890198,-0.01708984375
4.61609482765,-0.029296875
5.0241060257,-0.025634765625
5.43210196495,-0.020751953125
5.84009385109,-0.020751953125
6.24810290337,-0.02685546875
6.65609788895,-0.025634765625
7.06410503387,-0.030517578125
7.47209000587,-0.018310546875
7.88006496429,-0.01220703125
8.2881000042,-0.029296875
8.6960849762,-0.0146484375
9.10408997536,-0.023193359375
9.51209402084,-0.023193359375
9.92008090019,-0.025634765625
10.3280918598,-0.0244140625
10.7360858917,-0.02685546875
11.1440889835,-2.5
11.552079916,-2.5
11.9600789547,-2.5
12.3599798679,-2.5
12.7598938942,-2.5
13.1680819988,-2.5
13.5760710239,-2.5
13.984074831,-2.5
14.3920710087,-2.5
14.800069809,-2.5
15.2080719471,-2.5
15.6160678864,-2.5
16.0240638256,-2.5
16.432063818,-2.5
16.840061903,-2.5
17.2480649948,-2.5
17.6560590267,-2.5
18.0640628338,-2.5
18.4720590115,-2.5
18.8800549507,-2.5
19.2880599499,-2.5
19.6960539818,-2.5
20.1040549278,-2.5
20.5120549202,-2.5
20.9200499058,-2.5
21.3280529976,-2.5
21.7360470295,-2.5
22.1440529823,-2.5
22.5519478321,-2.5
22.960089922,-2.5
23.3680529594,-2.5
23.7760438919,-2.5
24.1840498447,-2.5
24.5920419693,-2.5
25.000043869,-2.5
25.4080398083,-2.5
25.8160378933,-2.5
26.2240419388,-2.5
26.632035017,-2.5
27.0400369167,-2.5
27.4480350018,-2.5
27.8560328484,-2.5
28.2640349865,-2.5
28.6720328331,-2.5
29.0800299644,-2.5
29.4880328178,-2.5
29.8960268497,-2.5
30.3040058613,-2.5
30.7120230198,-2.5
31.1200268269,-2.5
31.5280280113,-2.5
31.9360229969,-2.5
32.3438580036,-2.5
32.7439208031,-2.5
33.1520338058,-2.5
33.5600159168,-2.5
33.9680178165,-2.5
34.3760199547,-2.5
34.7840149403,-2.5
35.1920249462,-2.5
35.6000099182,-2.5
36.0080108643,-2.5
36.4160130024,-2.5
36.8240098953,-2.5
37.2320120335,-2.5
37.6400079727,-2.5
38.0480089188,-2.5
38.4560039043,-2.5
38.8640010357,-2.5
39.2720048428,-2.5
39.6800019741,-2.5
40.0880038738,-2.5
40.4960019588,-2.5
40.9039969444,-2.5
41.3120009899,-2.5
41.7199959755,-2.5
42.1279928684,-2.5
42.5278618336,-2.5
42.9359719753,-2.5
43.343998909,-2.5
43.7519879341,-2.5
44.1599948406,-2.5
44.5679838657,-2.5
44.9759869576,-2.5
45.3839859962,-2.5
45.7919859886,-2.5
46.1999878883,-2.5
46.6079809666,-2.5
47.0159938335,-2.5
47.4239828587,-2.5
47.8319778442,-2.5
48.2399809361,-2.5
48.647974968,-2.5
49.0559768677,-2.5
49.4639728069,-2.5
49.8719689846,-2.5
50.2799730301,-2.5
50.687969923,-2.5
51.0959739685,-2.5
51.5039718151,-2.5
51.911965847,-2.5
52.3117828369,-2.5
52.7198309898,-2.5
53.1279728413,-2.5
53.5359628201,-2.5
53.9439609051,-2.5
54.3519608974,-2.5
54.7599589825,-2.5
55.1679568291,-2.5
55.5759589672,-2.5
55.983951807,-2.5
56.3919579983,-2.5
56.7999548912,-2.5
57.2079598904,-2.5
57.6159479618,-2.5
58.0239458084,-2.5
58.4319529533,-2.5
58.8399460316,-2.5
59.2479259968,-2.5
59.6559448242,-2.5
60.0639419556,-2.5
60.471944809,-2.5
60.8799409866,-2.5
61.28794384,-2.5
61.6959369183,-2.5
62.1039428711,-2.5
62.5119049549,-2.5
62.9117748737,-2.5
63.3199429512,-2.5
63.72793293,-2.5
64.1359319687,-2.44262695312
64.5439319611,-2.47192382812
64.951925993,-2.44506835938
65.3599319458,-2.26928710938
65.7679269314,-2.23388671875
66.1759040356,-2.05322265625
66.5839259624,-1.99340820312
66.9919219017,-2.05444335938
67.3999259472,-1.89331054688
67.8079240322,-1.92993164062
68.2159240246,-1.79443359375
68.6239190102,-1.8017578125
69.0319178104,-1.82006835938
69.4399240017,-1.69799804688
69.8479118347,-1.72241210938
70.2559199333,-1.54296875
70.6639118195,-1.58569335938
71.0719158649,-1.45141601562
71.4799108505,-1.50024414062
71.8879098892,-1.44653320312
72.2877788544,-1.3330078125
72.6877799034,-1.3671875
73.0959208012,-1.2451171875
73.5039069653,-1.25
73.9119029045,-1.2744140625
74.31990695,-1.13403320312
74.7279000282,-1.14501953125
75.1359028816,-1.01806640625
75.5439019203,-1.04736328125
75.9518969059,-1.03271484375
76.3599019051,-0.982666015625
76.7678968906,-1.00463867188
77.1758928299,-0.941162109375
77.583894968,-0.95947265625
77.9918928146,-0.953369140625
78.3998968601,-0.916748046875
78.807888031,-0.921630859375
79.2159018517,-0.8837890625
79.6238598824,-0.8740234375
80.031886816,-0.867919921875
80.4398899078,-0.8544921875
80.8478829861,-0.830078125
81.2558870316,-0.8154296875
81.6638820171,-0.782470703125
82.0718820095,-0.79833984375
82.4797849655,-0.771484375
82.8797328472,-0.75927734375
83.2878649235,-0.753173828125
83.6958768368,-0.721435546875
84.103883028,-0.716552734375
84.5118768215,-0.697021484375
84.9198749065,-0.706787109375
85.3278748989,-0.6689453125
85.7358708382,-0.6787109375
86.1438720226,-0.638427734375
86.5518708229,-0.657958984375
86.9598670006,-0.640869140625
87.367869854,-0.609130859375
87.7758638859,-0.633544921875
88.1838669777,-0.574951171875
88.5918660164,-0.58837890625
88.9998629093,-0.55908203125
89.4078660011,-0.565185546875
89.8158619404,-0.5419921875
90.2238628864,-0.5078125
90.6318569183,-0.513916015625
91.0398569107,-0.5078125
91.4478600025,-0.506591796875
91.8558540344,-0.491943359375
92.2637319565,-0.48583984375
92.6637070179,-0.479736328125
93.0718569756,-0.479736328125
93.4798579216,-0.46875
93.8878479004,-0.467529296875
94.2958528996,-0.46875
94.7038459778,-0.45654296875
95.1118528843,-0.457763671875
95.5198459625,-0.440673828125
95.9278409481,-0.46142578125
96.3358488083,-0.418701171875
96.7438399792,-0.438232421875
97.1518440247,-0.413818359375
97.5598399639,-0.4296875
97.9678378105,-0.41015625
98.375838995,-0.418701171875
98.7838349342,-0.400390625
99.1918358803,-0.400390625
99.5998368263,-0.406494140625
100.007830858,-0.390625
100.415834904,-0.390625
100.823829889,-0.3759765625
101.231829882,-0.367431640625
101.639832973,-0.364990234375
102.047825813,-0.361328125
102.447696924,-0.357666015625
102.847757816,-0.367431640625
103.255833864,-0.350341796875
103.663821936,-0.345458984375
104.071818829,-0.360107421875
104.479823828,-0.33935546875
104.887818813,-0.3369140625
105.295823812,-0.321044921875
105.70381403,-0.340576171875
106.111816883,-0.30029296875
106.519819975,-0.32470703125
106.927827835,-0.303955078125
107.335819006,-0.30029296875
107.743811846,-0.316162109375
108.151786804,-0.29052734375
108.559811831,-0.283203125
108.967806816,-0.2734375
109.375810862,-0.2880859375
109.783805847,-0.28076171875
110.191807032,-0.28076171875
110.599802971,-0.27099609375
111.007800817,-0.272216796875
111.415802002,-0.272216796875
111.823803902,-0.257568359375
112.231643915,-0.269775390625
112.631686926,-0.257568359375
113.039803028,-0.255126953125
113.447804928,-0.25146484375
113.855791807,-0.242919921875
114.263794899,-0.235595703125
114.671765804,-0.2490234375
115.07978797,-0.235595703125
115.487790823,-0.2392578125
115.895787954,-0.22216796875
116.303792953,-0.21240234375
116.71178484,-0.21728515625
117.119783878,-0.220947265625
117.527791977,-0.20751953125
117.935782909,-0.21484375
118.343788862,-0.203857421875
118.751778841,-0.201416015625
119.159782887,-0.203857421875
119.567778826,-0.2001953125
119.975776911,-0.203857421875
120.383782864,-0.196533203125
120.791774988,-0.206298828125
121.199774027,-0.191650390625
121.607775927,-0.196533203125
122.015770912,-0.1904296875
122.415620804,-0.1953125
122.815584898,-0.181884765625
123.223778963,-0.18798828125
123.631772995,-0.17333984375
124.039767027,-0.189208984375
124.447767973,-0.177001953125
124.855763912,-0.181884765625
125.263761997,-0.1806640625
125.671764851,-0.17822265625
126.079761028,-0.17578125
126.487763882,-0.1708984375
126.895754814,-0.172119140625
127.303761005,-0.16357421875
127.711755037,-0.166015625
128.11975503,-0.167236328125
128.527761936,-0.15380859375
128.935751915,-0.172119140625
129.343757868,-0.15625
129.751749992,-0.152587890625
130.159750938,-0.15625
130.567747831,-0.159912109375
130.975744963,-0.152587890625
131.383749008,-0.15380859375
131.791742802,-0.15625
132.199608803,-0.142822265625
132.599584818,-0.147705078125
133.007747889,-0.137939453125
133.41574502,-0.15380859375
133.823742867,-0.137939453125
134.231737852,-0.137939453125
134.639736891,-0.142822265625
135.047734022,-0.14404296875
135.455744028,-0.130615234375
135.863730907,-0.14404296875
136.271732807,-0.128173828125
136.679730892,-0.1416015625
137.087728977,-0.125732421875
137.495729923,-0.14404296875
137.903725863,-0.140380859375
138.311735868,-0.11474609375
138.71972394,-0.118408203125
139.127722979,-0.126953125
139.535727978,-0.125732421875
139.943719864,-0.126953125
140.351727009,-0.1220703125
140.759719849,-0.128173828125
141.167719841,-0.128173828125
141.575713873,-0.10986328125
141.983716011,-0.108642578125
142.39158988,-0.11474609375
142.791589975,-0.1220703125
143.199724913,-0.128173828125
143.60771203,-0.111083984375
144.015708923,-0.118408203125
144.423712969,-0.120849609375
144.831708908,-0.11962890625
145.239709854,-0.11474609375
145.6477108,-0.1123046875
146.055706024,-0.123291015625
146.463689804,-0.10986328125
146.871701956,-0.11474609375
147.279700994,-0.106201171875
147.687704802,-0.1123046875
148.095698833,-0.11474609375
148.503707886,-0.106201171875
148.911695004,-0.115966796875
149.319705963,-0.10009765625
149.727691889,-0.1171875
150.135691881,-0.11474609375
150.543695927,-0.108642578125
150.951694965,-0.115966796875
151.359694958,-0.10986328125
151.767688036,-0.1025390625
152.175664902,-0.09765625
152.575502872,-0.09521484375
152.983688831,-0.101318359375
153.39169383,-0.108642578125
153.799680948,-0.101318359375
154.207685947,-0.098876953125
154.615681887,-0.086669921875
155.023679018,-0.10498046875
155.431680918,-0.10498046875
155.83967495,-0.1025390625
156.247677803,-0.096435546875
156.655678988,-0.09033203125
157.063673973,-0.093994140625
157.471679926,-0.09765625
157.879670858,-0.096435546875
158.28767395,-0.09033203125
158.695669889,-0.087890625
159.103669882,-0.10009765625
159.511670828,-0.084228515625
159.919665813,-0.087890625
160.327665806,-0.09521484375
160.73566699,-0.096435546875
161.143661022,-0.0927734375
161.551666021,-0.09521484375
161.959658861,-0.08056640625
162.359524965,-0.089111328125
162.75950098,-0.081787109375
163.167635918,-0.09521484375
163.575664997,-0.069580078125
163.983654022,-0.091552734375
164.391657829,-0.079345703125
164.799652815,-0.09521484375
165.207659006,-0.086669921875
165.615654945,-0.08544921875
166.023648024,-0.08544921875
166.431651831,-0.0732421875
166.839663982,-0.07568359375
167.247645855,-0.069580078125
167.6556499,-0.08056640625
168.063642025,-0.0830078125
168.471650839,-0.089111328125
168.879640818,-0.081787109375
169.287642002,-0.08544921875
169.695639849,-0.086669921875
170.103636026,-0.079345703125
170.511641979,-0.087890625
170.919637918,-0.07568359375
171.327634811,-0.0830078125
171.735634804,-0.081787109375
172.143633842,-0.076904296875
172.543560028,-0.0732421875
172.951629877,-0.0830078125
173.359645844,-0.08056640625
173.767628908,-0.072021484375
174.175627947,-0.072021484375
174.583628893,-0.072021484375
174.991622925,-0.068359375
175.399628878,-0.07080078125
175.80761981,-0.072021484375
176.215620995,-0.07080078125
176.623625994,-0.074462890625
177.03161788,-0.074462890625
177.439625025,-0.064697265625
177.847590923,-0.067138671875
178.255616903,-0.074462890625
178.663619995,-0.059814453125
179.071614981,-0.081787109375
179.479614973,-0.07568359375
179.887609959,-0.0732421875
180.295611858,-0.07568359375
180.703609943,-0.072021484375
181.111606836,-0.07080078125
181.519609928,-0.06591796875
181.927605867,-0.069580078125
182.327435017,-0.06591796875
182.727451801,-0.05615234375
183.135605812,-0.074462890625
183.543609858,-0.064697265625
183.951599836,-0.074462890625
184.359599829,-0.059814453125
184.767599821,-0.078125
185.175595999,-0.0732421875
185.583598852,-0.064697265625
185.991593838,-0.062255859375
186.399597883,-0.068359375
186.807591915,-0.0732421875
187.215588808,-0.05859375
187.6235919,-0.059814453125
188.031587839,-0.06103515625
188.439594984,-0.07080078125
188.847584963,-0.050048828125
189.255589008,-0.069580078125
189.663582802,-0.068359375
190.07158494,-0.064697265625
190.47958684,-0.0537109375
190.887579918,-0.069580078125
191.295581818,-0.05859375
191.703579903,-0.069580078125
192.111577034,-0.052490234375
192.511418819,-0.062255859375
192.919582844,-0.067138671875
193.327579975,-0.06103515625
193.735571861,-0.052490234375
194.1435709,-0.052490234375
194.551573992,-0.05126953125
194.959568024,-0.06591796875
195.367566824,-0.05126953125
195.775575876,-0.052490234375
196.183564901,-0.07568359375
196.591573,-0.059814453125
196.999563932,-0.067138671875
197.407572031,-0.05859375
197.815560818,-0.064697265625
198.223558903,-0.05859375
198.631563902,-0.062255859375
199.039558887,-0.057373046875
199.447562933,-0.0634765625
199.855556965,-0.05615234375
200.263559818,-0.057373046875
200.67155385,-0.07080078125
201.079550982,-0.054931640625
201.487556934,-0.064697265625
201.89555192,-0.057373046875
202.303359985,-0.048828125
202.703389883,-0.052490234375
203.111552954,-0.05859375
203.519551992,-0.05859375
203.927543879,-0.0537109375
204.335544825,-0.05126953125
204.743547916,-0.064697265625
205.151543856,-0.04150390625
205.559547901,-0.062255859375
205.96753788,-0.052490234375
206.375538826,-0.05126953125
206.783538818,-0.050048828125
207.191533804,-0.054931640625
207.599539995,-0.054931640625
208.007534981,-0.069580078125
208.41553998,-0.06103515625
208.823530912,-0.06103515625
209.231531858,-0.05126953125
209.639533997,-0.057373046875
210.047526836,-0.06591796875
210.455533981,-0.0537109375
210.863525867,-0.05615234375
211.271530867,-0.06591796875
211.679525852,-0.048828125
212.087523937,-0.05126953125
212.495512009,-0.067138671875
212.903517962,-0.052490234375
213.311348915,-0.054931640625
213.71952796,-0.05859375
214.127514839,-0.057373046875
214.535499811,-0.054931640625
214.94351387,-0.052490234375
215.351517916,-0.057373046875
215.759517908,-0.06103515625
216.167510986,-0.048828125
216.575518847,-0.057373046875
216.983510017,-0.06103515625
217.391508818,-0.050048828125
217.799512863,-0.048828125
218.207504988,-0.05859375
218.615509987,-0.04638671875
219.023504019,-0.059814453125
219.431507826,-0.06103515625
219.83949995,-0.054931640625
220.247502804,-0.042724609375
220.655503988,-0.048828125
221.063496828,-0.037841796875
221.471500874,-0.062255859375
221.879495859,-0.057373046875
222.287493944,-0.062255859375
222.695497036,-0.06103515625
223.103492975,-0.05615234375
223.503347874,-0.05126953125
223.911495924,-0.052490234375
224.319494963,-0.052490234375
224.727489948,-0.050048828125
225.135486841,-0.059814453125
225.54349184,-0.05126953125
225.951486826,-0.06591796875
226.359484911,-0.050048828125
226.76750803,-0.05859375
227.175475836,-0.052490234375
227.583488941,-0.0634765625
227.99147892,-0.047607421875
228.399485826,-0.057373046875
228.807477951,-0.052490234375
229.215474844,-0.06103515625
229.623476982,-0.07080078125
230.031471968,-0.0634765625
230.43948102,-0.05859375
230.847471952,-0.068359375
231.255468845,-0.064697265625
231.663476944,-0.059814453125
232.071467876,-0.072021484375
232.479470015,-0.067138671875
232.887463808,-0.074462890625
233.295305967,-0.064697265625
233.695304871,-0.059814453125
234.103444815,-0.072021484375
234.511478901,-0.072021484375
234.91945982,-0.069580078125
235.327462912,-0.068359375
235.735458851,-0.067138671875
236.143455982,-0.06591796875
236.551458836,-0.0634765625
236.959453821,-0.057373046875
237.367457867,-0.059814453125
237.775456905,-0.06103515625
238.183449984,-0.0732421875
238.591454983,-0.0732421875
238.999446869,-0.064697265625
239.407450914,-0.064697265625
239.81545186,-0.078125
240.223444939,-0.069580078125
240.631448984,-0.06591796875
241.039441824,-0.06591796875
241.447443008,-0.06103515625
241.855443001,-0.0634765625
242.263439894,-0.0537109375
242.671444893,-0.06103515625
243.079437017,-0.072021484375
243.487227917,-0.06591796875
243.895421028,-0.06103515625
244.303433895,-0.062255859375
244.711439848,-0.062255859375
245.119428873,-0.059814453125
245.527441025,-0.076904296875
245.935428858,-0.057373046875
246.34343195,-0.07080078125
246.751425982,-0.059814453125
247.159425974,-0.0537109375
247.567435026,-0.06103515625
247.975425005,-0.064697265625
248.383425951,-0.054931640625
248.791427851,-0.0732421875
249.199420929,-0.069580078125
249.607424021,-0.0634765625
250.015415907,-0.05615234375
250.423419952,-0.05126953125
250.831419945,-0.057373046875
251.239413023,-0.05615234375
251.64741993,-0.05615234375
252.055413961,-0.06103515625
252.463411808,-0.05126953125
252.871412992,-0.0634765625
253.279315948,-0.048828125
253.687251806,-0.045166015625
254.09541297,-0.068359375
254.503414869,-0.05615234375
254.911404848,-0.05615234375
255.319401979,-0.059814453125
255.727406979,-0.057373046875
256.135402918,-0.062255859375
256.543403864,-0.05126953125
256.951399803,-0.05126953125
257.359404802,-0.067138671875
257.767397881,-0.057373046875
258.175392866,-0.05126953125
258.583400965,-0.052490234375
258.991391897,-0.05859375
259.399395943,-0.05615234375
259.807394981,-0.06103515625
260.215391874,-0.048828125
260.623394966,-0.064697265625
261.031387806,-0.069580078125
261.439388037,-0.050048828125
261.847388983,-0.05859375
262.255383968,-0.062255859375
262.663393021,-0.062255859375
263.071359873,-0.057373046875
263.471251965,-0.05859375
263.871205807,-0.057373046875
264.279383898,-0.054931640625
264.687384844,-0.052490234375
265.095374823,-0.064697265625
265.503387928,-0.047607421875
265.911374807,-0.05126953125
266.319373846,-0.072021484375
266.727378845,-0.064697265625
267.13537097,-0.05859375
267.543380022,-0.06103515625
267.951368809,-0.064697265625
268.359373808,-0.050048828125
268.767369032,-0.054931640625
269.175365925,-0.040283203125
269.583366871,-0.045166015625
269.99136281,-0.042724609375
270.399364948,-0.045166015625
270.807363987,-0.06103515625
271.215359926,-0.0537109375
271.623363018,-0.048828125
272.031358957,-0.050048828125
272.43935895,-0.05126953125
272.847355843,-0.0439453125
273.255252838,-0.045166015625
273.663305998,-0.062255859375
274.071358919,-0.05859375
274.471283913,-0.064697265625
274.879354954,-0.045166015625
275.287348986,-0.047607421875
275.695354939,-0.042724609375
276.103345871,-0.04638671875
276.511358023,-0.062255859375
276.919343948,-0.057373046875
277.327342987,-0.05859375
277.735347033,-0.0537109375
278.143340826,-0.059814453125
278.551343918,-0.04150390625
278.959338903,-0.05859375
279.367339849,-0.057373046875
279.775341034,-0.05126953125
280.18333602,-0.050048828125
280.591337919,-0.050048828125
280.999332905,-0.05615234375
281.407332897,-0.042724609375
281.815342903,-0.045166015625
282.223305941,-0.057373046875
282.631313801,-0.050048828125
283.039350033,-0.0390625
283.447198868,-0.064697265625
283.855175018,-0.050048828125
284.263334036,-0.0537109375
284.671332836,-0.057373046875
285.079337835,-0.05126953125
285.487339973,-0.047607421875
285.895330906,-0.05859375
286.303350925,-0.048828125
286.711304903,-0.04638671875
287.119319916,-0.0537109375
287.527336836,-0.04638671875
287.935308933,-0.0537109375
288.343322992,-0.0439453125
288.751327991,-0.052490234375
289.159283876,-0.045166015625
289.567322016,-0.0439453125
289.975312948,-0.050048828125
290.383311033,-0.059814453125
290.79131484,-0.04638671875
291.199306965,-0.054931640625
291.607319832,-0.0439453125
292.015302896,-0.042724609375
292.423306942,-0.0439453125
292.831312895,-0.0439453125
293.239140987,-0.047607421875
293.639189959,-0.045166015625
294.047293901,-0.05859375
294.455320835,-0.052490234375
294.863307953,-0.037841796875
295.271305799,-0.045166015625
295.679314852,-0.0634765625
296.087302923,-0.042724609375
296.495285034,-0.04638671875
296.903301001,-0.040283203125
297.311290026,-0.04150390625
297.719286919,-0.05126953125
298.12729001,-0.052490234375
298.535303831,-0.048828125
298.943297863,-0.03662109375
299.351295948,-0.05615234375
299.759294033,-0.0439453125
300.167279959,-0.054931640625
300.575296879,-0.045166015625
300.983280897,-0.052490234375
301.391296864,-0.047607421875
301.799291849,-0.047607421875
302.207279921,-0.04150390625
302.61528492,-0.05615234375
303.023283005,-0.040283203125
303.431175947,-0.04150390625
303.839116812,-0.04638671875
