0.0,-9.4677734375,-0.6640625
0.3,-9.47265625,-0.615234375
0.6,-9.4677734375,-0.625
0.9,-9.4580078125,-1.3330078125
1.2,-9.47265625,-2.2412109375
1.5,-9.4677734375,-2.4658203125
1.8,-9.482421875,-3.0224609375
2.1,-9.4677734375,-2.8466796875
2.4,-9.462890625,-2.861328125
2.7,-9.4677734375,-3.0224609375
3.0,-9.4677734375,-2.2119140625
3.3,-9.4775390625,-1.533203125
3.6,-9.453125,-1.7578125
3.9,-9.4677734375,-1.9140625
4.2,-9.4677734375,-2.1630859375
4.5,-9.4677734375,-1.728515625
4.8,-9.4677734375,-1.9921875
5.1,-9.482421875,-1.1669921875
5.4,-9.4677734375,-0.9228515625
5.7,-9.4677734375,-0.3271484375
6.0,-9.47265625,-0.4248046875
6.3,-9.462890625,-1.0986328125
6.6,-9.462890625,-1.787109375
6.9,-9.47265625,-1.97265625
7.2,-9.4775390625,-1.484375
7.5,-9.4775390625,-1.240234375
7.8,-9.462890625,-1.7724609375
8.1,-9.4677734375,-2.158203125
8.4,-9.4677734375,-2.2021484375
8.7,-9.4775390625,-1.943359375
9.0,-9.4677734375,-2.6904296875
9.3,-9.47265625,-2.666015625
9.6,-9.4873046875,-2.275390625
9.9,-9.4677734375,-2.2607421875
10.2,-9.47265625,-2.6171875
10.5,-9.4677734375,-2.8857421875
10.8,-9.47265625,-2.9443359375
11.1,-9.4677734375,-3.4375
11.4,-9.4677734375,-3.6328125
11.7,-9.462890625,-2.7490234375
12.0,-9.4775390625,-2.490234375
12.3,-9.4677734375,-2.3779296875
12.6,-9.4677734375,-2.8173828125
12.9,-9.4775390625,-3.173828125
13.2,-9.47265625,-3.3642578125
13.5,-9.4677734375,-3.564453125
13.8,-9.47265625,-3.6279296875
14.1,-9.47265625,-3.1689453125
14.4,-9.47265625,-2.7197265625
14.7,-9.47265625,-2.4853515625
15.0,-9.4677734375,-2.2509765625
15.3,-9.4677734375,-1.7822265625
15.6,-9.47265625,-1.19140625
15.9,-9.462890625,-1.2255859375
16.2,-9.4775390625,-1.6162109375
16.5,-9.4677734375,-0.5419921875
16.8,-9.4775390625,-0.3662109375
17.1,-9.4775390625,-1.1279296875
17.4,-9.453125,-1.4404296875
17.7,-9.47265625,-0.8642578125
18.0,-9.4775390625,-0.810546875
18.3,-9.4677734375,-0.8740234375
18.6,-9.482421875,-1.2939453125
18.9,-9.47265625,-1.259765625
19.2,-9.47265625,-1.0791015625
19.5,-9.47265625,-1.54296875
19.8,-9.4677734375,-2.060546875
20.1,-9.47265625,-1.8359375
20.4,-9.47265625,-1.38671875
20.7,-9.47265625,-1.455078125
21.0,-9.4677734375,-1.7578125
21.3,-9.482421875,-2.2216796875
21.6,-9.4775390625,-2.451171875
21.9,-9.4677734375,-2.6953125
22.2,-9.47265625,-2.5146484375
22.5,-9.453125,-2.646484375
22.8,-9.4775390625,-2.412109375
23.1,-9.47265625,-2.0458984375
23.4,-9.47265625,-3.1494140625
23.7,-9.47265625,-2.861328125
24.0,-9.4775390625,-2.3193359375
24.3,-9.462890625,-3.0126953125
24.6,-9.47265625,-2.8955078125
24.9,-9.47265625,-2.5244140625
