0.0,-1.1669921875,-1.07421875
0.3,-1.15234375,-1.34765625
0.6,-1.1572265625,-1.2548828125
0.9,-1.15234375,-1.19140625
1.2,-1.1572265625,-1.11328125
1.5,-1.162109375,-1.1083984375
1.8,-1.162109375,-1.2548828125
2.1,-1.1572265625,-1.25
2.4,-1.1669921875,-1.2841796875
2.7,-1.162109375,-1.4306640625
3.0,-1.162109375,-1.4697265625
3.3,-1.15234375,-1.298828125
3.6,-1.1572265625,-1.376953125
3.9,-1.162109375,-1.474609375
4.2,-1.1669921875,-1.611328125
4.5,-1.171875,-1.6064453125
4.8,-1.1572265625,-1.552734375
5.1,-1.1474609375,-1.552734375
5.4,-1.1669921875,-1.513671875
5.7,-1.171875,-1.7236328125
6.0,-1.1572265625,-1.875
6.3,-1.1669921875,-1.8115234375
6.6,-1.1669921875,-1.572265625
6.9,-1.162109375,-1.708984375
7.2,-1.1767578125,-1.7333984375
7.5,-1.1669921875,-1.7724609375
7.8,-1.162109375,-1.943359375
8.1,-1.171875,-2.1044921875
8.4,-1.201171875,-2.0361328125
8.7,-1.1767578125,-1.9091796875
9.0,-1.1767578125,-1.796875
9.3,-1.1669921875,-1.787109375
9.6,-1.1767578125,-1.7919921875
9.9,-1.171875,-1.73828125
10.2,-1.1767578125,-1.81640625
10.5,-1.1767578125,-1.8505859375
10.8,-1.181640625,-1.943359375
11.1,-1.1865234375,-1.9775390625
11.4,-1.181640625,-2.080078125
11.7,-1.171875,-1.9873046875
12.0,-1.1669921875,-2.05078125
12.3,-1.181640625,-2.24609375
12.6,-1.1767578125,-2.255859375
12.9,-1.181640625,-2.158203125
13.2,-1.171875,-2.177734375
13.5,-1.1865234375,-2.099609375
13.8,-1.1865234375,-2.1728515625
14.1,-1.1962890625,-2.109375
14.4,-1.181640625,-2.041015625
14.7,-1.1865234375,-2.0361328125
15.0,-1.2109375,-2.0458984375
15.3,-1.19140625,-1.9970703125
15.6,-1.1865234375,-1.9580078125
15.9,-1.19140625,-1.8798828125
16.2,-1.1865234375,-1.806640625
16.5,-1.1962890625,-1.7919921875
16.8,-1.1865234375,-1.640625
17.1,-1.1865234375,-1.50390625
17.4,-1.1962890625,-1.40625
17.7,-1.201171875,-1.3720703125
18.0,-1.2060546875,-1.4013671875
18.3,-1.1865234375,-1.3525390625
18.6,-1.19140625,-1.4453125
18.9,-1.2060546875,-1.4599609375
19.2,-1.1865234375,-1.50390625
19.5,-1.19140625,-1.591796875
19.8,-1.1962890625,-1.5283203125
20.1,-1.2060546875,-1.4111328125
20.4,-1.201171875,-1.40625
20.7,-1.201171875,-1.30859375
21.0,-1.1962890625,-1.328125
21.3,-1.201171875,-1.220703125
21.6,-1.201171875,-1.220703125
21.9,-1.2060546875,-1.328125
22.2,-1.201171875,-1.337890625
22.5,-1.1962890625,-1.357421875
22.8,-1.2109375,-1.2890625
23.1,-1.2109375,-1.4306640625
23.4,-1.2109375,-1.40625
23.7,-1.1962890625,-1.38671875
24.0,-1.1962890625,-1.40625
24.3,-1.2158203125,-1.2744140625
24.6,-1.2060546875,-1.2109375
24.9,-1.2109375,-1.19140625
25.2,-1.2109375,-1.1572265625
25.5,-1.2109375,-1.2255859375
25.8,-1.2158203125,-1.1376953125
26.1,-1.2060546875,-1.1767578125
26.4,-1.2109375,-1.171875
26.7,-1.2158203125,-1.2939453125
27.0,-1.220703125,-1.3427734375
27.3,-1.2060546875,-1.171875
27.6,-1.2158203125,-1.23046875
27.9,-1.2158203125,-1.1669921875
28.2,-1.2158203125,-1.0693359375
28.5,-1.2109375,-1.005859375
28.8,-1.2255859375,-0.947265625
29.1,-1.220703125,-0.9033203125
29.4,-1.2158203125,-0.9130859375
29.7,-1.2158203125,-0.927734375
30.0,-1.2353515625,-1.005859375
30.3,-1.220703125,-1.015625
30.6,-1.2158203125,-0.986328125
30.9,-1.220703125,-0.91796875
31.2,-1.2255859375,-0.8544921875
31.5,-1.2353515625,-0.8447265625
31.8,-1.2255859375,-0.849609375
32.1,-1.220703125,-0.8154296875
32.4,-1.23046875,-0.8740234375
32.7,-1.2158203125,-1.0302734375
33.0,-1.2158203125,-1.1328125
33.3,-1.2158203125,-1.123046875
33.6,-1.23046875,-1.0595703125
33.9,-1.240234375,-1.09375
34.2,-1.2255859375,-1.0498046875
34.5,-1.2353515625,-1.005859375
34.8,-1.23046875,-1.0205078125
35.1,-1.2451171875,-1.03515625
35.4,-1.23046875,-1.0107421875
35.7,-1.220703125,-0.859375
36.0,-1.23046875,-0.908203125
36.3,-1.2353515625,-0.8544921875
36.6,-1.23046875,-0.8251953125
36.9,-1.23046875,-0.859375
37.2,-1.220703125,-0.8642578125
37.5,-1.23046875,-0.9130859375
37.8,-1.23046875,-0.8740234375
38.1,-1.2353515625,-0.7177734375
38.4,-1.23046875,-0.68359375
38.7,-1.23046875,-0.5517578125
39.0,-1.2451171875,-0.56640625
39.3,-1.240234375,-0.5322265625
39.6,-1.2451171875,-0.5810546875
39.9,-2.51953125,-0.693359375
40.2,-2.509765625,-0.6884765625
40.5,-2.5048828125,-0.693359375
40.8,-2.529296875,-0.7177734375
41.1,-2.5341796875,-0.751953125
41.4,-2.51953125,-0.83984375
41.7,-2.5048828125,-0.9326171875
42.0,-2.5146484375,-1.0888671875
42.3,-2.5244140625,-1.07421875
42.6,-2.5244140625,-1.064453125
42.9,-2.51953125,-1.11328125
43.2,-2.5244140625,-1.2060546875
43.5,-2.5341796875,-1.23046875
43.8,-2.5390625,-1.2353515625
44.1,-2.529296875,-1.083984375
44.4,-2.529296875,-1.0986328125
44.7,-2.5439453125,-1.1474609375
45.0,-2.5341796875,-1.1767578125
45.3,-2.5341796875,-1.240234375
45.6,-2.5439453125,-1.15234375
45.9,-2.529296875,-1.044921875
46.2,-2.529296875,-1.0791015625
46.5,-2.5244140625,-1.162109375
46.8,-2.5390625,-1.23046875
47.1,-2.5439453125,-1.201171875
47.4,-2.51953125,-1.1328125
47.7,-2.5439453125,-1.11328125
48.0,-2.5390625,-1.15234375
48.3,-2.548828125,-1.201171875
0.0,-2.55859375,-1.03515625
0.3,-2.548828125,-1.1181640625
0.6,-2.5537109375,-1.09375
0.9,-2.548828125,-0.9765625
1.2,-2.5634765625,-0.9912109375
1.5,-2.5537109375,-0.95703125
1.8,-2.548828125,-1.123046875
2.1,-2.55859375,-1.23046875
2.4,-2.5537109375,-1.2060546875
2.7,-2.55859375,-1.1572265625
3.0,-2.5634765625,-1.0595703125
3.3,-2.55859375,-1.0400390625
3.6,-2.578125,-0.9619140625
3.9,-2.568359375,-0.8544921875
4.2,-2.568359375,-0.8447265625
4.5,-2.5732421875,-0.8056640625
4.8,-2.5634765625,-0.6201171875
5.1,-2.578125,-0.625
5.4,-2.5732421875,-0.615234375
5.7,-2.578125,-0.7421875
6.0,-2.59765625,-0.7861328125
6.3,-2.5830078125,-0.91796875
6.6,-2.5830078125,-0.8935546875
6.9,-2.587890625,-0.830078125
7.2,-2.587890625,-0.7275390625
7.5,-2.578125,-0.64453125
7.8,-2.5830078125,-0.703125
8.1,-2.5830078125,-0.771484375
8.4,-2.5830078125,-0.8251953125
8.7,-2.578125,-0.87890625
9.0,-2.5830078125,-0.7861328125
9.3,-2.568359375,-0.6982421875
9.6,-2.6025390625,-0.68359375
9.9,-2.587890625,-0.6640625
10.2,-2.5927734375,-0.693359375
10.5,-2.59765625,-0.64453125
10.8,-2.6123046875,-0.634765625
11.1,-2.607421875,-0.44921875
11.4,-2.59765625,-0.3759765625
11.7,-2.6025390625,-0.46875
12.0,-2.607421875,-0.52734375
12.3,-2.6123046875,-0.5322265625
12.6,-2.6025390625,-0.458984375
12.9,-2.607421875,-0.4052734375
13.2,-2.6025390625,-0.3857421875
13.5,-2.6025390625,-0.3515625
13.8,-2.6025390625,-0.25390625
14.1,-2.6123046875,-0.2880859375
14.4,-2.5927734375,-0.3125
14.7,-2.6123046875,-0.3466796875
15.0,-2.6123046875,-0.380859375
15.3,-2.6171875,-0.4736328125
15.6,-2.6220703125,-0.390625
15.9,-2.6171875,-0.3515625
16.2,-2.6171875,-0.3369140625
16.5,-2.6171875,-0.3466796875
16.8,-2.6220703125,-0.341796875
17.1,-2.607421875,-0.400390625
17.4,-2.6220703125,-0.439453125
17.7,-2.6318359375,-0.48828125
18.0,-2.626953125,-0.517578125
18.3,-2.626953125,-0.4833984375
18.6,-2.626953125,-0.4833984375
18.9,-2.626953125,-0.546875
19.2,-2.6416015625,-0.5517578125
19.5,-2.63671875,-0.7666015625
19.8,-2.6318359375,-0.8837890625
20.1,-2.6171875,-0.8740234375
20.4,-2.63671875,-0.8349609375
20.7,-2.6416015625,-0.8984375
21.0,-2.65625,-0.9130859375
21.3,-2.6416015625,-0.8837890625
21.6,-2.63671875,-0.8203125
21.9,-2.6513671875,-0.8642578125
22.2,-2.6416015625,-0.87890625
22.5,-2.646484375,-0.8642578125
22.8,-2.63671875,-0.9814453125
23.1,-2.6513671875,-1.0400390625
23.4,-2.6513671875,-0.9814453125
23.7,-2.6513671875,-0.9814453125
24.0,-2.6611328125,-0.9375
24.3,-2.646484375,-0.8544921875
24.6,-2.6611328125,-0.791015625
24.9,-2.6611328125,-0.810546875
25.2,-2.65625,-0.810546875
25.5,-2.6513671875,-0.80078125
25.8,-2.6611328125,-0.78125
26.1,-2.6806640625,-0.8154296875
26.4,-2.65625,-0.8837890625
26.7,-2.6611328125,-0.908203125
27.0,-2.6708984375,-1.025390625
27.3,-2.6708984375,-0.99609375
27.6,-2.666015625,-1.0009765625
27.9,-2.67578125,-0.9423828125
28.2,-2.67578125,-0.9033203125
28.5,-2.6708984375,-0.8251953125
28.8,-2.6806640625,-0.6494140625
29.1,-2.6708984375,-0.830078125
29.4,-2.685546875,-0.9619140625
29.7,-2.6708984375,-0.9521484375
30.0,-2.685546875,-1.0400390625
30.3,-2.67578125,-1.1669921875
30.6,-2.67578125,-1.0986328125
30.9,-2.6806640625,-1.0302734375
31.2,-2.6904296875,-1.025390625
31.5,-2.6708984375,-0.9716796875
31.8,-2.67578125,-1.0595703125
32.1,-2.6904296875,-1.03515625
32.4,-2.6904296875,-0.9912109375
32.7,-2.6904296875,-1.015625
33.0,-2.685546875,-1.03515625
33.3,-2.6904296875,-0.9423828125
33.6,-2.6904296875,-0.9521484375
33.9,-2.6953125,-0.9912109375
34.2,-2.705078125,-1.025390625
34.5,-2.6904296875,-0.869140625
34.8,-2.7001953125,-0.9521484375
35.1,-2.71484375,-0.986328125
35.4,-2.7001953125,-1.0693359375
35.7,-2.7001953125,-1.0546875
36.0,-2.705078125,-1.0302734375
36.3,-2.7099609375,-1.0302734375
36.6,-2.7099609375,-0.9912109375
36.9,-2.7001953125,-1.0107421875
37.2,-2.7099609375,-1.015625
37.5,-2.71484375,-0.9619140625
37.8,-2.3046875,-0.91796875
38.1,-2.3291015625,-0.908203125
38.4,-2.3095703125,-0.8642578125
38.7,-2.314453125,-1.005859375
39.0,-2.314453125,-1.07421875
39.3,-2.3291015625,-1.083984375
39.6,-2.3193359375,-1.0888671875
39.9,-2.3193359375,-1.083984375
40.2,-2.314453125,-1.123046875
40.5,-2.3291015625,-1.064453125
40.8,-2.314453125,-1.0888671875
41.1,-2.32421875,-1.23046875
41.4,-2.3095703125,-1.2255859375
41.7,-2.3193359375,-1.3037109375
42.0,-2.3193359375,-1.220703125
42.3,-2.314453125,-1.3427734375
42.6,-2.314453125,-1.4306640625
42.9,-2.314453125,-1.3818359375
43.2,-2.32421875,-1.298828125
43.5,-2.3193359375,-1.2548828125
43.8,-2.3095703125,-1.3623046875
44.1,-2.314453125,-1.376953125
44.4,-2.32421875,-1.3330078125
44.7,-2.3388671875,-1.318359375
45.0,-2.3193359375,-1.3427734375
45.3,-2.3046875,-1.3671875
45.6,-2.3193359375,-1.3427734375
45.9,-2.3291015625,-1.3427734375
46.2,-2.3291015625,-1.3525390625
46.5,-2.3095703125,-1.3720703125
46.8,-2.3046875,-1.4013671875
47.1,-2.3291015625,-1.484375
47.4,-2.3388671875,-1.474609375
47.7,-2.32421875,-1.4501953125
48.0,-2.3095703125,-1.3134765625
48.3,-2.3193359375,-1.2646484375
48.6,-2.333984375,-1.2890625
48.9,-2.3193359375,-1.3671875
49.2,-2.32421875,-1.30859375
49.5,-2.3193359375,-1.259765625
49.8,-2.32421875,-1.2451171875
50.1,-2.34375,-1.3427734375
50.4,-2.3291015625,-1.2939453125
50.7,-2.314453125,-1.2548828125
51.0,-2.3291015625,-1.259765625
51.3,-2.3193359375,-1.3037109375
51.6,-2.32421875,-1.26953125
51.9,-2.314453125,-1.376953125
52.2,-2.32421875,-1.34765625
52.5,-2.32421875,-1.279296875
52.8,-2.32421875,-1.2890625
53.1,-2.333984375,-1.34765625
53.4,-2.3291015625,-1.3818359375
53.7,-2.32421875,-1.3134765625
54.0,-2.32421875,-1.240234375
54.3,-2.3291015625,-1.240234375
54.6,-2.3291015625,-1.15234375
54.9,-2.333984375,-1.1572265625
55.2,-2.333984375,-1.2060546875
55.5,-2.333984375,-1.2353515625
55.8,-2.333984375,-1.2548828125
56.1,-2.3388671875,-1.2548828125
56.4,-2.34375,-1.279296875
56.7,-2.3291015625,-1.3671875
57.0,-2.3291015625,-1.2744140625
57.3,-2.333984375,-1.3330078125
57.6,-2.333984375,-1.2744140625
57.9,-2.333984375,-1.2451171875
58.2,-2.3291015625,-1.25
58.5,-2.333984375,-1.25
58.8,-2.3291015625,-1.357421875
59.1,-2.3291015625,-1.3671875
59.4,-2.333984375,-1.220703125
59.7,-2.333984375,-1.2890625
60.0,-2.333984375,-1.2109375
60.3,-2.3291015625,-1.181640625
60.6,-2.3291015625,-1.0595703125
60.9,-2.3291015625,-1.0205078125
61.2,-2.3388671875,-1.07421875
61.5,-2.34375,-1.0498046875
61.8,-2.3388671875,-0.9814453125
62.1,-2.3291015625,-1.015625
62.4,-2.3388671875,-0.9716796875
62.7,-2.34375,-0.947265625
63.0,-2.3486328125,-0.9228515625
63.3,-2.3486328125,-0.8642578125
63.6,-2.333984375,-0.8544921875
63.9,-2.34375,-0.7861328125
64.2,-2.3388671875,-0.7568359375
64.5,-2.3486328125,-0.986328125
64.8,-2.34375,-0.9814453125
65.1,-2.3388671875,-1.1083984375
65.4,-2.3388671875,-1.0888671875
65.7,-2.3388671875,-1.015625
66.0,-2.333984375,-1.0205078125
66.3,-2.3486328125,-1.09375
66.6,-2.3486328125,-1.1767578125
66.9,-2.3388671875,-1.181640625
67.2,-2.3388671875,-1.1083984375
67.5,-2.3388671875,-1.015625
67.8,-2.3681640625,-1.0546875
68.1,-2.353515625,-1.0546875
68.4,-2.34375,-1.15234375
68.7,-2.3388671875,-1.005859375
69.0,-2.353515625,-1.0498046875
69.3,-2.3388671875,-1.123046875
69.6,-2.353515625,-1.083984375
69.9,-2.353515625,-1.07421875
70.2,-2.373046875,-1.0400390625
70.5,-2.3486328125,-0.986328125
70.8,-2.3486328125,-1.0302734375
71.1,-2.34375,-0.9912109375
71.4,-2.3486328125,-1.015625
71.7,-2.3486328125,-1.0107421875
72.0,-2.3486328125,-1.015625
72.3,-2.353515625,-1.015625
72.6,-2.3486328125,-1.162109375
72.9,-2.3388671875,-1.1328125
73.2,-2.3486328125,-1.0693359375
73.5,-2.36328125,-1.0595703125
73.8,-2.3486328125,-1.0791015625
74.1,-2.34375,-1.005859375
74.4,-2.36328125,-0.947265625
74.7,-2.36328125,-0.947265625
75.0,-2.333984375,-0.8447265625
75.3,-2.34375,-0.8740234375
75.6,-2.3583984375,-0.87890625
75.9,-2.353515625,-0.888671875
76.2,-2.353515625,-0.947265625
76.5,-2.353515625,-0.9716796875
76.8,-2.34375,-0.9228515625
77.1,-2.3486328125,-0.83984375
77.4,-2.36328125,-0.9033203125
77.7,-2.3583984375,-1.0205078125
78.0,-2.3388671875,-1.0693359375
78.3,-2.3388671875,-1.1376953125
78.6,-2.3681640625,-1.1865234375
78.9,-2.36328125,-1.0400390625
79.2,-2.353515625,-1.15234375
79.5,-2.353515625,-1.19140625
79.8,-2.3583984375,-1.2890625
80.1,-2.3583984375,-1.220703125
80.4,-2.36328125,-1.1962890625
80.7,-2.3583984375,-1.2646484375
81.0,-2.3486328125,-1.11328125
81.3,-2.3583984375,-1.025390625
81.6,-2.36328125,-1.0205078125
81.9,-2.36328125,-0.908203125
82.2,-2.3583984375,-0.8984375
82.5,-2.3681640625,-0.869140625
82.8,-2.36328125,-0.7568359375
83.1,-2.3583984375,-0.8349609375
83.4,-2.3583984375,-0.9765625
83.7,-2.3681640625,-0.8935546875
84.0,-2.373046875,-0.9814453125
84.3,-2.353515625,-1.0205078125
84.6,-2.3681640625,-0.9375
84.9,-2.3486328125,-0.8154296875
85.2,-2.353515625,-0.947265625
85.5,-2.36328125,-1.0400390625
85.8,-2.36328125,-1.005859375
86.1,-2.3583984375,-1.07421875
86.4,-2.3583984375,-1.005859375
86.7,-2.3681640625,-0.9130859375
87.0,-2.353515625,-0.9228515625
87.3,-2.3583984375,-0.8544921875
87.6,-2.36328125,-0.76171875
87.9,-2.36328125,-0.6982421875
88.2,-2.3681640625,-0.7958984375
88.5,-2.3583984375,-0.8056640625
88.8,-2.353515625,-0.7763671875
89.1,-2.36328125,-0.8251953125
89.4,-2.36328125,-0.7666015625
89.7,-2.3583984375,-0.76171875
90.0,-2.36328125,-0.8349609375
90.3,-2.3583984375,-0.888671875
90.6,-2.373046875,-0.8837890625
90.9,-2.3681640625,-0.95703125
91.2,-2.353515625,-0.9521484375
91.5,-2.3828125,-1.015625
91.8,-2.373046875,-1.0205078125
92.1,-2.36328125,-1.123046875
92.4,-2.36328125,-1.2109375
92.7,-2.3583984375,-1.123046875
93.0,-2.36328125,-1.19140625
93.3,-2.3779296875,-1.171875
93.6,-2.3681640625,-1.1767578125
93.9,-2.3681640625,-1.0791015625
94.2,-2.36328125,-1.0693359375
94.5,-2.3583984375,-1.0546875
94.8,-2.3828125,-1.0400390625
95.1,-2.36328125,-1.1181640625
95.4,-2.3681640625,-1.0302734375
95.7,-2.3779296875,-1.1181640625
96.0,-2.36328125,-1.240234375
96.3,-2.3828125,-1.181640625
96.6,-2.3681640625,-1.1767578125
96.9,-2.373046875,-1.1865234375
97.2,-2.3779296875,-1.3427734375
97.5,-2.373046875,-1.298828125
97.8,-2.3779296875,-1.2841796875
98.1,-2.3828125,-1.259765625
98.4,-2.3779296875,-1.181640625
98.7,-2.392578125,-1.2744140625
99.0,-2.36328125,-1.26953125
99.3,-2.3681640625,-1.259765625
99.6,-2.3681640625,-1.142578125
99.9,-2.3779296875,-1.2158203125
100.2,-2.3828125,-1.240234375
100.5,-2.3779296875,-1.23046875
100.8,-2.3681640625,-1.181640625
101.1,-2.373046875,-1.123046875
101.4,-2.3876953125,-1.240234375
101.7,-2.3779296875,-1.2255859375
102.0,-2.36328125,-1.1767578125
102.3,-2.3779296875,-1.1279296875
102.6,-2.3779296875,-1.1181640625
102.9,-2.3828125,-1.19140625
103.2,-2.3681640625,-1.0986328125
103.5,-2.3828125,-1.0498046875
103.8,-2.392578125,-1.0986328125
104.1,-2.392578125,-1.03515625
104.4,-2.373046875,-1.005859375
104.7,-2.373046875,-0.908203125
105.0,-2.3876953125,-0.91796875
105.3,-2.3876953125,-1.015625
105.6,-2.3779296875,-1.07421875
105.9,-2.3828125,-0.91796875
106.2,-2.3828125,-0.8447265625
106.5,-2.392578125,-0.7568359375
106.8,-2.3779296875,-0.76171875
107.1,-2.3779296875,-0.791015625
107.4,-2.392578125,-0.6982421875
107.7,-2.3876953125,-0.60546875
108.0,-2.3876953125,-0.6494140625
108.3,-2.392578125,-0.673828125
108.6,-2.3828125,-0.6298828125
108.9,-2.3876953125,-0.6591796875
109.2,-2.3876953125,-0.7763671875
109.5,-2.3779296875,-0.7177734375
109.8,-2.373046875,-0.5908203125
110.1,-2.392578125,-0.6494140625
110.4,-2.3876953125,-0.595703125
110.7,-2.3876953125,-0.6640625
111.0,-2.3876953125,-0.7177734375
111.3,-2.3876953125,-0.6494140625
111.6,-2.3876953125,-0.6787109375
111.9,-2.3828125,-0.68359375
112.2,-2.392578125,-0.7958984375
112.5,-2.3828125,-0.91796875
112.8,-2.392578125,-1.0107421875
113.1,-2.3876953125,-1.083984375
113.4,-2.3876953125,-1.03515625
113.7,-2.392578125,-0.966796875
114.0,-2.3876953125,-1.005859375
114.3,-2.40234375,-1.1279296875
114.6,-2.392578125,-1.1962890625
114.9,-2.3876953125,-1.318359375
115.2,-2.3876953125,-1.3232421875
115.5,-2.3876953125,-1.26953125
115.8,-2.392578125,-1.3232421875
116.1,-2.3876953125,-1.2939453125
116.4,-2.3974609375,-1.4404296875
116.7,-2.392578125,-1.4794921875
117.0,-2.392578125,-1.5234375
117.3,-2.392578125,-1.5478515625
117.6,-2.3974609375,-1.4453125
117.9,-2.392578125,-1.3134765625
118.2,-2.3828125,-1.2109375
118.5,-2.3828125,-1.26953125
118.8,-2.412109375,-1.2744140625
119.1,-2.3974609375,-1.240234375
119.4,-2.3876953125,-1.2548828125
119.7,-2.3876953125,-1.2744140625
120.0,-2.4072265625,-1.279296875
120.3,-2.40234375,-1.298828125
120.6,-2.3974609375,-1.259765625
120.9,-2.392578125,-1.2646484375
121.2,-2.412109375,-1.1572265625
121.5,-2.3974609375,-1.171875
121.8,-2.3974609375,-1.1865234375
122.1,-2.3974609375,-1.1328125
122.4,-2.4072265625,-1.123046875
122.7,-2.40234375,-1.1181640625
123.0,-2.40234375,-1.220703125
123.3,-2.40234375,-1.3427734375
123.6,-2.392578125,-1.298828125
123.9,-2.392578125,-1.3671875
124.2,-2.40234375,-1.26953125
124.5,-2.40234375,-1.2890625
124.8,-2.3974609375,-1.298828125
125.1,-2.3876953125,-1.2548828125
125.4,-2.3974609375,-1.38671875
125.7,-2.412109375,-1.4892578125
126.0,-2.3974609375,-1.4501953125
126.3,-2.3974609375,-1.50390625
126.6,-2.3974609375,-1.50390625
126.9,-2.40234375,-1.4697265625
127.2,-2.40234375,-1.5234375
127.5,-2.3974609375,-1.5576171875
127.8,-2.40234375,-1.3671875
128.1,-2.392578125,-1.3427734375
128.4,-2.40234375,-1.4404296875
128.7,-2.3974609375,-1.3916015625
129.0,-2.40234375,-1.4453125
129.3,-2.40234375,-1.46484375
129.6,-2.3974609375,-1.5087890625
129.9,-2.3974609375,-1.5478515625
130.2,-2.4072265625,-1.50390625
130.5,-2.4169921875,-1.5576171875
130.8,-2.4169921875,-1.4990234375
131.1,-2.412109375,-1.5185546875
131.4,-2.40234375,-1.552734375
131.7,-2.412109375,-1.4794921875
132.0,-2.412109375,-1.474609375
132.3,-2.4072265625,-1.50390625
132.6,-2.3974609375,-1.3916015625
132.9,-2.392578125,-1.46484375
133.2,-2.412109375,-1.3916015625
133.5,-2.412109375,-1.46484375
133.8,-2.4169921875,-1.5234375
134.1,-2.4072265625,-1.50390625
134.4,-2.4072265625,-1.34765625
134.7,-2.4072265625,-1.46484375
135.0,-2.4072265625,-1.3720703125
135.3,-2.4169921875,-1.3427734375
135.6,-2.4169921875,-1.2890625
135.9,-2.412109375,-1.2841796875
136.2,-2.412109375,-1.3330078125
136.5,-2.4072265625,-1.2451171875
136.8,-2.4072265625,-1.3232421875
137.1,-2.412109375,-1.328125
137.4,-2.412109375,-1.2060546875
137.7,-2.40234375,-1.0986328125
138.0,-2.4072265625,-1.0498046875
138.3,-2.421875,-1.005859375
138.6,-2.412109375,-0.95703125
138.9,-2.4169921875,-1.0498046875
139.2,-2.40234375,-1.0693359375
139.5,-2.412109375,-1.083984375
139.8,-2.412109375,-1.15234375
140.1,-2.4169921875,-1.083984375
140.4,-2.4267578125,-1.064453125
140.7,-2.421875,-1.0986328125
141.0,-2.412109375,-1.181640625
141.3,-2.412109375,-1.11328125
141.6,-2.4267578125,-1.025390625
141.9,-2.4267578125,-1.0498046875
142.2,-2.412109375,-1.0791015625
142.5,-2.4169921875,-0.986328125
142.8,-2.421875,-1.015625
143.1,-2.421875,-1.07421875
143.4,-2.421875,-1.07421875
143.7,-2.4267578125,-1.0302734375
144.0,-2.4169921875,-1.044921875
144.3,-2.4267578125,-0.849609375
144.6,-2.421875,-0.9521484375
144.9,-2.412109375,-0.947265625
145.2,-2.421875,-0.8935546875
145.5,-2.4365234375,-0.8056640625
145.8,-2.4169921875,-0.7080078125
146.1,-2.4169921875,-0.595703125
146.4,-2.412109375,-0.6787109375
146.7,-2.421875,-0.80078125
147.0,-2.4365234375,-0.68359375
147.3,-2.4267578125,-0.6787109375
147.6,-2.4267578125,-0.7421875
147.9,-2.4267578125,-0.8642578125
148.2,-2.421875,-0.8837890625
148.5,-2.412109375,-0.8447265625
148.8,-2.421875,-0.791015625
149.1,-2.421875,-0.7666015625
149.4,-2.4169921875,-0.7275390625
149.7,-2.421875,-0.908203125
150.0,-2.431640625,-0.8837890625
150.3,-2.4365234375,-0.8740234375
150.6,-2.431640625,-0.8837890625
150.9,-2.431640625,-0.9033203125
151.2,-2.4267578125,-0.8984375
151.5,-2.4267578125,-0.83984375
151.8,-2.4267578125,-0.8544921875
152.1,-2.4169921875,-0.78125
152.4,-2.431640625,-0.751953125
152.7,-2.431640625,-0.7373046875
153.0,-2.421875,-0.546875
153.3,-2.4267578125,-0.5712890625
153.6,-2.44140625,-0.439453125
153.9,-2.4365234375,-0.380859375
154.2,-2.4267578125,-0.52734375
154.5,-2.4267578125,-0.5322265625
154.8,-2.412109375,-0.546875
155.1,-2.4267578125,-0.5908203125
155.4,-2.44140625,-0.732421875
155.7,-2.4169921875,-0.7958984375
156.0,-2.4267578125,-0.80078125
156.3,-2.431640625,-0.8154296875
156.6,-2.4267578125,-0.8837890625
156.9,-2.44140625,-0.9619140625
157.2,-2.421875,-1.0302734375
157.5,-2.421875,-1.142578125
157.8,-2.44140625,-1.1669921875
158.1,-2.4365234375,-1.1572265625
158.4,-2.4267578125,-1.23046875
158.7,-2.4365234375,-1.2158203125
159.0,-2.4365234375,-1.103515625
159.3,-2.44140625,-1.1328125
159.6,-2.431640625,-1.064453125
159.9,-2.431640625,-1.1083984375
160.2,-2.421875,-1.142578125
160.5,-2.44140625,-1.1376953125
160.8,-2.44140625,-1.1328125
161.1,-2.4462890625,-1.0791015625
161.4,-2.431640625,-1.240234375
161.7,-2.4462890625,-1.0791015625
162.0,-2.4462890625,-1.005859375
162.3,-2.44140625,-1.0400390625
162.6,-2.4365234375,-0.986328125
162.9,-2.4365234375,-0.8984375
163.2,-2.4365234375,-0.7861328125
163.5,-2.4462890625,-0.7373046875
163.8,-2.431640625,-0.7861328125
164.1,-2.4365234375,-0.7421875
164.4,-2.4462890625,-0.7568359375
164.7,-2.4365234375,-0.771484375
165.0,-2.44140625,-0.83984375
165.3,-2.431640625,-0.849609375
165.6,-2.4462890625,-0.9521484375
165.9,-2.44140625,-1.03515625
166.2,-2.4462890625,-1.03515625
166.5,-2.431640625,-1.0205078125
166.8,-2.4365234375,-1.0302734375
167.1,-2.431640625,-0.8984375
167.4,-2.4365234375,-0.9619140625
167.7,-2.44140625,-0.9521484375
168.0,-2.4560546875,-1.03515625
168.3,-2.4462890625,-0.9521484375
168.6,-2.44140625,-1.0009765625
168.9,-2.44140625,-0.9619140625
169.2,-2.4462890625,-0.8740234375
169.5,-2.4462890625,-0.9326171875
169.8,-2.4365234375,-1.015625
170.1,-2.451171875,-1.0595703125
170.4,-2.451171875,-1.0986328125
170.7,-2.451171875,-1.1767578125
171.0,-2.4365234375,-1.0107421875
171.3,-2.44140625,-0.99609375
171.6,-2.44140625,-1.162109375
171.9,-2.451171875,-1.2451171875
172.2,-2.4462890625,-1.142578125
172.5,-2.4462890625,-1.201171875
172.8,-2.4560546875,-1.1669921875
173.1,-2.451171875,-1.0693359375
173.4,-2.44140625,-0.9912109375
173.7,-2.4560546875,-1.0107421875
174.0,-2.4462890625,-1.025390625
174.3,-2.4365234375,-1.123046875
174.6,-2.4462890625,-1.044921875
174.9,-2.451171875,-1.1328125
175.2,-2.4560546875,-1.083984375
175.5,-2.4560546875,-1.0205078125
175.8,-2.451171875,-1.103515625
176.1,-2.4462890625,-1.2353515625
176.4,-2.451171875,-1.142578125
176.7,-2.44140625,-1.1572265625
177.0,-2.4658203125,-1.005859375
177.3,-2.4462890625,-1.064453125
177.6,-2.4462890625,-1.044921875
177.9,-2.451171875,-1.0205078125
178.2,-2.4462890625,-1.03515625
178.5,-2.451171875,-1.015625
178.8,-2.4609375,-1.025390625
179.1,-2.451171875,-1.0693359375
179.4,-2.4560546875,-1.0498046875
179.7,-2.4658203125,-1.09375
180.0,-2.4609375,-1.1376953125
180.3,-2.451171875,-1.11328125
180.6,-2.451171875,-1.044921875
180.9,-2.4658203125,-0.9765625
181.2,-2.4609375,-1.07421875
181.5,-2.4609375,-1.19140625
181.8,-2.4560546875,-1.2744140625
182.1,-2.44140625,-1.2841796875
182.4,-2.4560546875,-1.3427734375
182.7,-2.451171875,-1.26953125
183.0,-2.451171875,-1.30859375
183.3,-2.451171875,-1.1767578125
183.6,-2.4658203125,-1.201171875
183.9,-2.4609375,-1.0888671875
184.2,-2.4560546875,-1.1279296875
184.5,-2.4560546875,-1.220703125
184.8,-2.4560546875,-1.2548828125
185.1,-2.4560546875,-1.2890625
185.4,-2.4609375,-1.2744140625
185.7,-2.4462890625,-1.240234375
186.0,-2.4462890625,-1.2548828125
186.3,-2.4560546875,-1.3330078125
186.6,-2.4658203125,-1.279296875
186.9,-2.4755859375,-1.2744140625
187.2,-2.4609375,-1.25
187.5,-2.470703125,-1.201171875
187.8,-2.4658203125,-1.11328125
188.1,-2.451171875,-0.9814453125
188.4,-2.4658203125,-0.9033203125
188.7,-2.470703125,-1.0107421875
189.0,-2.4658203125,-1.1083984375
189.3,-2.4609375,-1.07421875
189.6,-2.470703125,-1.0791015625
189.9,-2.4755859375,-0.9619140625
190.2,-2.451171875,-0.986328125
190.5,-2.451171875,-1.03515625
190.8,-2.4658203125,-0.91796875
191.1,-2.470703125,-0.7763671875
191.4,-2.470703125,-0.7763671875
191.7,-2.4609375,-0.8349609375
192.0,-2.4560546875,-0.9521484375
192.3,-2.470703125,-1.11328125
192.6,-2.4560546875,-1.064453125
192.9,-2.470703125,-1.11328125
193.2,-2.4658203125,-1.201171875
193.5,-2.4658203125,-1.2646484375
193.8,-2.4658203125,-1.181640625
194.1,-2.470703125,-0.9228515625
194.4,-2.470703125,-0.9765625
194.7,-2.451171875,-1.0009765625
195.0,-2.4658203125,-1.015625
195.3,-2.48046875,-1.103515625
195.6,-2.4658203125,-1.2060546875
195.9,-2.4658203125,-1.0791015625
196.2,-2.4609375,-1.07421875
196.5,-2.470703125,-1.23046875
196.8,-2.4609375,-1.2255859375
197.1,-2.470703125,-1.1279296875
197.4,-2.4755859375,-1.2255859375
197.7,-2.4853515625,-1.298828125
198.0,-2.48046875,-1.240234375
198.3,-2.4755859375,-1.2548828125
198.6,-2.48046875,-1.1572265625
198.9,-2.4658203125,-1.07421875
199.2,-2.4658203125,-1.03515625
199.5,-2.4609375,-1.064453125
199.8,-2.4755859375,-1.142578125
200.1,-2.4755859375,-1.162109375
200.4,-2.470703125,-1.171875
200.7,-2.48046875,-1.083984375
201.0,-2.4755859375,-0.95703125
201.3,-2.48046875,-0.9716796875
201.6,-2.4755859375,-1.0498046875
201.9,-2.470703125,-1.1962890625
202.2,-2.470703125,-1.015625
202.5,-2.4755859375,-0.908203125
202.8,-2.4853515625,-1.015625
203.1,-2.4755859375,-0.91796875
203.4,-2.470703125,-1.11328125
203.7,-2.48046875,-1.0595703125
204.0,-2.4658203125,-1.0888671875
204.3,-2.48046875,-1.09375
204.6,-2.48046875,-1.25
204.9,-2.4755859375,-1.171875
205.2,-2.4755859375,-1.25
205.5,-2.48046875,-1.2158203125
205.8,-2.4658203125,-1.2646484375
206.1,-2.470703125,-1.162109375
206.4,-2.4755859375,-1.1669921875
206.7,-2.4755859375,-1.2744140625
207.0,-2.4853515625,-1.240234375
207.3,-2.4755859375,-1.2158203125
207.6,-2.4853515625,-1.025390625
207.9,-2.4755859375,-0.9521484375
208.2,-2.48046875,-0.9375
208.5,-2.48046875,-0.7763671875
208.8,-2.490234375,-0.8056640625
209.1,-2.4853515625,-0.9375
209.4,-2.470703125,-1.0986328125
209.7,-2.4853515625,-1.0791015625
210.0,-2.470703125,-1.1474609375
210.3,-2.4853515625,-1.0595703125
210.6,-2.490234375,-0.9521484375
210.9,-2.48046875,-0.9521484375
211.2,-2.4853515625,-1.025390625
211.5,-2.4755859375,-0.9716796875
211.8,-2.470703125,-0.888671875
212.1,-2.4853515625,-0.849609375
212.4,-2.4853515625,-0.8984375
212.7,-2.470703125,-0.810546875
213.0,-2.470703125,-0.8740234375
213.3,-2.4755859375,-0.888671875
213.6,-2.4755859375,-1.0107421875
213.9,-2.48046875,-1.0595703125
214.2,-2.4951171875,-0.9228515625
214.5,-2.48046875,-0.8544921875
214.8,-2.48046875,-0.87890625
215.1,-2.4853515625,-0.80078125
215.4,-2.4853515625,-0.80078125
215.7,-2.4853515625,-0.78125
216.0,-2.490234375,-0.8251953125
216.3,-2.490234375,-0.91796875
216.6,-2.4951171875,-1.0205078125
216.9,-2.490234375,-0.9228515625
217.2,-2.5,-0.927734375
217.5,-2.4951171875,-0.947265625
217.8,-2.490234375,-0.9814453125
218.1,-2.4853515625,-1.07421875
218.4,-2.490234375,-1.0302734375
218.7,-2.490234375,-0.9912109375
219.0,-2.4853515625,-1.0595703125
219.3,-2.4853515625,-0.9423828125
219.6,-2.4853515625,-0.9716796875
219.9,-2.48046875,-0.99609375
220.2,-2.4853515625,-1.1572265625
220.5,-2.5,-1.123046875
220.8,-2.5,-1.171875
221.1,-2.4853515625,-1.23046875
221.4,-2.490234375,-1.201171875
221.7,-2.490234375,-1.23046875
222.0,-2.4951171875,-1.259765625
222.3,-2.5048828125,-1.318359375
222.6,-2.4951171875,-1.2890625
222.9,-2.490234375,-1.337890625
223.2,-2.5,-1.3623046875
223.5,-2.4951171875,-1.376953125
223.8,-2.490234375,-1.42578125
224.1,-2.5,-1.484375
224.4,-2.4853515625,-1.7333984375
224.7,-2.4951171875,-1.9091796875
225.0,-2.5048828125,-1.953125
225.3,-2.490234375,-1.904296875
225.6,-2.490234375,-1.9384765625
225.9,-2.5048828125,-1.962890625
226.2,-2.509765625,-1.8408203125
226.5,-2.5,-1.748046875
226.8,-2.5,-1.650390625
227.1,-2.4951171875,-1.6064453125
227.4,-2.4951171875,-1.484375
227.7,-2.509765625,-1.533203125
228.0,-2.5146484375,-1.5771484375
228.3,-2.5,-1.630859375
228.6,-2.5146484375,-1.7431640625
228.9,-2.4951171875,-1.77734375
229.2,-2.4951171875,-1.845703125
229.5,-2.5,-1.8115234375
229.8,-2.5,-1.73828125
230.1,-2.5048828125,-1.728515625
230.4,-2.5,-1.77734375
230.7,-2.5,-1.6845703125
231.0,-2.5048828125,-1.6748046875
231.3,-2.509765625,-1.533203125
231.6,-2.4951171875,-1.5087890625
231.9,-2.5048828125,-1.4990234375
232.2,-2.4951171875,-1.572265625
232.5,-2.5146484375,-1.5283203125
232.8,-2.509765625,-1.4599609375
233.1,-2.4951171875,-1.4794921875
233.4,-2.5,-1.4306640625
233.7,-2.5,-1.3623046875
234.0,-2.5,-1.3720703125
234.3,-2.509765625,-1.38671875
234.6,-2.5048828125,-1.2890625
234.9,-2.5,-1.2255859375
235.2,-2.5146484375,-1.11328125
235.5,-2.5048828125,-1.0986328125
235.8,-2.509765625,-1.1279296875
236.1,-2.4951171875,-1.0791015625
236.4,-2.5,-1.1474609375
236.7,-2.5048828125,-1.2744140625
237.0,-2.5146484375,-1.30859375
237.3,-2.4951171875,-1.2255859375
237.6,-2.5048828125,-1.2353515625
237.9,-2.5146484375,-1.259765625
238.2,-2.5146484375,-1.23046875
238.5,-2.5048828125,-1.1962890625
238.8,-2.5,-1.201171875
239.1,-2.5048828125,-1.19140625
239.4,-2.5048828125,-1.11328125
239.7,-2.509765625,-1.11328125
240.0,-2.509765625,-1.2109375
240.3,-2.51953125,-1.2646484375
240.6,-2.5048828125,-1.142578125
240.9,-2.509765625,-1.025390625
241.2,-2.4951171875,-1.064453125
241.5,-2.5146484375,-1.2060546875
241.8,-2.509765625,-1.0888671875
242.1,-2.509765625,-1.015625
242.4,-2.51953125,-0.99609375
242.7,-2.5048828125,-0.9326171875
243.0,-2.5048828125,-0.87890625
243.3,-2.509765625,-0.8984375
243.6,-2.5146484375,-0.8349609375
243.9,-2.5146484375,-0.8740234375
244.2,-2.509765625,-0.80078125
244.5,-2.509765625,-0.76171875
244.8,-2.509765625,-0.810546875
245.1,-2.509765625,-0.7373046875
245.4,-2.509765625,-0.791015625
245.7,-2.509765625,-0.927734375
246.0,-2.51953125,-1.044921875
246.3,-2.5146484375,-1.0546875
246.6,-2.5244140625,-1.044921875
246.9,-2.5244140625,-1.0986328125
247.2,-2.5146484375,-1.044921875
247.5,-2.51953125,-1.025390625
247.8,-2.5146484375,-0.8984375
248.1,-2.5146484375,-1.0205078125
248.4,-2.5244140625,-1.1328125
248.7,-2.51953125,-1.1767578125
249.0,-2.5390625,-1.2841796875
249.3,-2.5048828125,-1.2841796875
249.6,-2.5244140625,-1.2109375
249.9,-2.5146484375,-1.2646484375
250.2,-2.529296875,-1.1865234375
250.5,-2.5244140625,-1.1669921875
250.8,-2.5146484375,-1.044921875
251.1,-2.5146484375,-1.1376953125
251.4,-2.51953125,-1.2255859375
251.7,-2.5244140625,-1.142578125
252.0,-2.5244140625,-1.1083984375
252.3,-2.5244140625,-1.0888671875
252.6,-2.51953125,-1.015625
252.9,-2.5146484375,-1.064453125
253.2,-2.5244140625,-1.0302734375
253.5,-2.529296875,-0.9130859375
253.8,-2.529296875,-0.771484375
254.1,-2.5244140625,-0.732421875
254.4,-2.5244140625,-0.673828125
254.7,-2.5244140625,-0.5908203125
255.0,-2.529296875,-0.6591796875
255.3,-2.5244140625,-0.7177734375
255.6,-2.5244140625,-0.8740234375
255.9,-2.529296875,-0.7470703125
256.2,-2.5244140625,-0.576171875
256.5,-2.529296875,-0.6201171875
256.8,-2.51953125,-0.6884765625
257.1,-2.529296875,-0.6591796875
257.4,-2.5341796875,-0.654296875
257.7,-2.5244140625,-0.56640625
258.0,-2.5244140625,-0.625
258.3,-2.51953125,-0.46875
258.6,-2.5341796875,-0.4638671875
258.9,-2.5146484375,-0.576171875
259.2,-2.5244140625,-0.732421875
259.5,-2.51953125,-0.810546875
259.8,-2.529296875,-0.849609375
260.1,-2.5341796875,-0.8056640625
260.4,-2.5244140625,-0.7763671875
260.7,-2.529296875,-0.78125
261.0,-2.5341796875,-0.6884765625
261.3,-2.5341796875,-0.8056640625
261.6,-2.5146484375,-0.9619140625
261.9,-2.5146484375,-0.9912109375
262.2,-2.5341796875,-0.99609375
262.5,-2.5537109375,-0.986328125
262.8,-2.529296875,-1.064453125
263.1,-2.5341796875,-0.9375
263.4,-2.5341796875,-1.0791015625
263.7,-2.529296875,-1.181640625
264.0,-2.5341796875,-0.947265625
264.3,-2.529296875,-0.9619140625
264.6,-2.529296875,-0.8837890625
264.9,-2.5341796875,-0.9619140625
265.2,-2.5390625,-0.947265625
265.5,-2.5244140625,-0.986328125
265.8,-2.5341796875,-0.99609375
266.1,-2.5439453125,-1.0205078125
266.4,-2.5390625,-1.005859375
266.7,-2.5244140625,-1.0205078125
267.0,-2.5244140625,-1.044921875
267.3,-2.529296875,-1.0595703125
267.6,-2.5439453125,-1.1474609375
267.9,-2.5341796875,-1.1962890625
268.2,-2.51953125,-1.171875
268.5,-2.5341796875,-1.1279296875
268.8,-2.5390625,-1.1865234375
269.1,-2.5390625,-1.11328125
269.4,-2.5341796875,-1.0693359375
269.7,-2.5244140625,-1.171875
270.0,-2.5390625,-1.15234375
270.3,-2.55859375,-1.0107421875
270.6,-2.548828125,-0.8447265625
270.9,-2.5390625,-0.908203125
271.2,-2.5439453125,-0.9228515625
271.5,-2.5439453125,-0.91796875
271.8,-2.548828125,-0.8935546875
272.1,-2.5439453125,-0.927734375
272.4,-2.5341796875,-0.9619140625
272.7,-2.529296875,-0.9619140625
273.0,-2.5390625,-0.95703125
273.3,-2.5341796875,-0.9521484375
273.6,-2.5341796875,-0.95703125
273.9,-2.5439453125,-0.9228515625
274.2,-2.5390625,-0.830078125
274.5,-2.5439453125,-0.712890625
274.8,-2.5439453125,-0.7177734375
275.1,-2.548828125,-0.791015625
275.4,-2.548828125,-0.8642578125
275.7,-2.5390625,-0.8349609375
276.0,-2.5439453125,-0.9228515625
276.3,-2.5341796875,-1.03515625
276.6,-2.5439453125,-0.9375
276.9,-2.5244140625,-1.0009765625
277.2,-2.5390625,-0.91796875
277.5,-2.5537109375,-0.859375
277.8,-2.5439453125,-0.8154296875
278.1,-2.548828125,-0.8349609375
278.4,-2.548828125,-1.005859375
278.7,-2.5439453125,-1.1376953125
279.0,-2.5439453125,-1.162109375
279.3,-2.548828125,-1.357421875
279.6,-2.548828125,-1.318359375
279.9,-2.5439453125,-1.3671875
280.2,-2.548828125,-1.3818359375
280.5,-2.5634765625,-1.4697265625
280.8,-2.5537109375,-1.50390625
281.1,-2.548828125,-1.46484375
281.4,-2.548828125,-1.5869140625
281.7,-2.55859375,-1.6845703125
282.0,-2.5439453125,-1.66015625
282.3,-2.55859375,9.74609375
282.6,-2.5537109375,-1.6259765625
282.9,-2.5537109375,-1.5771484375
283.2,-2.5537109375,-1.5185546875
283.5,-2.5439453125,-1.416015625
283.8,-2.5439453125,-1.533203125
284.1,-2.548828125,-1.46484375
284.4,-2.548828125,-1.5673828125
284.7,-2.5537109375,-1.5478515625
285.0,-2.5439453125,-1.5576171875
285.3,-2.55859375,-1.396484375
285.6,-2.5537109375,-1.2841796875
285.9,-2.548828125,-1.26953125
286.2,-2.5537109375,-1.201171875
286.5,-2.5439453125,-1.0986328125
286.8,-2.5537109375,-1.083984375
287.1,-2.5439453125,-1.0400390625
287.4,-2.5537109375,-1.015625
287.7,-2.5390625,-0.9423828125
288.0,-2.55859375,-0.8740234375
288.3,-2.5537109375,-0.9375
288.6,-2.5537109375,-0.91796875
288.9,-2.5537109375,-0.99609375
289.2,-2.5537109375,-1.171875
289.5,-2.55859375,-1.23046875
289.8,-2.55859375,-1.279296875
290.1,-2.5537109375,-1.3720703125
290.4,-2.548828125,-1.30859375
290.7,-2.5634765625,-1.1865234375
291.0,-2.55859375,-1.1279296875
291.3,-2.55859375,-1.1181640625
291.6,-2.5537109375,-1.07421875
291.9,-2.5537109375,-0.9912109375
292.2,-2.55859375,-1.0107421875
292.5,-2.55859375,-1.0205078125
292.8,-2.55859375,-0.9521484375
293.1,-2.55859375,-0.927734375
293.4,-2.5634765625,-0.927734375
293.7,-2.55859375,-0.9130859375
294.0,-2.5537109375,-0.9375
294.3,-2.548828125,-0.8544921875
294.6,-2.5537109375,-0.869140625
294.9,-2.568359375,-0.91796875
295.2,-2.5634765625,-0.791015625
295.5,-2.5634765625,-0.810546875
295.8,-2.548828125,-0.7666015625
296.1,-2.5634765625,-0.76171875
296.4,-2.568359375,-0.7470703125
296.7,-2.55859375,-0.8642578125
297.0,-2.568359375,-0.9912109375
297.3,-2.568359375,-1.064453125
297.6,-2.5537109375,-1.0791015625
297.9,-2.5732421875,-1.1279296875
298.2,-2.55859375,-1.2109375
298.5,-2.548828125,-1.298828125
298.8,-2.5634765625,-1.328125
299.1,-2.55859375,-1.4501953125
299.4,-2.5732421875,-1.3671875
299.7,-2.568359375,-1.3671875
300.0,-2.55859375,-1.2158203125
300.3,-2.5537109375,-1.2646484375
0.0,-2.5830078125,-0.6982421875
0.3,-2.578125,-0.673828125
0.6,-2.5830078125,-0.7275390625
0.9,-2.59765625,-0.751953125
1.2,-2.5927734375,-0.8203125
1.5,-2.5927734375,-0.76171875
1.8,-2.578125,-0.80078125
2.1,-2.578125,-0.6689453125
2.4,-2.5732421875,-0.693359375
2.7,-2.578125,-0.7275390625
3.0,-2.5830078125,-0.7470703125
3.3,-2.587890625,-0.5615234375
3.6,-2.578125,-0.517578125
3.9,-2.587890625,-0.673828125
4.2,-2.5830078125,-0.7275390625
4.5,-2.578125,-0.7080078125
4.8,-2.5830078125,-0.6591796875
5.1,-2.6025390625,-0.634765625
5.4,-2.59765625,-0.546875
5.7,-2.578125,-0.3857421875
6.0,-2.578125,-0.4443359375
6.3,-2.5927734375,-0.4541015625
6.6,-2.587890625,-0.44921875
6.9,-2.5927734375,-0.517578125
7.2,-2.578125,-0.6103515625
7.5,-2.5927734375,-0.7275390625
7.8,-2.587890625,-0.7568359375
8.1,-2.5927734375,-0.6396484375
8.4,-2.5732421875,-0.6689453125
8.7,-2.587890625,-0.7275390625
9.0,-2.5927734375,-0.8447265625
9.3,-2.6025390625,-0.7421875
9.6,-2.5830078125,-0.6787109375
9.9,-2.59765625,-0.693359375
10.2,-2.568359375,-0.7373046875
10.5,-2.6025390625,-0.7666015625
10.8,-2.5927734375,-0.60546875
11.1,-2.5927734375,-0.6982421875
11.4,-2.5927734375,-0.80078125
11.7,-2.5927734375,-0.8349609375
12.0,-2.5927734375,-0.908203125
12.3,-2.587890625,-0.91796875
12.6,-2.5830078125,-0.849609375
12.9,-2.59765625,-0.8447265625
13.2,-2.5634765625,-0.8154296875
13.5,-2.5927734375,-0.9228515625
13.8,-2.5927734375,-0.95703125
14.1,-2.587890625,-1.025390625
14.4,-2.587890625,-1.083984375
14.7,-2.5830078125,-1.0595703125
15.0,-2.6025390625,-0.9619140625
15.3,-2.578125,-1.0595703125
15.6,-2.6025390625,-1.005859375
15.9,-2.59765625,-0.8935546875
16.2,-2.6025390625,-0.751953125
16.5,-2.5927734375,-0.6494140625
16.8,-2.59765625,-0.6396484375
17.1,-2.607421875,-0.6396484375
17.4,-2.5830078125,-0.810546875
17.7,-2.59765625,-0.869140625
18.0,-2.5927734375,-0.8544921875
18.3,-2.6025390625,-0.7958984375
18.6,-2.59765625,-0.8349609375
18.9,-2.607421875,-0.64453125
19.2,-2.6025390625,-0.634765625
19.5,-2.5830078125,-0.703125
19.8,-2.6025390625,-0.576171875
20.1,-2.6123046875,-0.6396484375
20.4,-2.6025390625,-0.6201171875
20.7,-2.6025390625,-0.5712890625
21.0,-2.607421875,-0.6396484375
21.3,-2.5927734375,-0.712890625
21.6,-2.6025390625,-0.60546875
21.9,-2.6025390625,-0.625
22.2,-2.6123046875,-0.634765625
22.5,-2.587890625,-0.5615234375
22.8,-2.5927734375,-0.517578125
23.1,-2.5927734375,-0.5615234375
23.4,-2.59765625,-0.52734375
23.7,-2.6025390625,-0.6005859375
24.0,-2.607421875,-0.673828125
24.3,-2.6025390625,-0.7421875
24.6,-2.59765625,-0.8251953125
24.9,-2.6025390625,-0.8154296875
25.2,-2.607421875,-0.810546875
25.5,-2.6123046875,-0.8984375
25.8,-2.59765625,-0.830078125
26.1,-2.626953125,-0.849609375
26.4,-2.6123046875,-0.87890625
26.7,-2.6025390625,-0.9326171875
27.0,-2.59765625,-0.95703125
27.3,-2.6025390625,-0.9912109375
27.6,-2.607421875,-1.11328125
27.9,-2.6123046875,-1.171875
28.2,-2.607421875,-1.181640625
28.5,-2.6025390625,-1.0888671875
28.8,-2.6025390625,-0.99609375
29.1,-2.6123046875,-0.9423828125
29.4,-2.607421875,-0.7861328125
29.7,-2.6171875,-0.8154296875
30.0,-2.6025390625,-0.7080078125
30.3,-2.607421875,-0.6982421875
30.6,-2.6171875,-0.6689453125
30.9,-2.6123046875,-0.6982421875
31.2,-2.6220703125,-0.703125
31.5,-2.6171875,-0.810546875
31.8,-2.6123046875,-0.888671875
32.1,-2.6171875,-0.888671875
32.4,-2.607421875,-0.9375
32.7,-2.6123046875,-0.8154296875
33.0,-2.6123046875,-0.91796875
33.3,-2.6220703125,-0.927734375
33.6,-2.6123046875,-0.9814453125
33.9,-2.6025390625,-0.9130859375
34.2,-2.6171875,-0.830078125
34.5,-2.6123046875,-0.8154296875
34.8,-2.6123046875,-0.8837890625
35.1,-2.59765625,-0.9130859375
35.4,-2.6171875,-0.9423828125
35.7,-2.6123046875,-1.0693359375
36.0,-2.6171875,-1.0595703125
36.3,-2.6171875,-1.0400390625
36.6,-2.6171875,-0.9423828125
36.9,-2.6123046875,-0.8447265625
37.2,-2.6171875,-0.791015625
37.5,-2.6123046875,-0.7568359375
37.8,-2.6220703125,-0.6201171875
38.1,-2.6123046875,-0.5712890625
38.4,-2.6123046875,-0.5712890625
38.7,-2.6416015625,-0.498046875
39.0,-2.6171875,-0.4931640625
39.3,-2.607421875,-0.478515625
39.6,-2.6171875,-0.6005859375
39.9,-2.6220703125,-0.576171875
40.2,-2.6220703125,-0.5859375
40.5,-2.6171875,-0.5322265625
40.8,-2.6123046875,-0.5322265625
41.1,-2.626953125,-0.556640625
41.4,-2.6220703125,-0.5224609375
41.7,-2.6220703125,-0.4931640625
42.0,-2.6220703125,-0.6201171875
42.3,-2.6123046875,-0.5712890625
42.6,-2.6318359375,-0.634765625
42.9,-2.626953125,-0.52734375
43.2,-2.6123046875,-0.5322265625
43.5,-2.6123046875,-0.5078125
43.8,-2.626953125,-0.5029296875
44.1,-2.6171875,-0.41015625
44.4,-2.6220703125,-0.439453125
44.7,-2.6318359375,-0.361328125
45.0,-2.6171875,-0.390625
45.3,-2.6171875,-0.3564453125
45.6,-2.607421875,-0.400390625
45.9,-2.6220703125,-0.5029296875
46.2,-2.626953125,-0.634765625
46.5,-2.6318359375,-0.5859375
46.8,-2.6171875,-0.5615234375
47.1,-2.6220703125,-0.6103515625
47.4,-2.6220703125,-0.5908203125
47.7,-2.63671875,-0.4052734375
48.0,-2.6220703125,-0.4736328125
48.3,-2.6318359375,-0.5419921875
48.6,-2.6123046875,-0.6689453125
48.9,-2.626953125,-0.6298828125
49.2,-2.6318359375,-0.625
49.5,-2.626953125,-0.46875
49.8,-2.6171875,-0.5078125
50.1,-2.6220703125,-0.546875
50.4,-2.6318359375,-0.5419921875
50.7,-2.626953125,-0.5029296875
51.0,-2.6123046875,-0.439453125
51.3,-2.6220703125,-0.3466796875
51.6,-2.626953125,-0.390625
51.9,-2.626953125,-0.3955078125
52.2,-2.6318359375,-0.244140625
52.5,-2.626953125,-0.1416015625
52.8,-2.6318359375,-0.05859375
53.1,-2.6318359375,0.0
53.4,-2.6123046875,-0.0244140625
53.7,-2.6171875,-0.0244140625
54.0,-2.63671875,-0.0244140625
54.3,-2.6318359375,0.01953125
54.6,-2.6123046875,-0.009765625
54.9,-2.63671875,-0.2392578125
55.2,-2.6318359375,-0.3515625
55.5,-2.6220703125,-0.263671875
55.8,-2.6318359375,-0.302734375
56.1,-2.6416015625,-0.234375
56.4,-2.626953125,-0.3564453125
56.7,-2.6416015625,-0.2734375
57.0,-2.63671875,-0.2197265625
57.3,-2.63671875,-0.263671875
57.6,-2.63671875,-0.2197265625
57.9,-2.6318359375,-0.2783203125
58.2,-2.63671875,-0.419921875
58.5,-2.646484375,-0.48828125
58.8,-2.646484375,-0.478515625
59.1,-2.6318359375,-0.4248046875
59.4,-2.626953125,-0.341796875
59.7,-2.63671875,-0.302734375
60.0,-2.646484375,-0.302734375
60.3,-2.6416015625,-0.3466796875
60.6,-2.6416015625,-0.2197265625
60.9,-2.6318359375,-0.37109375
61.2,-2.646484375,-0.3466796875
61.5,-2.63671875,-0.4638671875
61.8,-2.646484375,-0.5615234375
62.1,-2.63671875,-0.6201171875
62.4,-2.63671875,-0.7177734375
62.7,-2.63671875,-0.8447265625
63.0,-2.646484375,-0.8740234375
63.3,-2.6416015625,-0.7861328125
63.6,-2.646484375,-0.791015625
63.9,-2.6318359375,-0.8740234375
64.2,-2.646484375,-0.8935546875
64.5,-2.63671875,-0.927734375
64.8,-2.646484375,-0.8154296875
65.1,-2.6416015625,-0.8251953125
65.4,-2.646484375,-0.703125
65.7,-2.6416015625,-0.68359375
66.0,-2.626953125,-0.595703125
66.3,-2.63671875,-0.68359375
66.6,-2.646484375,-0.6591796875
66.9,-2.6513671875,-0.6640625
67.2,-2.646484375,-0.60546875
67.5,-2.646484375,-0.5810546875
67.8,-2.666015625,-0.6982421875
68.1,-2.6416015625,-0.654296875
68.4,-2.6318359375,-0.60546875
68.7,-2.6416015625,-0.6884765625
69.0,-2.6416015625,-0.6982421875
69.3,-2.6513671875,-0.6884765625
69.6,-2.6416015625,-0.64453125
69.9,-2.63671875,-0.7080078125
70.2,-2.65625,-0.7470703125
70.5,-2.65625,-0.8935546875
70.8,-2.65625,-0.8935546875
71.1,-2.6513671875,-0.7958984375
71.4,-2.6416015625,-0.7763671875
71.7,-2.6513671875,-0.8544921875
72.0,-2.6611328125,-0.859375
72.3,-2.646484375,-0.8935546875
72.6,-2.646484375,-1.025390625
72.9,-2.6513671875,-0.927734375
73.2,-2.65625,-0.8251953125
73.5,-2.646484375,-0.8349609375
73.8,-2.6318359375,-0.8837890625
74.1,-2.65625,-0.7666015625
74.4,-2.65625,-0.72265625
74.7,-2.65625,-0.615234375
75.0,-2.65625,-0.64453125
75.3,-2.65625,-0.64453125
75.6,-2.6513671875,-0.703125
75.9,-2.6611328125,-0.7080078125
76.2,-2.65625,-0.7666015625
76.5,-2.6513671875,-0.8154296875
76.8,-2.6513671875,-0.947265625
77.1,-2.666015625,-0.8642578125
77.4,-2.6611328125,-0.9326171875
77.7,-2.6611328125,-0.9423828125
78.0,-2.65625,-0.78125
78.3,-2.666015625,-0.830078125
78.6,-2.666015625,-0.8154296875
78.9,-2.6513671875,-0.80078125
79.2,-2.6513671875,-0.693359375
79.5,-2.6513671875,-0.6787109375
79.8,-2.666015625,-0.6787109375
80.1,-2.6611328125,-0.7275390625
80.4,-2.666015625,-0.8154296875
80.7,-2.6513671875,-0.8837890625
81.0,-2.67578125,-0.87890625
81.3,-2.666015625,-0.8837890625
81.6,-2.65625,-0.7568359375
81.9,-2.6708984375,-0.6884765625
82.2,-2.6806640625,-0.78125
82.5,-2.6611328125,-0.83984375
82.8,-2.666015625,-0.7958984375
83.1,-2.6708984375,-0.7666015625
83.4,-2.65625,-0.732421875
83.7,-2.666015625,-0.751953125
84.0,-2.666015625,-0.8154296875
84.3,-2.67578125,-0.8642578125
84.6,-2.666015625,-0.8056640625
84.9,-2.666015625,-0.8203125
85.2,-2.6708984375,-0.7080078125
85.5,-2.6708984375,-0.7080078125
85.8,-2.65625,-0.72265625
86.1,-2.6708984375,-0.60546875
86.4,-2.67578125,-0.5810546875
86.7,-2.6708984375,-0.6591796875
87.0,-2.6611328125,-0.625
87.3,-2.65625,-0.576171875
87.6,-2.666015625,-0.517578125
87.9,-2.67578125,-0.7080078125
88.2,-2.6611328125,-0.8984375
88.5,-2.6708984375,-0.9912109375
88.8,-2.666015625,-0.9619140625
89.1,-2.685546875,-0.849609375
89.4,-2.6708984375,-0.9130859375
89.7,-2.6708984375,-0.869140625
90.0,-2.666015625,-0.703125
90.3,-2.6708984375,-0.634765625
90.6,-2.6806640625,-0.5517578125
90.9,-2.67578125,-0.6201171875
91.2,-2.6708984375,-0.64453125
91.5,-2.6708984375,-0.6494140625
91.8,-2.666015625,-0.48828125
92.1,-2.67578125,-0.46875
92.4,-2.6904296875,-0.5322265625
92.7,-2.666015625,-0.6298828125
93.0,-2.6611328125,-0.6494140625
93.3,-2.6806640625,-0.673828125
93.6,-2.6806640625,-0.6787109375
93.9,-2.6806640625,-0.703125
94.2,-2.6904296875,-0.8056640625
94.5,-2.6904296875,-0.7470703125
94.8,-2.6708984375,-0.6884765625
95.1,-2.67578125,-0.7177734375
95.4,-2.6806640625,-0.830078125
95.7,-2.685546875,-0.7763671875
96.0,-2.6806640625,-0.6201171875
96.3,-2.6708984375,-0.673828125
96.6,-2.6708984375,-0.751953125
96.9,-2.6806640625,-0.8349609375
97.2,-2.6806640625,-0.703125
97.5,-2.67578125,-0.80078125
97.8,-2.6806640625,-0.751953125
98.1,-2.67578125,-0.6591796875
98.4,-2.685546875,-0.595703125
98.7,-2.685546875,-0.5712890625
99.0,-2.6806640625,-0.439453125
99.3,-2.67578125,-0.44921875
99.6,-2.685546875,-0.5615234375
99.9,-2.6806640625,-0.64453125
100.2,-2.685546875,-0.6396484375
100.5,-2.67578125,-0.615234375
100.8,-2.6806640625,-0.5029296875
101.1,-2.685546875,-0.4541015625
101.4,-2.67578125,-0.6005859375
101.7,-2.666015625,-0.4541015625
102.0,-2.685546875,-0.37109375
102.3,-2.6904296875,-0.4443359375
102.6,-2.705078125,-0.46875
102.9,-2.685546875,-0.400390625
103.2,-2.685546875,-0.4150390625
103.5,-2.6806640625,-0.390625
103.8,-2.6904296875,-0.478515625
104.1,-2.6708984375,-0.5224609375
104.4,-2.67578125,-0.5322265625
104.7,-2.6806640625,-0.576171875
105.0,-2.6904296875,-0.615234375
105.3,-2.7099609375,-0.537109375
105.6,-2.6904296875,-0.556640625
105.9,-2.685546875,-0.546875
106.2,-2.685546875,-0.5615234375
106.5,-2.6953125,-0.64453125
106.8,-2.6953125,-0.673828125
107.1,-2.685546875,-0.5859375
107.4,-2.6806640625,-0.5615234375
107.7,-2.6806640625,-0.478515625
108.0,-2.7001953125,-0.498046875
108.3,-2.6953125,-0.48828125
108.6,-2.6904296875,-0.458984375
108.9,-2.685546875,-0.44921875
109.2,-2.6904296875,-0.4931640625
109.5,-2.705078125,-0.5126953125
109.8,-2.7001953125,-0.6103515625
110.1,-2.685546875,-0.5712890625
110.4,-2.6904296875,-0.48828125
110.7,-2.685546875,-0.3466796875
111.0,-2.7001953125,-0.37109375
111.3,-2.685546875,-0.41015625
111.6,-2.6904296875,-0.3564453125
111.9,-2.685546875,-0.33203125
112.2,-2.7001953125,-0.3857421875
112.5,-2.685546875,-0.3662109375
112.8,-2.685546875,-0.244140625
113.1,-2.6953125,-0.1123046875
113.4,-2.705078125,-0.2099609375
113.7,-2.685546875,-0.1953125
114.0,-2.6904296875,-0.302734375
114.3,-2.7001953125,-0.3857421875
114.6,-2.705078125,-0.3173828125
114.9,-2.685546875,-0.3466796875
115.2,-2.67578125,-0.3466796875
115.5,-2.6806640625,-0.3955078125
115.8,-2.7099609375,-0.44921875
116.1,-2.7001953125,-0.517578125
116.4,-2.7001953125,-0.498046875
116.7,-2.7001953125,-0.4931640625
117.0,-2.7099609375,-0.5517578125
117.3,-2.6953125,-0.6396484375
117.6,-2.7099609375,-0.56640625
117.9,-2.7001953125,-0.517578125
118.2,-2.7001953125,-0.556640625
118.5,-2.71484375,-0.5322265625
118.8,-2.7099609375,-0.546875
119.1,-2.705078125,-0.6298828125
119.4,-2.6953125,-0.6689453125
119.7,-2.705078125,-0.595703125
120.0,-2.7001953125,-0.673828125
120.3,-2.7001953125,-0.7470703125
120.6,-2.6904296875,-0.78125
120.9,-2.7001953125,-0.83984375
121.2,-2.705078125,-0.849609375
121.5,-2.6953125,-0.888671875
121.8,-2.7001953125,-0.869140625
122.1,-2.7001953125,-0.7861328125
122.4,-2.7099609375,-0.7666015625
122.7,-3.1640625,-0.7373046875
123.0,-3.1689453125,-0.556640625
123.3,-3.1689453125,-0.4736328125
123.6,-2.71484375,-0.439453125
123.9,-2.6953125,-0.41015625
124.2,-2.705078125,-0.2783203125
124.5,-2.7197265625,-0.3173828125
124.8,-2.7099609375,-0.3125
125.1,-2.6953125,-0.1904296875
125.4,-2.7099609375,-0.2392578125
125.7,-2.7099609375,-0.205078125
126.0,-2.7197265625,-0.185546875
126.3,-2.7001953125,-0.1953125
126.6,-2.705078125,-0.15625
126.9,-2.71484375,-0.1611328125
127.2,-2.7197265625,-0.166015625
127.5,-2.7197265625,-0.1220703125
127.8,-2.71484375,-0.0634765625
128.1,-2.724609375,-0.2880859375
128.4,-2.7294921875,-0.4541015625
128.7,-2.7099609375,-0.3564453125
129.0,-2.71484375,-0.322265625
129.3,-2.7197265625,-0.29296875
129.6,-2.734375,-0.41015625
129.9,-2.71484375,-0.517578125
130.2,-2.71484375,-0.4443359375
130.5,-2.7099609375,-0.3662109375
130.8,-2.7001953125,-0.4052734375
131.1,-2.7197265625,-0.439453125
131.4,-2.71484375,-0.341796875
131.7,-2.7294921875,-0.361328125
132.0,-2.71484375,-0.380859375
132.3,-2.71484375,-0.3369140625
132.6,-2.7294921875,-0.46875
132.9,-2.7294921875,-0.4541015625
133.2,-2.7099609375,-0.3125
133.5,-2.7197265625,-0.3369140625
133.8,-2.7294921875,-0.3515625
134.1,-2.724609375,-0.41015625
134.4,-2.7197265625,-0.3515625
134.7,-2.7197265625,-0.390625
135.0,-2.724609375,-0.37109375
135.3,-2.744140625,-0.302734375
135.6,-2.71484375,-0.302734375
135.9,-2.7099609375,-0.2294921875
136.2,-2.71484375,-0.3515625
136.5,-2.724609375,-0.2978515625
136.8,-2.724609375,-0.361328125
137.1,-2.71484375,-0.3271484375
137.4,-2.7197265625,-0.33203125
137.7,-2.7392578125,-0.283203125
138.0,-2.7197265625,-0.1220703125
138.3,-2.724609375,0.09765625
138.6,-2.71484375,0.21484375
138.9,-2.7294921875,0.205078125
139.2,-2.7294921875,0.1611328125
139.5,-2.7294921875,0.1123046875
139.8,-2.724609375,-0.0390625
140.1,-2.7294921875,-0.2392578125
140.4,-2.734375,-0.390625
140.7,-2.734375,-0.29296875
141.0,-2.724609375,-0.205078125
141.3,-2.744140625,-0.1953125
141.6,-2.7490234375,-0.09765625
141.9,-2.734375,-0.009765625
142.2,-2.734375,0.126953125
142.5,-2.744140625,0.01953125
142.8,-2.7392578125,0.009765625
143.1,-2.744140625,0.1220703125
143.4,-2.744140625,0.0537109375
143.7,-2.7490234375,0.1123046875
144.0,-2.734375,0.0830078125
144.3,-2.7392578125,0.0244140625
144.6,-2.75390625,-0.05859375
144.9,-2.7587890625,-0.05859375
145.2,-2.744140625,-0.0537109375
145.5,-2.744140625,0.0537109375
145.8,-2.75390625,0.0732421875
146.1,-2.763671875,-0.068359375
146.4,-2.75390625,-0.21484375
146.7,-2.7490234375,-0.15625
147.0,-2.7490234375,-0.21484375
147.3,-2.7685546875,-0.361328125
147.6,-2.7587890625,-0.478515625
147.9,-2.763671875,-0.4541015625
148.2,-2.763671875,-0.33203125
148.5,-2.763671875,-0.2490234375
148.8,-2.7783203125,-0.2490234375
149.1,-2.7734375,-0.3955078125
149.4,-2.763671875,-0.498046875
149.7,-2.7685546875,-0.4345703125
150.0,-2.7734375,-0.3515625
150.3,-2.7734375,-0.2783203125
150.6,-2.763671875,-0.234375
150.9,-2.7685546875,-0.3173828125
151.2,-2.7880859375,-0.41015625
151.5,-2.7490234375,-0.4296875
151.8,-2.7783203125,-0.3564453125
152.1,-2.783203125,-0.4248046875
152.4,-2.7880859375,-0.41015625
152.7,-2.7880859375,-0.4833984375
153.0,-2.7880859375,-0.5908203125
153.3,-2.7978515625,-0.5859375
153.6,-2.79296875,-0.537109375
153.9,-2.79296875,-0.6103515625
154.2,-2.7978515625,-0.68359375
154.5,-2.79296875,-0.6689453125
154.8,-2.7783203125,-0.6005859375
155.1,-2.7978515625,-0.4736328125
155.4,-2.802734375,-0.4833984375
155.7,-2.79296875,-0.48828125
156.0,-2.7978515625,-0.5712890625
156.3,-2.7978515625,-0.615234375
156.6,-2.8076171875,-0.498046875
156.9,-2.802734375,-0.3369140625
157.2,-2.802734375,-0.2783203125
157.5,-2.802734375,-0.224609375
157.8,-2.802734375,-0.29296875
158.1,-2.8173828125,-0.3515625
158.4,-2.8125,-0.2685546875
158.7,-2.8125,-0.3125
159.0,-2.8125,-0.4541015625
159.3,-2.8173828125,-0.4736328125
159.6,-2.822265625,-0.556640625
159.9,-2.8271484375,-0.625
160.2,-2.822265625,-0.52734375
160.5,-2.8271484375,-0.41015625
160.8,-2.8125,-0.2197265625
161.1,-2.822265625,-0.3759765625
161.4,-2.8125,-0.556640625
161.7,-2.8271484375,-0.693359375
162.0,-2.8271484375,-0.76171875
162.3,-2.83203125,-0.712890625
162.6,-2.822265625,-0.7373046875
162.9,-2.8271484375,-0.654296875
163.2,-2.8271484375,-0.6103515625
163.5,-2.841796875,-0.68359375
163.8,-2.841796875,-0.7421875
164.1,-2.8271484375,-0.60546875
164.4,-2.83203125,-0.537109375
164.7,-2.83203125,-0.556640625
165.0,-2.8515625,-0.5224609375
165.3,-2.8271484375,-0.5078125
165.6,-2.841796875,-0.64453125
165.9,-2.841796875,-0.5517578125
166.2,-2.8515625,-0.5859375
166.5,-2.8515625,-0.546875
166.8,-2.8369140625,-0.6787109375
167.1,-2.8515625,-0.6494140625
167.4,-2.8564453125,-0.5810546875
167.7,-2.8466796875,-0.5078125
168.0,-2.8466796875,-0.5517578125
168.3,-2.841796875,-0.4931640625
168.6,-2.8564453125,-0.2880859375
168.9,-2.861328125,-0.341796875
169.2,-2.841796875,-0.283203125
169.5,-2.8515625,-0.3173828125
169.8,-2.861328125,-0.3955078125
170.1,-2.8515625,-0.3466796875
170.4,-2.8515625,-0.4541015625
170.7,-2.8466796875,-0.4150390625
171.0,-2.8466796875,-0.341796875
171.3,-2.87109375,-0.46875
171.6,-2.8515625,-0.3515625
171.9,-2.8466796875,-0.4638671875
172.2,-2.841796875,-0.37109375
172.5,-2.8564453125,-0.4150390625
172.8,-2.8564453125,-0.3564453125
173.1,-2.8564453125,-0.458984375
173.4,-2.8662109375,-0.3564453125
173.7,-2.8515625,-0.3759765625
174.0,-2.861328125,-0.2734375
174.3,-2.8662109375,-0.2783203125
174.6,-2.8564453125,-0.4248046875
174.9,-2.8564453125,-0.4638671875
175.2,-2.8515625,-0.3955078125
175.5,-2.8515625,-0.380859375
175.8,-2.8662109375,-0.546875
176.1,-2.8662109375,-0.5224609375
176.4,-2.8564453125,-0.576171875
176.7,-2.8564453125,-0.556640625
177.0,-2.861328125,-0.5712890625
177.3,-2.841796875,-0.44921875
177.6,-2.861328125,-0.4833984375
177.9,-2.87109375,-0.5712890625
178.2,-2.861328125,-0.60546875
178.5,-2.8515625,-0.6591796875
178.8,-2.8564453125,-0.6396484375
179.1,-2.861328125,-0.654296875
179.4,-2.861328125,-0.615234375
179.7,-2.8564453125,-0.673828125
180.0,-2.8515625,-0.6591796875
180.3,-2.8662109375,-0.498046875
180.6,-2.8662109375,-0.517578125
180.9,-2.8662109375,-0.6982421875
181.2,-2.8564453125,-0.7177734375
181.5,-2.87109375,-0.83984375
181.8,-2.8662109375,-0.8740234375
182.1,-2.8662109375,-0.76171875
182.4,-2.8662109375,-0.7373046875
182.7,-2.8662109375,-0.8203125
183.0,-2.880859375,-0.91796875
183.3,-2.8662109375,-0.9619140625
183.6,-2.87109375,-0.947265625
183.9,-2.8662109375,-0.9375
184.2,-2.8662109375,-0.8837890625
184.5,-2.8662109375,-0.693359375
184.8,-2.8662109375,-0.6298828125
185.1,-2.861328125,-0.5859375
185.4,-2.87109375,-0.4443359375
185.7,-2.8759765625,-0.41015625
186.0,-2.861328125,-0.3955078125
186.3,-2.87109375,-0.4736328125
186.6,-2.8662109375,-0.537109375
186.9,-2.880859375,-0.72265625
187.2,-2.87109375,-0.6494140625
187.5,-2.8759765625,-0.576171875
187.8,-2.8564453125,-0.60546875
188.1,-2.8857421875,-0.56640625
188.4,-2.8759765625,-0.478515625
188.7,-2.8662109375,-0.546875
189.0,-2.8662109375,-0.5126953125
189.3,-2.87109375,-0.5615234375
189.6,-2.8759765625,-0.6396484375
189.9,-2.8662109375,-0.7080078125
190.2,-2.8759765625,-0.72265625
190.5,-2.87109375,-0.712890625
190.8,-2.8759765625,-0.6982421875
191.1,-2.8662109375,-0.7421875
191.4,-2.861328125,-0.7080078125
191.7,-2.8759765625,-0.751953125
192.0,-2.8759765625,-0.712890625
192.3,-2.880859375,-0.6494140625
192.6,-2.87109375,-0.732421875
192.9,-2.87109375,-0.9228515625
193.2,-2.8662109375,-0.986328125
193.5,-2.880859375,-0.849609375
193.8,-2.880859375,-0.76171875
194.1,-2.8662109375,-0.732421875
194.4,-2.8759765625,-0.9033203125
194.7,-2.880859375,-1.03515625
195.0,-2.8759765625,-0.9716796875
195.3,-2.8759765625,-0.791015625
195.6,-2.87109375,-0.7666015625
195.9,-2.87109375,-0.7763671875
196.2,-2.8857421875,-0.8203125
196.5,-2.8759765625,-0.888671875
196.8,-2.8662109375,-0.9521484375
197.1,-2.87109375,-0.947265625
197.4,-2.8662109375,-0.9912109375
197.7,-2.8857421875,-0.947265625
198.0,-2.880859375,-0.95703125
198.3,-2.890625,-0.9375
198.6,-2.8759765625,-1.03515625
198.9,-2.880859375,-0.9716796875
199.2,-2.880859375,-0.87890625
199.5,-2.8955078125,-0.99609375
199.8,-2.87109375,-1.064453125
200.1,-2.890625,-1.171875
200.4,-2.890625,-1.240234375
200.7,-2.8759765625,-1.201171875
201.0,-2.8662109375,-1.1474609375
201.3,-2.8955078125,-1.171875
201.6,-2.8857421875,-1.0986328125
201.9,-2.8857421875,-0.947265625
202.2,-2.8857421875,-0.8154296875
202.5,-2.8857421875,-0.7568359375
202.8,-2.890625,-0.91796875
203.1,-2.890625,-0.8837890625
203.4,-2.9052734375,-0.87890625
203.7,-2.880859375,-0.9326171875
204.0,-2.8857421875,-1.0546875
204.3,-2.890625,-1.103515625
204.6,-2.890625,-1.025390625
204.9,-2.890625,-1.0791015625
205.2,-2.8857421875,-1.0205078125
205.5,-2.900390625,-0.927734375
205.8,-2.8955078125,-0.8349609375
206.1,-2.900390625,-0.7958984375
206.4,-2.8955078125,-0.908203125
206.7,-2.8857421875,-1.0888671875
207.0,-2.890625,-1.03515625
207.3,-2.890625,-1.0986328125
207.6,-2.8955078125,-1.005859375
207.9,-2.890625,-1.005859375
0.0,-2.9150390625,-1.2451171875
0.3,-2.9052734375,-1.2109375
0.6,-2.91015625,-1.2548828125
0.9,-2.91015625,-1.259765625
1.2,-2.919921875,-1.357421875
1.5,-2.900390625,-1.4013671875
1.8,-2.9150390625,-1.376953125
2.1,-2.9150390625,-1.2255859375
2.4,-2.314453125,-1.162109375
2.7,-2.3095703125,-1.2353515625
3.0,-2.3193359375,-1.23046875
3.3,-2.3193359375,-1.15234375
3.6,-2.3095703125,-1.15234375
3.9,-2.2998046875,-1.064453125
4.2,-2.3095703125,-1.2353515625
4.5,-2.2998046875,-1.2890625
4.8,-2.314453125,-1.3330078125
5.1,-2.3291015625,-1.3671875
5.4,-2.3193359375,-1.3427734375
5.7,-2.314453125,-1.30859375
6.0,-2.3193359375,-1.2646484375
6.3,-2.314453125,-1.240234375
6.6,-2.32421875,-1.1865234375
6.9,-2.3095703125,-1.2255859375
7.2,-2.3095703125,-1.1279296875
7.5,-2.3193359375,-1.142578125
7.8,-2.314453125,-1.3134765625
8.1,-2.314453125,-1.318359375
8.4,-2.32421875,-1.4453125
8.7,-2.3095703125,-1.474609375
9.0,-2.3095703125,-1.50390625
9.3,-2.3095703125,-1.5185546875
9.6,-2.3193359375,-1.3720703125
9.9,-2.314453125,-1.435546875
10.2,-2.294921875,-1.50390625
10.5,-2.314453125,-1.5625
10.8,-2.314453125,-1.552734375
11.1,-2.314453125,-1.34765625
11.4,-2.3193359375,-1.2451171875
11.7,-2.314453125,-1.2255859375
12.0,-2.3291015625,-1.142578125
12.3,-2.3193359375,-1.201171875
12.6,-2.314453125,-1.2353515625
12.9,-2.3046875,-1.2744140625
13.2,-2.3291015625,-1.25
13.5,-2.3291015625,-1.2890625
13.8,-2.32421875,-1.2890625
14.1,-2.3095703125,-1.25
14.4,-2.3193359375,-1.4013671875
14.7,-2.32421875,-1.484375
15.0,-2.32421875,-1.494140625
15.3,-2.3291015625,-1.4697265625
15.6,-2.32421875,-1.533203125
15.9,-2.333984375,-1.6357421875
16.2,-2.3095703125,-1.5576171875
16.5,-2.32421875,-1.552734375
16.8,-2.3291015625,-1.5087890625
17.1,-2.32421875,-1.5966796875
17.4,-2.3291015625,-1.5234375
17.7,-2.3193359375,-1.4306640625
18.0,-2.3193359375,-1.376953125
18.3,-2.32421875,-1.4208984375
18.6,-2.3388671875,-1.54296875
18.9,-2.3291015625,-1.591796875
19.2,-2.3291015625,-1.4501953125
19.5,-2.333984375,-1.3330078125
19.8,-2.333984375,-1.3720703125
20.1,-2.32421875,-1.46484375
20.4,-2.32421875,-1.5869140625
20.7,-2.32421875,-1.6455078125
21.0,-2.3193359375,-1.6748046875
21.3,-2.32421875,-1.5966796875
21.6,-2.3486328125,-1.572265625
21.9,-2.3291015625,-1.54296875
22.2,-2.3291015625,-1.484375
22.5,-2.34375,-1.552734375
22.8,-2.3388671875,-1.6064453125
23.1,-2.3291015625,-1.6162109375
23.4,-2.333984375,-1.689453125
23.7,-2.333984375,-1.689453125
24.0,-2.3291015625,-1.6796875
24.3,-2.34375,-1.5869140625
24.6,-2.333984375,-1.5234375
24.9,-2.333984375,-1.4501953125
25.2,-2.3095703125,-1.396484375
25.5,-2.3388671875,-1.4208984375
25.8,-2.333984375,-1.3427734375
26.1,-2.34375,-1.298828125
26.4,-2.3388671875,-1.2939453125
26.7,-2.333984375,-1.2646484375
27.0,-2.3291015625,-1.26953125
27.3,-2.3291015625,-1.40625
27.6,-2.3388671875,-1.3916015625
27.9,-2.333984375,-1.3525390625
28.2,-2.333984375,-1.337890625
28.5,-2.32421875,-1.3671875
28.8,-2.3486328125,-1.38671875
29.1,-2.3388671875,-1.3623046875
29.4,-2.333984375,-1.23046875
29.7,-2.3486328125,-1.3330078125
30.0,-2.333984375,-1.2939453125
30.3,-2.3388671875,-1.23046875
30.6,-2.3388671875,-1.1669921875
30.9,-2.32421875,-1.0888671875
31.2,-2.3291015625,-1.1474609375
31.5,-2.3291015625,-1.240234375
31.8,-2.333984375,-1.2646484375
32.1,-2.353515625,-1.15234375
32.4,-2.3388671875,-1.142578125
32.7,-2.3486328125,-1.259765625
33.0,-2.34375,-1.26953125
33.3,-2.34375,-1.2353515625
33.6,-2.333984375,-1.2548828125
33.9,-2.3388671875,-1.2548828125
34.2,-2.3486328125,-1.2158203125
34.5,-2.333984375,-1.1865234375
34.8,-2.3486328125,-1.1767578125
35.1,-2.34375,-1.142578125
35.4,-2.3291015625,-1.34765625
35.7,-2.3388671875,-1.484375
36.0,-2.353515625,-1.6064453125
36.3,-2.3388671875,-1.552734375
36.6,-2.34375,-1.484375
36.9,-2.3388671875,-1.455078125
37.2,-2.34375,-1.4208984375
37.5,-2.34375,-1.337890625
37.8,-2.3388671875,-1.259765625
38.1,-2.3486328125,-1.3134765625
38.4,-2.34375,-1.3671875
38.7,-2.353515625,-1.3427734375
39.0,-2.353515625,-1.3134765625
39.3,-2.3486328125,-1.3623046875
39.6,-2.3388671875,-1.4306640625
39.9,-2.353515625,-1.5478515625
40.2,-2.3486328125,-1.611328125
40.5,-2.34375,-1.62109375
40.8,-2.3486328125,-1.6162109375
41.1,-2.3486328125,-1.6259765625
41.4,-2.34375,-1.69921875
41.7,-2.3486328125,-1.71875
42.0,-2.3486328125,-1.7578125
42.3,-2.333984375,-1.8310546875
42.6,-2.34375,-1.7333984375
42.9,-2.34375,-1.748046875
43.2,-2.34375,-1.7529296875
43.5,-2.3486328125,-1.845703125
43.8,-2.34375,-1.85546875
44.1,-2.353515625,-1.7578125
44.4,-2.3388671875,-1.728515625
44.7,-2.353515625,-1.8408203125
45.0,-2.3583984375,-1.9287109375
45.3,-2.353515625,-1.943359375
45.6,-2.353515625,-1.8310546875
45.9,-2.34375,-1.875
46.2,-2.36328125,-1.8994140625
46.5,-2.3583984375,-1.8896484375
46.8,-2.353515625,-1.787109375
47.1,-2.3486328125,-1.826171875
47.4,-2.36328125,-1.9140625
47.7,-2.353515625,-1.943359375
48.0,-2.36328125,-1.8994140625
48.3,-2.353515625,-1.865234375
48.6,-2.353515625,-1.7529296875
48.9,-2.36328125,-1.7236328125
49.2,-2.3486328125,-1.7578125
49.5,-2.3486328125,-1.689453125
49.8,-2.3583984375,-1.669921875
50.1,-2.3583984375,-1.6650390625
50.4,-2.353515625,-1.66015625
50.7,-2.3583984375,-1.5771484375
51.0,-2.3486328125,-1.3818359375
51.3,-2.34375,-1.3427734375
51.6,-2.373046875,-1.4453125
51.9,-2.3583984375,-1.4013671875
52.2,-2.3583984375,-1.5478515625
52.5,-2.3583984375,-1.6845703125
52.8,-2.36328125,-1.7236328125
53.1,-2.3583984375,-1.7138671875
53.4,-2.3583984375,-1.630859375
53.7,-2.3681640625,-1.640625
54.0,-2.3486328125,-1.6015625
54.3,-2.3681640625,-1.611328125
54.6,-2.3486328125,-1.7333984375
54.9,-2.353515625,-1.6796875
55.2,-2.373046875,-1.708984375
55.5,-2.3486328125,-1.6552734375
55.8,-2.3583984375,-1.6748046875
56.1,-2.3583984375,-1.6162109375
56.4,-2.36328125,-1.7236328125
56.7,-2.36328125,-1.611328125
57.0,-2.353515625,-1.533203125
57.3,-2.36328125,-1.6748046875
57.6,-2.3583984375,-1.533203125
57.9,-2.36328125,-1.40625
58.2,-2.353515625,-1.2255859375
58.5,-2.3681640625,-1.201171875
58.8,-2.36328125,-1.2744140625
59.1,-2.373046875,-1.1865234375
59.4,-2.3583984375,-1.1376953125
59.7,-2.3486328125,-1.11328125
60.0,-2.34375,-1.1181640625
60.3,-2.3681640625,-1.044921875
60.6,-2.3681640625,-1.015625
60.9,-2.3681640625,-1.0986328125
61.2,-2.3681640625,-1.0205078125
61.5,-2.3583984375,-0.9130859375
61.8,-2.3779296875,-1.064453125
62.1,-2.3583984375,-1.025390625
62.4,-2.3583984375,-0.966796875
62.7,-2.3681640625,-0.9130859375
63.0,-2.3779296875,-0.8642578125
63.3,-2.36328125,-0.7861328125
63.6,-2.373046875,-0.771484375
63.9,-2.3681640625,-0.908203125
64.2,-2.3681640625,-0.9375
64.5,-2.36328125,-0.8642578125
64.8,-2.3779296875,-0.9326171875
65.1,-2.36328125,-0.947265625
65.4,-2.3681640625,-0.9521484375
65.7,-2.373046875,-0.830078125
66.0,-2.36328125,-0.888671875
66.3,-2.373046875,-0.8837890625
66.6,-2.3779296875,-0.8935546875
66.9,-2.3779296875,-0.87890625
67.2,-2.3681640625,-0.83984375
67.5,-2.373046875,-0.8056640625
67.8,-2.3681640625,-0.9228515625
68.1,-2.373046875,-0.9521484375
68.4,-2.3779296875,-1.044921875
68.7,-2.3779296875,-1.1181640625
69.0,-2.3828125,-1.1474609375
69.3,-2.3876953125,-1.064453125
69.6,-2.3779296875,-0.9619140625
69.9,-2.3779296875,-1.0205078125
70.2,-2.3828125,-1.1181640625
70.5,-2.3828125,-1.083984375
70.8,-2.373046875,-1.09375
71.1,-2.373046875,-1.1181640625
71.4,-2.3876953125,-1.0546875
71.7,-2.373046875,-1.044921875
72.0,-2.373046875,-0.9619140625
72.3,-2.3828125,-0.986328125
72.6,-2.3681640625,-1.0205078125
72.9,-2.3828125,-0.9228515625
73.2,-2.373046875,-1.0498046875
73.5,-2.3681640625,-1.2158203125
73.8,-2.3779296875,-1.2744140625
74.1,-2.3779296875,-1.3427734375
74.4,-2.373046875,-1.2548828125
74.7,-2.3828125,-1.1181640625
75.0,-2.3681640625,-1.1279296875
75.3,-2.3779296875,-1.1669921875
75.6,-2.3681640625,-1.15234375
75.9,-2.3876953125,-1.259765625
76.2,-2.3828125,-1.34765625
76.5,-2.3828125,-1.34765625
76.8,-2.3828125,-1.30859375
77.1,-2.373046875,-1.2744140625
77.4,-2.3876953125,-1.30859375
77.7,-2.3876953125,-1.279296875
78.0,-2.3779296875,-1.279296875
78.3,-2.392578125,-1.3037109375
78.6,-2.373046875,-1.416015625
78.9,-2.3828125,-1.5234375
79.2,-2.392578125,-1.6796875
79.5,-2.373046875,-1.73828125
79.8,-2.3828125,-1.7333984375
80.1,-2.3828125,-1.591796875
80.4,-2.3779296875,-1.5771484375
80.7,-2.4072265625,-1.46484375
81.0,-2.3828125,-1.3037109375
81.3,-2.392578125,-1.171875
81.6,-2.392578125,-1.0888671875
81.9,-2.3828125,-1.1279296875
82.2,-2.3974609375,-1.1328125
82.5,-2.3828125,-1.171875
82.8,-2.3876953125,-1.162109375
83.1,-2.3828125,-1.201171875
83.4,-2.3828125,-1.2451171875
83.7,-2.3876953125,-1.279296875
84.0,-2.3828125,-1.42578125
84.3,-2.3876953125,-1.376953125
84.6,-2.3974609375,-1.4111328125
84.9,-2.3779296875,-1.4208984375
85.2,-2.392578125,-1.4990234375
85.5,-2.3974609375,-1.5576171875
85.8,-2.3876953125,-1.4111328125
86.1,-2.3828125,-1.4013671875
86.4,-2.3876953125,-1.3134765625
86.7,-2.3974609375,-1.171875
87.0,-2.3876953125,-1.083984375
87.3,-2.3828125,-0.9765625
87.6,-2.3876953125,-0.947265625
87.9,-2.3974609375,-1.07421875
88.2,-2.3876953125,-1.0791015625
88.5,-2.392578125,-1.0205078125
88.8,-2.40234375,-1.025390625
89.1,-2.3876953125,-1.0009765625
89.4,-2.3779296875,-1.1669921875
89.7,-2.3974609375,-1.171875
90.0,-2.3876953125,-1.2255859375
90.3,-2.4072265625,-1.3232421875
90.6,-2.392578125,-1.3671875
90.9,-2.3828125,-1.4013671875
91.2,-2.3974609375,-1.2744140625
91.5,-2.40234375,-1.26953125
91.8,-2.3974609375,-1.298828125
92.1,-2.3876953125,-1.298828125
92.4,-2.392578125,-1.2841796875
92.7,-2.3974609375,-1.19140625
93.0,-2.3876953125,-1.1669921875
93.3,-2.392578125,-1.103515625
93.6,-2.40234375,-1.025390625
93.9,-2.392578125,-0.947265625
94.2,-2.3974609375,-0.849609375
94.5,-2.412109375,-0.8056640625
94.8,-2.3974609375,-0.8837890625
95.1,-2.40234375,-1.0546875
95.4,-2.3974609375,-1.142578125
95.7,-2.3974609375,-1.0693359375
96.0,-2.3974609375,-1.0693359375
96.3,-2.40234375,-1.1767578125
96.6,-2.392578125,-1.1572265625
96.9,-2.40234375,-0.9716796875
97.2,-2.4072265625,-0.947265625
97.5,-2.392578125,-0.849609375
97.8,-2.4072265625,-0.830078125
98.1,-2.3974609375,-0.8154296875
98.4,-2.3974609375,-0.947265625
98.7,-2.3974609375,-0.9228515625
99.0,-2.40234375,-0.9130859375
99.3,-2.40234375,-0.9619140625
99.6,-2.4072265625,-0.986328125
99.9,-2.3974609375,-1.0546875
100.2,-2.421875,-1.123046875
100.5,-2.3974609375,-1.1328125
100.8,-2.4072265625,-1.1083984375
101.1,-2.4072265625,-1.1474609375
101.4,-2.392578125,-1.044921875
101.7,-2.4072265625,-1.044921875
102.0,-2.4072265625,-1.015625
102.3,-2.4072265625,-1.15234375
102.6,-2.412109375,-1.19140625
102.9,-2.412109375,-1.1865234375
103.2,-2.40234375,-1.1669921875
103.5,-2.4072265625,-1.11328125
103.8,-2.4072265625,-1.220703125
104.1,-2.412109375,-1.220703125
104.4,-2.4072265625,-1.259765625
104.7,-2.392578125,-1.3427734375
105.0,-2.412109375,-1.1865234375
105.3,-2.40234375,-1.025390625
105.6,-2.412109375,-1.0400390625
105.9,-2.4072265625,-1.03515625
106.2,-2.4072265625,-0.9619140625
106.5,-2.4072265625,-0.888671875
106.8,-2.4072265625,-0.9033203125
107.1,-2.421875,-0.95703125
107.4,-2.40234375,-0.9423828125
107.7,-2.392578125,-0.9521484375
108.0,-2.412109375,-1.0693359375
108.3,-2.4072265625,-1.11328125
108.6,-2.4072265625,-1.1279296875
108.9,-2.412109375,-1.1181640625
109.2,-2.412109375,-1.142578125
109.5,-2.4169921875,-1.2451171875
109.8,-2.421875,-1.2255859375
110.1,-2.4169921875,-1.181640625
110.4,-2.40234375,-1.201171875
110.7,-2.412109375,-1.2060546875
111.0,-2.4169921875,-1.15234375
111.3,-2.412109375,-1.1279296875
111.6,-2.412109375,-1.0546875
111.9,-2.4169921875,-1.064453125
112.2,-2.4169921875,-1.1865234375
112.5,-2.4072265625,-1.1767578125
112.8,-2.4072265625,-1.025390625
113.1,-2.40234375,-0.9912109375
113.4,-2.4169921875,-0.8837890625
113.7,-2.4169921875,-0.888671875
114.0,-2.392578125,-0.9716796875
114.3,-2.4267578125,-0.9326171875
114.6,-2.4365234375,-0.80078125
114.9,-2.4169921875,-0.751953125
115.2,-2.421875,-0.7080078125
115.5,-2.40234375,-0.859375
115.8,-2.421875,-0.9375
116.1,-2.421875,-0.8251953125
116.4,-2.4267578125,-0.830078125
116.7,-2.412109375,-0.8154296875
117.0,-2.4169921875,-0.8203125
117.3,-2.4267578125,-0.8203125
117.6,-2.4267578125,-0.810546875
117.9,-2.421875,-0.8349609375
118.2,-2.4169921875,-0.8935546875
118.5,-2.4072265625,-0.986328125
118.8,-2.431640625,-0.9912109375
119.1,-2.4169921875,-0.947265625
119.4,-2.4072265625,-0.95703125
119.7,-2.4169921875,-0.8447265625
120.0,-2.421875,-0.8349609375
120.3,-2.4365234375,-0.9765625
120.6,-2.4267578125,-0.99609375
120.9,-2.4267578125,-1.083984375
121.2,-2.431640625,-1.0546875
121.5,-2.4169921875,-1.0400390625
121.8,-2.431640625,-0.9521484375
122.1,-2.431640625,-0.8544921875
122.4,-2.4365234375,-0.8740234375
122.7,-2.4267578125,-0.966796875
123.0,-2.4365234375,-0.87890625
123.3,-2.431640625,-0.9033203125
123.6,-2.421875,-0.8544921875
123.9,-2.4267578125,-0.810546875
124.2,-2.4365234375,-0.810546875
124.5,-2.4267578125,-0.8251953125
124.8,-2.4267578125,-0.7958984375
125.1,-2.4365234375,-0.7421875
125.4,-2.4267578125,-0.7373046875
125.7,-2.431640625,-0.6494140625
126.0,-2.44140625,-0.60546875
126.3,-2.421875,-0.52734375
126.6,-2.4365234375,-0.478515625
126.9,-2.431640625,-0.4833984375
127.2,-2.44140625,-0.4638671875
127.5,-2.4267578125,-0.595703125
127.8,-2.431640625,-0.673828125
128.1,-2.431640625,-0.703125
128.4,-2.431640625,-0.7666015625
128.7,-2.431640625,-0.6884765625
129.0,-2.4365234375,-0.6640625
129.3,-2.4365234375,-0.60546875
129.6,-2.4365234375,-0.6298828125
129.9,-2.4365234375,-0.56640625
130.2,-2.431640625,-0.5078125
130.5,-2.4365234375,-0.478515625
130.8,-2.431640625,-0.4736328125
131.1,-2.4365234375,-0.478515625
131.4,-2.431640625,-0.5322265625
131.7,-2.44140625,-0.6005859375
132.0,-2.431640625,-0.615234375
132.3,-2.431640625,-0.68359375
132.6,-2.44140625,-0.830078125
132.9,-2.431640625,-0.9423828125
133.2,-2.4365234375,-1.0009765625
133.5,-2.431640625,-1.1328125
133.8,-2.4462890625,-1.181640625
134.1,-2.4365234375,-1.259765625
134.4,-2.44140625,-1.3037109375
134.7,-2.44140625,-1.2353515625
135.0,-2.44140625,-1.0888671875
135.3,-2.4462890625,-1.220703125
135.6,-2.4462890625,-1.1865234375
135.9,-2.44140625,-1.1328125
136.2,-2.44140625,-1.064453125
136.5,-2.451171875,-1.1474609375
136.8,-2.4462890625,-1.1279296875
137.1,-2.4365234375,-1.11328125
137.4,-2.4365234375,-1.103515625
137.7,-2.4462890625,-1.1376953125
138.0,-2.451171875,-1.11328125
138.3,-2.451171875,-1.1572265625
138.6,-2.4462890625,-1.2255859375
138.9,-2.44140625,-1.2646484375
139.2,-2.4365234375,-1.357421875
139.5,-2.4560546875,-1.3916015625
139.8,-2.4462890625,-1.3818359375
140.1,-2.4365234375,-1.3671875
140.4,-2.4365234375,-1.4111328125
140.7,-2.4658203125,-1.4892578125
141.0,-2.44140625,-1.6357421875
141.3,-2.4462890625,-1.58203125
141.6,-2.431640625,-1.494140625
141.9,-2.451171875,-1.3916015625
142.2,-2.4560546875,-1.3134765625
142.5,-2.451171875,-1.1962890625
142.8,-2.44140625,-1.2646484375
143.1,-2.4365234375,-1.2353515625
143.4,-2.44140625,-1.3623046875
143.7,-2.4560546875,-1.40625
144.0,-2.451171875,-1.4453125
144.3,-2.44140625,-1.4794921875
144.6,-2.451171875,-1.533203125
144.9,-2.4609375,-1.54296875
145.2,-2.4462890625,-1.50390625
145.5,-2.451171875,-1.396484375
145.8,-2.44140625,-1.3671875
146.1,-2.4658203125,-1.1279296875
146.4,-2.4560546875,-1.0498046875
146.7,-2.451171875,-1.0791015625
147.0,-2.44140625,-1.0693359375
147.3,-2.4560546875,-0.9912109375
147.6,-2.4560546875,-1.07421875
147.9,-2.451171875,-1.2353515625
148.2,-2.4462890625,-1.240234375
148.5,-2.451171875,-1.1865234375
148.8,-2.4560546875,-1.064453125
149.1,-2.4560546875,-1.1083984375
149.4,-2.4560546875,-1.15234375
149.7,-2.451171875,-1.083984375
150.0,-2.4560546875,-1.0595703125
150.3,-2.4609375,-1.1083984375
150.6,-2.4560546875,-1.201171875
150.9,-2.4560546875,-1.3232421875
151.2,-2.44140625,-1.4599609375
151.5,-2.4609375,-1.4111328125
151.8,-2.4560546875,-1.357421875
152.1,-2.451171875,-1.3037109375
152.4,-2.4560546875,-1.26953125
152.7,-2.4609375,-1.2451171875
153.0,-2.4560546875,-1.25
153.3,-2.4560546875,-1.220703125
153.6,-2.4658203125,-1.240234375
153.9,-2.4658203125,-1.2109375
154.2,-2.451171875,-1.2451171875
154.5,-2.4658203125,-1.1767578125
154.8,-2.4560546875,-1.171875
155.1,-2.4560546875,-1.103515625
155.4,-2.451171875,-1.181640625
155.7,-2.451171875,-1.083984375
156.0,-2.4560546875,-1.1962890625
156.3,-2.4609375,-1.0400390625
156.6,-2.4658203125,-1.0546875
156.9,-2.451171875,-0.99609375
157.2,-2.470703125,-0.9521484375
157.5,-2.470703125,-0.947265625
157.8,-2.4658203125,-0.927734375
158.1,-2.4609375,-0.9619140625
158.4,-2.4658203125,-0.9716796875
158.7,-2.48046875,-1.0595703125
159.0,-2.4658203125,-1.0986328125
159.3,-2.4609375,-0.99609375
159.6,-2.4658203125,-0.8984375
159.9,-2.4658203125,-0.76171875
160.2,-2.4755859375,-0.7275390625
160.5,-2.470703125,-0.6982421875
160.8,-2.4658203125,-0.7958984375
161.1,-2.4658203125,-0.869140625
161.4,-2.4658203125,-0.8935546875
161.7,-2.470703125,-0.87890625
162.0,-2.4609375,-0.8447265625
162.3,-2.470703125,-0.83984375
162.6,-2.470703125,-0.78125
162.9,-2.470703125,-0.6591796875
163.2,-2.470703125,-0.7275390625
163.5,-2.4658203125,-0.751953125
163.8,-2.470703125,-0.83984375
164.1,-2.470703125,-0.8056640625
164.4,-2.4658203125,-0.83984375
164.7,-2.4755859375,-0.8056640625
165.0,-2.4755859375,-0.6982421875
165.3,-2.4658203125,-0.7275390625
165.6,-2.490234375,-0.751953125
165.9,-2.4755859375,-0.703125
166.2,-2.470703125,-0.751953125
166.5,-2.4658203125,-0.849609375
166.8,-2.4755859375,-0.8935546875
167.1,-2.4658203125,-0.8544921875
167.4,-2.4609375,-0.8447265625
167.7,-2.48046875,-0.8349609375
168.0,-2.4755859375,-0.7470703125
168.3,-2.48046875,-0.8984375
168.6,-2.48046875,-0.80078125
168.9,-2.48046875,-0.8837890625
169.2,-2.4755859375,-0.7763671875
169.5,-2.4755859375,-0.625
169.8,-2.470703125,-0.6982421875
170.1,-2.470703125,-0.76171875
170.4,-2.470703125,-0.771484375
170.7,-2.48046875,-0.8984375
171.0,-2.4853515625,-0.8837890625
171.3,-2.4755859375,-0.7861328125
171.6,-2.470703125,-0.8740234375
171.9,-2.48046875,-0.9814453125
172.2,-2.48046875,-1.0498046875
172.5,-2.490234375,-1.1181640625
172.8,-2.4853515625,-1.1181640625
173.1,-2.4755859375,-1.0888671875
173.4,-2.4658203125,-1.162109375
173.7,-2.4853515625,-1.171875
174.0,-2.48046875,-1.064453125
174.3,-2.470703125,-1.103515625
174.6,-2.48046875,-0.966796875
174.9,-2.48046875,-1.0302734375
175.2,-2.490234375,-0.927734375
175.5,-2.48046875,-1.0693359375
175.8,-2.4755859375,-1.0009765625
176.1,-2.4755859375,-0.80078125
176.4,-2.48046875,-0.7373046875
176.7,-2.48046875,-0.76171875
177.0,-2.48046875,-0.771484375
177.3,-2.48046875,-0.9326171875
177.6,-2.490234375,-0.9765625
177.9,-2.470703125,-1.07421875
178.2,-2.490234375,-1.07421875
178.5,-2.48046875,-1.2158203125
178.8,-2.490234375,-1.298828125
179.1,-2.470703125,-1.3818359375
179.4,-2.490234375,-1.3427734375
179.7,-2.490234375,-1.3623046875
180.0,-2.4853515625,-1.26953125
180.3,-2.4853515625,-1.2451171875
180.6,-2.4853515625,-1.2841796875
180.9,-2.4755859375,-1.2451171875
181.2,-2.4853515625,-1.1279296875
181.5,-2.5,-1.2158203125
181.8,-2.4853515625,-1.259765625
182.1,-2.4853515625,-1.19140625
182.4,-2.4951171875,-1.162109375
182.7,-2.4951171875,-1.2158203125
183.0,-2.490234375,-1.2060546875
183.3,-2.4755859375,-1.1376953125
183.6,-2.490234375,-1.0986328125
183.9,-2.5,-1.1962890625
184.2,-2.490234375,-1.2939453125
184.5,-2.4853515625,-1.30859375
184.8,-2.48046875,-1.318359375
185.1,-2.4951171875,-1.3525390625
185.4,-2.4951171875,-1.2451171875
185.7,-2.4853515625,-1.279296875
186.0,-2.48046875,-1.2646484375
186.3,-2.4853515625,-1.328125
186.6,-2.490234375,-1.26953125
