0.0,-0.8740234375,-0.8740234375
0.3,-0.8740234375,-0.8740234375
0.6,-0.87890625,-0.87890625
0.9,-0.87890625,-0.87890625
1.2,-0.87890625,-0.87890625
1.5,-0.869140625,-0.869140625
1.8,-0.8740234375,-0.8740234375
2.1,-0.87890625,-0.87890625
2.4,-0.8740234375,-0.8740234375
2.7,-0.869140625,-0.869140625
3.0,-0.87890625,-0.87890625
3.3,-0.869140625,-0.869140625
3.6,-0.8740234375,-0.8740234375
3.9,-0.87890625,-0.87890625
4.2,-0.869140625,-0.869140625
4.5,-0.8740234375,-0.8740234375
4.8,-0.869140625,-0.869140625
5.1,-0.8740234375,-0.8740234375
5.4,-0.8740234375,-0.8740234375
5.7,-0.8740234375,-0.8740234375
6.0,-0.87890625,-0.87890625
6.3,-0.87890625,-0.87890625
6.6,-0.8740234375,-0.8740234375
6.9,-0.869140625,-0.869140625
7.2,-0.8740234375,-0.8740234375
7.5,-0.87890625,-0.87890625
7.8,-0.869140625,-0.869140625
8.1,-0.869140625,-0.869140625
8.4,-0.869140625,-0.869140625
8.7,-0.87890625,-0.87890625
9.0,-0.869140625,-0.869140625
9.3,-0.869140625,-0.869140625
9.6,-0.87890625,-0.87890625
9.9,-0.8740234375,-0.8740234375
10.2,-0.8740234375,-0.8740234375
10.5,-0.87890625,-0.87890625
10.8,-0.8740234375,-0.8740234375
11.1,-0.87890625,-0.87890625
11.4,-0.8740234375,-0.8740234375
11.7,-0.8740234375,-0.8740234375
12.0,-0.87890625,-0.87890625
12.3,-0.8740234375,-0.8740234375
12.6,-0.8740234375,-0.8740234375
12.9,-0.87890625,-0.87890625
13.2,-0.87890625,-0.87890625
13.5,-0.87890625,-0.87890625
13.8,-0.869140625,-0.869140625
14.1,-0.869140625,-0.869140625
14.4,-0.8740234375,-0.8740234375
14.7,-0.8740234375,-0.8740234375
15.0,-0.8740234375,-0.8740234375
15.3,-0.869140625,-0.869140625
15.6,-0.8740234375,-0.8740234375
15.9,-0.87890625,-0.87890625
16.2,-0.8740234375,-0.8740234375
16.5,-0.869140625,-0.869140625
16.8,-0.8740234375,-0.8740234375
17.1,-0.8740234375,-0.8740234375
17.4,-0.8740234375,-0.8740234375
17.7,-0.87890625,-0.87890625
18.0,-0.87890625,-0.87890625
18.3,-0.8740234375,-0.8740234375
18.6,-0.8740234375,-0.8740234375
18.9,-0.8740234375,-0.8740234375
19.2,-0.87890625,-0.87890625
19.5,-0.8740234375,-0.8740234375
19.8,-0.8740234375,-0.8740234375
20.1,-0.869140625,-0.869140625
20.4,-0.87890625,-0.87890625
20.7,-0.869140625,-0.869140625
21.0,-0.8740234375,-0.8740234375
21.3,-0.8740234375,-0.8740234375
21.6,-0.869140625,-0.869140625
21.9,-0.8740234375,-0.8740234375
22.2,-0.8740234375,-0.8740234375
22.5,-0.8740234375,-0.8740234375
22.8,-0.869140625,-0.869140625
23.1,-0.87890625,-0.87890625
23.4,-0.87890625,-0.87890625
23.7,-0.87890625,-0.87890625
24.0,-0.8740234375,-0.8740234375
24.3,-0.869140625,-0.869140625
24.6,-0.87890625,-0.87890625
24.9,-0.869140625,-0.869140625
25.2,-0.87890625,-0.87890625
25.5,-0.8740234375,-0.8740234375
25.8,-0.8740234375,-0.8740234375
26.1,-0.8740234375,-0.8740234375
26.4,-0.8740234375,-0.8740234375
26.7,-0.8740234375,-0.8740234375
27.0,-0.87890625,-0.87890625
27.3,-0.8740234375,-0.8740234375
27.6,-0.8740234375,-0.8740234375
27.9,-0.8740234375,-0.8740234375
28.2,-0.8740234375,-0.8740234375
28.5,-0.8740234375,-0.8740234375
28.8,-0.8740234375,-0.8740234375
29.1,-0.8740234375,-0.8740234375
29.4,-0.87890625,-0.87890625
29.7,-0.8740234375,-0.8740234375
30.0,-0.8740234375,-0.8740234375
30.3,-0.869140625,-0.869140625
30.6,-0.8740234375,-0.8740234375
30.9,-0.8740234375,-0.8740234375
31.2,-0.87890625,-0.87890625
31.5,-0.8740234375,-0.8740234375
31.8,-0.869140625,-0.869140625
32.1,-0.869140625,-0.869140625
32.4,-0.87890625,-0.87890625
32.7,-0.87890625,-0.87890625
33.0,-0.869140625,-0.869140625
33.3,-0.8740234375,-0.8740234375
33.6,-0.8740234375,-0.8740234375
33.9,-0.8740234375,-0.8740234375
34.2,-0.869140625,-0.869140625
34.5,-0.87890625,-0.87890625
34.8,-0.8740234375,-0.8740234375
35.1,-0.8740234375,-0.8740234375
35.4,-0.8740234375,-0.8740234375
35.7,-0.8740234375,-0.8740234375
36.0,-0.8740234375,-0.8740234375
36.3,-0.869140625,-0.869140625
36.6,-0.869140625,-0.869140625
36.9,-0.869140625,-0.869140625
37.2,-0.87890625,-0.87890625
37.5,-0.8740234375,-0.8740234375
37.8,-0.869140625,-0.869140625
38.1,-0.8740234375,-0.8740234375
38.4,-0.8740234375,-0.8740234375
38.7,-0.8740234375,-0.8740234375
39.0,-0.87890625,-0.87890625
39.3,-0.869140625,-0.869140625
39.6,-0.8740234375,-0.8740234375
39.9,-0.869140625,-0.869140625
40.2,-0.8740234375,-0.8740234375
40.5,-0.87890625,-0.87890625
40.8,-0.869140625,-0.869140625
41.1,-0.8740234375,-0.8740234375
41.4,-0.87890625,-0.87890625
41.7,-0.87890625,-0.87890625
42.0,-0.87890625,-0.87890625
42.3,-0.869140625,-0.869140625
42.6,-0.869140625,-0.869140625
42.9,-0.869140625,-0.869140625
43.2,-0.8740234375,-0.8740234375
43.5,-0.87890625,-0.87890625
43.8,-0.8740234375,-0.8740234375
44.1,-0.87890625,-0.87890625
44.4,-0.869140625,-0.869140625
44.7,-0.869140625,-0.869140625
45.0,-0.8740234375,-0.8740234375
45.3,-0.87890625,-0.87890625
45.6,-0.8740234375,-0.8740234375
45.9,-0.8740234375,-0.8740234375
46.2,-0.8740234375,-0.8740234375
46.5,-0.87890625,-0.87890625
46.8,-0.87890625,-0.87890625
47.1,-0.869140625,-0.869140625
47.4,-0.8740234375,-0.8740234375
47.7,-0.869140625,-0.869140625
48.0,-0.869140625,-0.869140625
48.3,-0.869140625,-0.869140625
48.6,-0.8740234375,-0.8740234375
48.9,-0.8740234375,-0.8740234375
49.2,-0.869140625,-0.869140625
49.5,-0.8740234375,-0.8740234375
49.8,-0.8740234375,-0.8740234375
50.1,-0.8740234375,-0.8740234375
50.4,-0.8740234375,-0.8740234375
50.7,-0.87890625,-0.87890625
51.0,-0.8740234375,-0.8740234375
51.3,-0.869140625,-0.869140625
51.6,-0.8740234375,-0.8740234375
51.9,-0.87890625,-0.87890625
52.2,-0.87890625,-0.87890625
52.5,-0.8740234375,-0.8740234375
52.8,-0.869140625,-0.869140625
53.1,-0.8837890625,-0.8837890625
53.4,-0.869140625,-0.869140625
53.7,-0.869140625,-0.869140625
54.0,-0.869140625,-0.869140625
54.3,-0.87890625,-0.87890625
54.6,-0.87890625,-0.87890625
54.9,-0.87890625,-0.87890625
55.2,-0.8740234375,-0.8740234375
55.5,-0.8740234375,-0.8740234375
55.8,-0.8740234375,-0.8740234375
56.1,-0.8740234375,-0.8740234375
56.4,-0.8740234375,-0.8740234375
56.7,-0.87890625,-0.87890625
57.0,-0.869140625,-0.869140625
57.3,-0.8740234375,-0.8740234375
57.6,-0.8740234375,-0.8740234375
57.9,-0.87890625,-0.87890625
58.2,-0.8740234375,-0.8740234375
58.5,-0.87890625,-0.87890625
58.8,-0.8740234375,-0.8740234375
59.1,-0.8740234375,-0.8740234375
59.4,-0.87890625,-0.87890625
59.7,-0.8740234375,-0.8740234375
60.0,-0.8740234375,-0.8740234375
60.3,-0.869140625,-0.869140625
60.6,-0.8740234375,-0.8740234375
60.9,-0.8740234375,-0.8740234375
61.2,-0.869140625,-0.869140625
61.5,-0.869140625,-0.869140625
61.8,-0.8740234375,-0.8740234375
62.1,-0.8740234375,-0.8740234375
62.4,-0.87890625,-0.87890625
62.7,-0.87890625,-0.87890625
63.0,-0.869140625,-0.869140625
63.3,-0.87890625,-0.87890625
63.6,-0.8740234375,-0.8740234375
63.9,-0.8740234375,-0.8740234375
64.2,-0.869140625,-0.869140625
64.5,-0.8740234375,-0.8740234375
64.8,-0.8740234375,-0.8740234375
65.1,-0.8740234375,-0.8740234375
65.4,-0.869140625,-0.869140625
65.7,-0.87890625,-0.87890625
66.0,-0.8740234375,-0.8740234375
66.3,-0.869140625,-0.869140625
66.6,-0.8740234375,-0.8740234375
66.9,-0.8740234375,-0.8740234375
67.2,-0.87890625,-0.87890625
67.5,-0.8740234375,-0.8740234375
67.8,-0.87890625,-0.87890625
68.1,-0.869140625,-0.869140625
68.4,-0.8740234375,-0.8740234375
68.7,-0.87890625,-0.87890625
69.0,-0.869140625,-0.869140625
69.3,-0.869140625,-0.869140625
69.6,-0.8740234375,-0.8740234375
69.9,-0.8740234375,-0.8740234375
70.2,-0.8740234375,-0.8740234375
70.5,-0.8740234375,-0.8740234375
70.8,-0.87890625,-0.87890625
71.1,-0.869140625,-0.869140625
71.4,-0.8740234375,-0.8740234375
71.7,-0.8740234375,-0.8740234375
72.0,-0.8740234375,-0.8740234375
72.3,-0.87890625,-0.87890625
72.6,-0.87890625,-0.87890625
72.9,-0.8740234375,-0.8740234375
73.2,-0.87890625,-0.87890625
73.5,-0.87890625,-0.87890625
73.8,-0.87890625,-0.87890625
74.1,-0.87890625,-0.87890625
74.4,-0.8740234375,-0.8740234375
74.7,-0.869140625,-0.869140625
75.0,-0.8740234375,-0.8740234375
75.3,-0.869140625,-0.869140625
75.6,-0.8740234375,-0.8740234375
75.9,-0.8740234375,-0.8740234375
76.2,-0.8740234375,-0.8740234375
76.5,-0.8740234375,-0.8740234375
76.8,-0.869140625,-0.869140625
77.1,-0.869140625,-0.869140625
77.4,-0.8740234375,-0.8740234375
77.7,-0.87890625,-0.87890625
78.0,-0.8740234375,-0.8740234375
78.3,-0.8740234375,-0.8740234375
78.6,-0.869140625,-0.869140625
78.9,-0.87890625,-0.87890625
79.2,-0.8740234375,-0.8740234375
79.5,-0.87890625,-0.87890625
79.8,-0.869140625,-0.869140625
80.1,-0.869140625,-0.869140625
80.4,-0.8740234375,-0.8740234375
80.7,-0.87890625,-0.87890625
81.0,-0.869140625,-0.869140625
81.3,-0.869140625,-0.869140625
81.6,-0.8740234375,-0.8740234375
81.9,-0.8740234375,-0.8740234375
82.2,-0.8740234375,-0.8740234375
82.5,-0.869140625,-0.869140625
82.8,-0.87890625,-0.87890625
83.1,-0.87890625,-0.87890625
83.4,-0.87890625,-0.87890625
83.7,-0.87890625,-0.87890625
84.0,-0.87890625,-0.87890625
84.3,-0.8740234375,-0.8740234375
84.6,-0.87890625,-0.87890625
84.9,-0.869140625,-0.869140625
85.2,-0.8740234375,-0.8740234375
85.5,-0.8740234375,-0.8740234375
85.8,-0.87890625,-0.87890625
86.1,-0.8740234375,-0.8740234375
86.4,-0.8740234375,-0.8740234375
86.7,-0.87890625,-0.87890625
87.0,-0.8740234375,-0.8740234375
87.3,-0.869140625,-0.869140625
87.6,-0.8740234375,-0.8740234375
87.9,-0.87890625,-0.87890625
88.2,-0.8740234375,-0.8740234375
88.5,-0.869140625,-0.869140625
88.8,-0.8740234375,-0.8740234375
89.1,-0.87890625,-0.87890625
89.4,-0.8740234375,-0.8740234375
89.7,-0.87890625,-0.87890625
90.0,-0.8740234375,-0.8740234375
90.3,-0.8740234375,-0.8740234375
90.6,-0.87890625,-0.87890625
90.9,-0.87890625,-0.87890625
91.2,-0.87890625,-0.87890625
91.5,-0.8740234375,-0.8740234375
91.8,-0.87890625,-0.87890625
92.1,-0.869140625,-0.869140625
92.4,-0.87890625,-0.87890625
92.7,-0.8740234375,-0.8740234375
93.0,-0.869140625,-0.869140625
93.3,-0.87890625,-0.87890625
93.6,-0.869140625,-0.869140625
93.9,-0.8740234375,-0.8740234375
94.2,-0.8740234375,-0.8740234375
94.5,-0.87890625,-0.87890625
94.8,-0.87890625,-0.87890625
95.1,-0.8740234375,-0.8740234375
95.4,-0.8740234375,-0.8740234375
95.7,-0.8740234375,-0.8740234375
96.0,-0.87890625,-0.87890625
96.3,-0.87890625,-0.87890625
96.6,-0.8740234375,-0.8740234375
96.9,-0.8740234375,-0.8740234375
97.2,-0.8740234375,-0.8740234375
97.5,-0.87890625,-0.87890625
97.8,-0.8740234375,-0.8740234375
98.1,-0.8740234375,-0.8740234375
98.4,-0.8740234375,-0.8740234375
98.7,-0.8740234375,-0.8740234375
99.0,-0.87890625,-0.87890625
99.3,-0.87890625,-0.87890625
99.6,-0.8740234375,-0.8740234375
0.0,-0.87890625,-0.87890625
0.3,-0.87890625,-0.87890625
0.6,-0.869140625,-0.869140625
0.9,-0.869140625,-0.869140625
1.2,-0.869140625,-0.869140625
1.5,-0.8740234375,-0.8740234375
1.8,-0.8740234375,-0.8740234375
2.1,-0.869140625,-0.869140625
2.4,-0.8740234375,-0.8740234375
2.7,-0.8740234375,-0.8740234375
3.0,-0.869140625,-0.869140625
3.3,-0.869140625,-0.869140625
3.6,-0.8740234375,-0.8740234375
3.9,-0.8740234375,-0.8740234375
4.2,-0.8740234375,-0.8740234375
4.5,-0.869140625,-0.869140625
4.8,-0.8740234375,-0.8740234375
5.1,-0.8740234375,-0.8740234375
5.4,-0.8740234375,-0.8740234375
5.7,-0.8544921875,-0.8544921875
6.0,-0.8740234375,-0.8740234375
6.3,-0.8740234375,-0.8740234375
6.6,-0.8740234375,-0.8740234375
6.9,-0.908203125,-0.908203125
7.2,-0.8740234375,-0.8740234375
7.5,-0.869140625,-0.869140625
7.8,-0.869140625,-0.869140625
8.1,-0.8935546875,-0.8935546875
8.4,-0.8740234375,-0.8740234375
8.7,-0.87890625,-0.87890625
9.0,-0.8642578125,-0.8642578125
9.3,-0.8740234375,-0.8740234375
9.6,-0.869140625,-0.869140625
9.9,-0.8740234375,-0.8740234375
10.2,-0.869140625,-0.869140625
10.5,-0.869140625,-0.869140625
10.8,-0.8740234375,-0.8740234375
11.1,-0.8740234375,-0.8740234375
11.4,-0.859375,-0.859375
11.7,-0.869140625,-0.869140625
12.0,-0.8740234375,-0.8740234375
12.3,-0.8837890625,-0.8837890625
12.6,-0.859375,-0.859375
12.9,-0.87890625,-0.87890625
13.2,-0.8740234375,-0.8740234375
13.5,-0.87890625,-0.87890625
13.8,-0.908203125,-0.908203125
14.1,-0.87890625,-0.87890625
14.4,-0.8740234375,-0.8740234375
14.7,-0.8740234375,-0.8740234375
15.0,-0.888671875,-0.888671875
15.3,-0.8740234375,-0.8740234375
15.6,-0.8740234375,-0.8740234375
15.9,-0.869140625,-0.869140625
16.2,-0.8740234375,-0.8740234375
16.5,-0.8740234375,-0.8740234375
16.8,-0.8740234375,-0.8740234375
17.1,-0.869140625,-0.869140625
17.4,-0.8740234375,-0.8740234375
17.7,-0.869140625,-0.869140625
18.0,-0.8740234375,-0.8740234375
18.3,-0.8642578125,-0.8642578125
18.6,-0.869140625,-0.869140625
18.9,-0.8740234375,-0.8740234375
19.2,-0.8740234375,-0.8740234375
19.5,-0.8544921875,-0.8544921875
19.8,-0.8740234375,-0.8740234375
20.1,-0.869140625,-0.869140625
20.4,-0.8740234375,-0.8740234375
20.7,-0.908203125,-0.908203125
21.0,-0.8740234375,-0.8740234375
21.3,-0.87890625,-0.87890625
21.6,-0.869140625,-0.869140625
21.9,-0.8935546875,-0.8935546875
22.2,-0.87890625,-0.87890625
22.5,-0.869140625,-0.869140625
22.8,-0.869140625,-0.869140625
23.1,-0.8740234375,-0.8740234375
23.4,-0.87890625,-0.87890625
23.7,-0.8740234375,-0.8740234375
24.0,-0.849609375,-0.849609375
24.3,-0.8740234375,-0.8740234375
24.6,-0.87890625,-0.87890625
24.9,-0.8837890625,-0.8837890625
25.2,-0.888671875,-0.888671875
25.5,-0.869140625,-0.869140625
25.8,-0.8740234375,-0.8740234375
26.1,-0.8740234375,-0.8740234375
26.4,-0.908203125,-0.908203125
26.7,-0.869140625,-0.869140625
27.0,-0.8740234375,-0.8740234375
27.3,-0.8740234375,-0.8740234375
27.6,-0.8740234375,-0.8740234375
27.9,-0.8740234375,-0.8740234375
28.2,-0.8740234375,-0.8740234375
28.5,-0.869140625,-0.869140625
28.8,-0.8740234375,-0.8740234375
29.1,-0.8740234375,-0.8740234375
29.4,-0.8740234375,-0.8740234375
29.7,-0.849609375,-0.849609375
30.0,-0.8740234375,-0.8740234375
30.3,-0.87890625,-0.87890625
30.6,-0.87890625,-0.87890625
30.9,-0.9033203125,-0.9033203125
31.2,-0.869140625,-0.869140625
31.5,-0.87890625,-0.87890625
31.8,-0.869140625,-0.869140625
32.1,-0.8935546875,-0.8935546875
32.4,-0.869140625,-0.869140625
32.7,-0.87890625,-0.87890625
33.0,-0.869140625,-0.869140625
33.3,-0.869140625,-0.869140625
33.6,-0.8740234375,-0.8740234375
33.9,-0.8642578125,-0.8642578125
34.2,-0.859375,-0.859375
34.5,-0.869140625,-0.869140625
34.8,-0.869140625,-0.869140625
35.1,-0.87890625,-0.87890625
35.4,-0.91796875,-0.91796875
35.7,-0.87890625,-0.87890625
36.0,-0.8740234375,-0.8740234375
36.3,-0.8642578125,-0.8642578125
36.6,-0.8740234375,-0.8740234375
36.9,-0.869140625,-0.869140625
37.2,-0.8740234375,-0.8740234375
37.5,-0.8544921875,-0.8544921875
37.8,-0.87890625,-0.87890625
38.1,-0.8740234375,-0.8740234375
38.4,-0.87890625,-0.87890625
38.7,-0.9033203125,-0.9033203125
39.0,-0.8740234375,-0.8740234375
39.3,-0.8740234375,-0.8740234375
39.6,-0.869140625,-0.869140625
39.9,-0.8837890625,-0.8837890625
40.2,-0.8740234375,-0.8740234375
40.5,-0.8740234375,-0.8740234375
40.8,-0.859375,-0.859375
41.1,-0.8740234375,-0.8740234375
41.4,-0.8740234375,-0.8740234375
41.7,-0.8740234375,-0.8740234375
42.0,-0.8740234375,-0.8740234375
42.3,-0.8740234375,-0.8740234375
42.6,-0.8740234375,-0.8740234375
42.9,-0.87890625,-0.87890625
43.2,-0.908203125,-0.908203125
43.5,-0.869140625,-0.869140625
43.8,-0.869140625,-0.869140625
44.1,-0.859375,-0.859375
44.4,-0.8740234375,-0.8740234375
44.7,-0.869140625,-0.869140625
45.0,-0.8740234375,-0.8740234375
45.3,-0.8544921875,-0.8544921875
45.6,-0.8740234375,-0.8740234375
45.9,-0.8740234375,-0.8740234375
46.2,-0.8740234375,-0.8740234375
46.5,-0.908203125,-0.908203125
46.8,-0.869140625,-0.869140625
47.1,-0.8740234375,-0.8740234375
47.4,-0.869140625,-0.869140625
47.7,-0.869140625,-0.869140625
48.0,-0.869140625,-0.869140625
48.3,-0.87890625,-0.87890625
48.6,-0.859375,-0.859375
48.9,-0.8740234375,-0.8740234375
49.2,-0.869140625,-0.869140625
49.5,-0.8740234375,-0.8740234375
49.8,-0.9130859375,-0.9130859375
50.1,-0.869140625,-0.869140625
50.4,-0.8740234375,-0.8740234375
50.7,-0.8642578125,-0.8642578125
51.0,-0.8740234375,-0.8740234375
51.3,-0.87890625,-0.87890625
51.6,-0.8740234375,-0.8740234375
51.9,-0.849609375,-0.849609375
52.2,-0.869140625,-0.869140625
52.5,-0.87890625,-0.87890625
52.8,-0.8740234375,-0.8740234375
53.1,-0.9130859375,-0.9130859375
53.4,-0.869140625,-0.869140625
53.7,-0.8740234375,-0.8740234375
54.0,-0.869140625,-0.869140625
54.3,-0.8740234375,-0.8740234375
54.6,-0.8740234375,-0.8740234375
54.9,-0.8740234375,-0.8740234375
55.2,-0.8740234375,-0.8740234375
55.5,-0.869140625,-0.869140625
55.8,-0.8740234375,-0.8740234375
56.1,-0.869140625,-0.869140625
56.4,-0.8740234375,-0.8740234375
56.7,-0.869140625,-0.869140625
57.0,-0.8740234375,-0.8740234375
57.3,-0.859375,-0.859375
57.6,-0.869140625,-0.869140625
57.9,-0.8740234375,-0.8740234375
58.2,-0.869140625,-0.869140625
58.5,-0.8740234375,-0.8740234375
58.8,-0.8740234375,-0.8740234375
59.1,-0.8740234375,-0.8740234375
59.4,-0.859375,-0.859375
59.7,-0.8740234375,-0.8740234375
60.0,-0.8740234375,-0.8740234375
60.3,-0.8740234375,-0.8740234375
60.6,-0.9033203125,-0.9033203125
60.9,-0.87890625,-0.87890625
61.2,-0.8740234375,-0.8740234375
61.5,-0.8544921875,-0.8544921875
61.8,-0.869140625,-0.869140625
62.1,-0.8740234375,-0.8740234375
62.4,-0.8740234375,-0.8740234375
62.7,-0.8935546875,-0.8935546875
63.0,-0.8740234375,-0.8740234375
63.3,-0.8740234375,-0.8740234375
63.6,-0.8642578125,-0.8642578125
63.9,-0.8740234375,-0.8740234375
64.2,-0.87890625,-0.87890625
64.5,-0.87890625,-0.87890625
64.8,-0.8740234375,-0.8740234375
65.1,-0.8740234375,-0.8740234375
65.4,-0.8740234375,-0.8740234375
65.7,-0.8544921875,-0.8544921875
66.0,-0.869140625,-0.869140625
66.3,-0.8740234375,-0.8740234375
66.6,-0.8740234375,-0.8740234375
66.9,-0.8642578125,-0.8642578125
67.2,-0.869140625,-0.869140625
67.5,-0.8740234375,-0.8740234375
67.8,-0.8544921875,-0.8544921875
68.1,-0.8740234375,-0.8740234375
68.4,-0.8740234375,-0.8740234375
68.7,-0.869140625,-0.869140625
69.0,-0.8740234375,-0.8740234375
69.3,-0.87890625,-0.87890625
0.0,-0.8740234375,-0.8740234375
0.3,-0.9130859375,-0.9130859375
0.6,-0.87890625,-0.87890625
0.9,-0.8740234375,-0.8740234375
1.2,-0.859375,-0.859375
1.5,-0.8740234375,-0.8740234375
1.8,-0.8740234375,-0.8740234375
2.1,-0.8740234375,-0.8740234375
2.4,-0.87890625,-0.87890625
2.7,-0.869140625,-0.869140625
3.0,-0.8740234375,-0.8740234375
3.3,-0.849609375,-0.849609375
3.6,-0.87890625,-0.87890625
3.9,-0.869140625,-0.869140625
4.2,-0.869140625,-0.869140625
4.5,-0.869140625,-0.869140625
4.8,-0.8740234375,-0.8740234375
5.1,-0.87890625,-0.87890625
5.4,-0.9130859375,-0.9130859375
5.7,-0.869140625,-0.869140625
6.0,-0.8740234375,-0.8740234375
6.3,-0.859375,-0.859375
6.6,-0.8740234375,-0.8740234375
6.9,-0.87890625,-0.87890625
7.2,-0.8740234375,-0.8740234375
7.5,-0.87890625,-0.87890625
7.8,-0.8740234375,-0.8740234375
8.1,-0.8740234375,-0.8740234375
8.4,-0.8544921875,-0.8544921875
8.7,-0.87890625,-0.87890625
9.0,-0.8740234375,-0.8740234375
9.3,-0.8642578125,-0.8642578125
9.6,-0.8740234375,-0.8740234375
9.9,-0.8740234375,-0.8740234375
10.2,-0.87890625,-0.87890625
10.5,-0.908203125,-0.908203125
10.8,-0.8740234375,-0.8740234375
11.1,-0.8740234375,-0.8740234375
11.4,-0.8642578125,-0.8642578125
11.7,-0.8740234375,-0.8740234375
12.0,-0.8740234375,-0.8740234375
12.3,-0.87890625,-0.87890625
12.6,-0.8837890625,-0.8837890625
12.9,-0.869140625,-0.869140625
13.2,-0.869140625,-0.869140625
13.5,-0.8544921875,-0.8544921875
13.8,-0.8740234375,-0.8740234375
14.1,-0.8740234375,-0.8740234375
14.4,-0.8642578125,-0.8642578125
14.7,-0.8740234375,-0.8740234375
15.0,-0.87890625,-0.87890625
15.3,-0.8740234375,-0.8740234375
15.6,-0.8984375,-0.8984375
15.9,-0.8740234375,-0.8740234375
16.2,-0.8740234375,-0.8740234375
16.5,-0.859375,-0.859375
16.8,-0.8740234375,-0.8740234375
17.1,-0.8740234375,-0.8740234375
17.4,-0.8740234375,-0.8740234375
17.7,-0.8740234375,-0.8740234375
18.0,-0.8740234375,-0.8740234375
18.3,-0.869140625,-0.869140625
18.6,-0.849609375,-0.849609375
18.9,-0.8740234375,-0.8740234375
19.2,-0.8740234375,-0.8740234375
19.5,-0.869140625,-0.869140625
19.8,-0.8740234375,-0.8740234375
20.1,-0.8740234375,-0.8740234375
20.4,-0.8740234375,-0.8740234375
20.7,-0.9033203125,-0.9033203125
21.0,-0.869140625,-0.869140625
21.3,-0.869140625,-0.869140625
21.6,-0.869140625,-0.869140625
21.9,-0.8740234375,-0.8740234375
22.2,-0.87890625,-0.87890625
22.5,-0.8740234375,-0.8740234375
22.8,-0.9033203125,-0.9033203125
23.1,-0.8740234375,-0.8740234375
23.4,-0.869140625,-0.869140625
23.7,-0.869140625,-0.869140625
24.0,-0.8740234375,-0.8740234375
24.3,-0.8740234375,-0.8740234375
24.6,-0.87890625,-0.87890625
24.9,-0.8984375,-0.8984375
25.2,-0.87890625,-0.87890625
25.5,-0.8740234375,-0.8740234375
25.8,-0.859375,-0.859375
26.1,-0.8740234375,-0.8740234375
26.4,-0.8740234375,-0.8740234375
26.7,-0.8740234375,-0.8740234375
27.0,-0.908203125,-0.908203125
27.3,-0.87890625,-0.87890625
27.6,-0.8740234375,-0.8740234375
27.9,-0.869140625,-0.869140625
28.2,-0.87890625,-0.87890625
28.5,-0.8740234375,-0.8740234375
28.8,-0.8740234375,-0.8740234375
29.1,-0.908203125,-0.908203125
29.4,-0.869140625,-0.869140625
29.7,-0.8740234375,-0.8740234375
30.0,-0.859375,-0.859375
30.3,-0.869140625,-0.869140625
30.6,-0.8740234375,-0.8740234375
30.9,-0.8740234375,-0.8740234375
31.2,-0.888671875,-0.888671875
31.5,-0.8740234375,-0.8740234375
31.8,-0.8740234375,-0.8740234375
32.1,-0.8544921875,-0.8544921875
32.4,-0.8740234375,-0.8740234375
32.7,-0.869140625,-0.869140625
33.0,-0.8642578125,-0.8642578125
33.3,-0.8740234375,-0.8740234375
33.6,-0.8740234375,-0.8740234375
33.9,-0.8740234375,-0.8740234375
34.2,-0.8984375,-0.8984375
34.5,-0.8740234375,-0.8740234375
34.8,-0.8740234375,-0.8740234375
35.1,-0.869140625,-0.869140625
35.4,-0.8740234375,-0.8740234375
35.7,-0.8740234375,-0.8740234375
36.0,-0.869140625,-0.869140625
36.3,-0.8740234375,-0.8740234375
36.6,-0.8740234375,-0.8740234375
36.9,-0.8740234375,-0.8740234375
37.2,-0.8544921875,-0.8544921875
37.5,-0.8740234375,-0.8740234375
37.8,-0.8740234375,-0.8740234375
38.1,-0.869140625,-0.869140625
38.4,-0.8740234375,-0.8740234375
38.7,-0.87890625,-0.87890625
39.0,-0.8740234375,-0.8740234375
39.3,-0.9033203125,-0.9033203125
39.6,-0.8740234375,-0.8740234375
39.9,-0.8740234375,-0.8740234375
40.2,-0.859375,-0.859375
40.5,-0.869140625,-0.869140625
40.8,-0.87890625,-0.87890625
41.1,-0.8740234375,-0.8740234375
41.4,-0.87890625,-0.87890625
41.7,-0.8740234375,-0.8740234375
42.0,-0.8740234375,-0.8740234375
42.3,-0.888671875,-0.888671875
42.6,-0.869140625,-0.869140625
42.9,-0.8740234375,-0.8740234375
43.2,-0.869140625,-0.869140625
43.5,-0.87890625,-0.87890625
43.8,-0.87890625,-0.87890625
44.1,-0.8740234375,-0.8740234375
44.4,-0.8984375,-0.8984375
44.7,-0.8740234375,-0.8740234375
45.0,-0.8740234375,-0.8740234375
45.3,-0.8642578125,-0.8642578125
45.6,-0.8740234375,-0.8740234375
45.9,-0.8740234375,-0.8740234375
46.2,-0.87890625,-0.87890625
46.5,-0.888671875,-0.888671875
46.8,-0.8740234375,-0.8740234375
47.1,-0.8740234375,-0.8740234375
47.4,-0.869140625,-0.869140625
47.7,-0.8740234375,-0.8740234375
48.0,-0.8740234375,-0.8740234375
48.3,-0.8740234375,-0.8740234375
48.6,-0.859375,-0.859375
48.9,-0.8740234375,-0.8740234375
49.2,-0.8740234375,-0.8740234375
49.5,-0.8740234375,-0.8740234375
49.8,-0.87890625,-0.87890625
50.1,-0.87890625,-0.87890625
50.4,-0.8740234375,-0.8740234375
50.7,-0.859375,-0.859375
51.0,-0.869140625,-0.869140625
51.3,-0.8740234375,-0.8740234375
51.6,-0.87890625,-0.87890625
51.9,-0.9130859375,-0.9130859375
52.2,-0.8740234375,-0.8740234375
52.5,-0.8740234375,-0.8740234375
52.8,-0.8642578125,-0.8642578125
53.1,-0.869140625,-0.869140625
53.4,-0.87890625,-0.87890625
53.7,-0.8740234375,-0.8740234375
54.0,-0.8544921875,-0.8544921875
54.3,-0.8740234375,-0.8740234375
54.6,-0.87890625,-0.87890625
54.9,-0.8740234375,-0.8740234375
55.2,-0.908203125,-0.908203125
55.5,-0.8740234375,-0.8740234375
55.8,-0.8740234375,-0.8740234375
56.1,-0.869140625,-0.869140625
56.4,-0.87890625,-0.87890625
56.7,-0.8740234375,-0.8740234375
57.0,-0.87890625,-0.87890625
57.3,-0.859375,-0.859375
57.6,-0.8740234375,-0.8740234375
57.9,-0.87890625,-0.87890625
58.2,-0.87890625,-0.87890625
58.5,-0.888671875,-0.888671875
58.8,-0.8740234375,-0.8740234375
59.1,-0.8740234375,-0.8740234375
59.4,-0.869140625,-0.869140625
59.7,-0.8740234375,-0.8740234375
60.0,-0.8740234375,-0.8740234375
60.3,-0.8837890625,-0.8837890625
60.6,-0.8935546875,-0.8935546875
60.9,-0.869140625,-0.869140625
61.2,-0.869140625,-0.869140625
61.5,-0.8740234375,-0.8740234375
61.8,-0.8740234375,-0.8740234375
62.1,-0.8740234375,-0.8740234375
62.4,-0.8740234375,-0.8740234375
62.7,-0.8544921875,-0.8544921875
63.0,-0.8740234375,-0.8740234375
63.3,-0.869140625,-0.869140625
63.6,-0.8740234375,-0.8740234375
63.9,-0.91796875,-0.91796875
64.2,-0.869140625,-0.869140625
64.5,-0.8740234375,-0.8740234375
64.8,-0.8642578125,-0.8642578125
65.1,-0.869140625,-0.869140625
65.4,-0.869140625,-0.869140625
65.7,-0.87890625,-0.87890625
66.0,-0.849609375,-0.849609375
66.3,-0.8740234375,-0.8740234375
66.6,-0.8740234375,-0.8740234375
66.9,-0.8740234375,-0.8740234375
67.2,-0.9130859375,-0.9130859375
67.5,-0.8740234375,-0.8740234375
67.8,-0.8740234375,-0.8740234375
68.1,-0.8642578125,-0.8642578125
68.4,-0.87890625,-0.87890625
68.7,-0.8740234375,-0.8740234375
69.0,-0.8740234375,-0.8740234375
69.3,-0.859375,-0.859375
69.6,-0.87890625,-0.87890625
69.9,-0.8740234375,-0.8740234375
70.2,-0.869140625,-0.869140625
70.5,-0.8837890625,-0.8837890625
70.8,-0.869140625,-0.869140625
71.1,-0.87890625,-0.87890625
71.4,-0.8544921875,-0.8544921875
71.7,-0.869140625,-0.869140625
72.0,-0.869140625,-0.869140625
72.3,-0.87890625,-0.87890625
72.6,-0.9130859375,-0.9130859375
72.9,-0.8740234375,-0.8740234375
73.2,-0.8740234375,-0.8740234375
73.5,-0.8642578125,-0.8642578125
73.8,-0.8740234375,-0.8740234375
74.1,-0.8740234375,-0.8740234375
74.4,-0.8740234375,-0.8740234375
74.7,-0.8837890625,-0.8837890625
75.0,-0.8740234375,-0.8740234375
75.3,-0.8740234375,-0.8740234375
75.6,-0.8642578125,-0.8642578125
75.9,-0.87890625,-0.87890625
76.2,-0.8740234375,-0.8740234375
76.5,-0.87890625,-0.87890625
76.8,-0.8642578125,-0.8642578125
77.1,-0.8740234375,-0.8740234375
77.4,-0.8740234375,-0.8740234375
77.7,-0.869140625,-0.869140625
78.0,-0.8740234375,-0.8740234375
78.3,-0.8740234375,-0.8740234375
78.6,-0.87890625,-0.87890625
78.9,-0.8544921875,-0.8544921875
79.2,-0.87890625,-0.87890625
79.5,-0.8740234375,-0.8740234375
79.8,-0.869140625,-0.869140625
80.1,-0.8935546875,-0.8935546875
80.4,-0.8740234375,-0.8740234375
80.7,-0.87890625,-0.87890625
81.0,-0.859375,-0.859375
81.3,-0.8740234375,-0.8740234375
81.6,-0.8740234375,-0.8740234375
81.9,-0.869140625,-0.869140625
82.2,-0.908203125,-0.908203125
82.5,-0.87890625,-0.87890625
82.8,-0.8740234375,-0.8740234375
83.1,-0.859375,-0.859375
83.4,-0.8740234375,-0.8740234375
83.7,-0.8740234375,-0.8740234375
84.0,-0.8740234375,-0.8740234375
84.3,-0.908203125,-0.908203125
84.6,-0.869140625,-0.869140625
84.9,-0.8740234375,-0.8740234375
85.2,-0.8642578125,-0.8642578125
85.5,-0.869140625,-0.869140625
85.8,-0.869140625,-0.869140625
86.1,-0.8740234375,-0.8740234375
86.4,-0.8837890625,-0.8837890625
86.7,-0.869140625,-0.869140625
87.0,-0.869140625,-0.869140625
87.3,-0.849609375,-0.849609375
87.6,-0.8740234375,-0.8740234375
87.9,-0.8740234375,-0.8740234375
88.2,-0.8740234375,-0.8740234375
88.5,-0.8740234375,-0.8740234375
88.8,-0.8740234375,-0.8740234375
89.1,-0.87890625,-0.87890625
89.4,-0.859375,-0.859375
89.7,-0.8740234375,-0.8740234375
90.0,-0.8740234375,-0.8740234375
90.3,-0.8642578125,-0.8642578125
90.6,-0.8740234375,-0.8740234375
90.9,-0.8740234375,-0.8740234375
91.2,-0.8740234375,-0.8740234375
91.5,-0.9033203125,-0.9033203125
91.8,-0.8740234375,-0.8740234375
92.1,-0.87890625,-0.87890625
92.4,-0.8642578125,-0.8642578125
92.7,-0.8740234375,-0.8740234375
93.0,-0.87890625,-0.87890625
93.3,-0.8740234375,-0.8740234375
93.6,-0.9130859375,-0.9130859375
93.9,-0.869140625,-0.869140625
94.2,-0.8740234375,-0.8740234375
94.5,-0.859375,-0.859375
94.8,-0.8740234375,-0.8740234375
95.1,-0.8740234375,-0.8740234375
95.4,-0.869140625,-0.869140625
95.7,-0.8837890625,-0.8837890625
96.0,-0.8740234375,-0.8740234375
96.3,-0.87890625,-0.87890625
96.6,-0.8544921875,-0.8544921875
96.9,-0.8740234375,-0.8740234375
97.2,-0.87890625,-0.87890625
97.5,-0.869140625,-0.869140625
97.8,-0.8740234375,-0.8740234375
98.1,-0.8740234375,-0.8740234375
98.4,-0.87890625,-0.87890625
98.7,-0.859375,-0.859375
99.0,-0.8740234375,-0.8740234375
99.3,-0.8740234375,-0.8740234375
99.6,-0.869140625,-0.869140625
0.0,-0.8740234375,-0.8740234375
0.3,-0.8642578125,-0.8642578125
0.6,-0.8740234375,-0.8740234375
0.9,-0.8740234375,-0.8740234375
1.2,-0.8740234375,-0.8740234375
1.5,-0.8740234375,-0.8740234375
1.8,-0.87890625,-0.87890625
2.1,-0.8740234375,-0.8740234375
2.4,-0.8642578125,-0.8642578125
2.7,-0.8740234375,-0.8740234375
3.0,-0.869140625,-0.869140625
3.3,-0.8740234375,-0.8740234375
3.6,-0.9130859375,-0.9130859375
3.9,-0.869140625,-0.869140625
4.2,-0.87890625,-0.87890625
4.5,-0.8544921875,-0.8544921875
4.8,-0.87890625,-0.87890625
5.1,-0.8740234375,-0.8740234375
5.4,-0.869140625,-0.869140625
5.7,-0.87890625,-0.87890625
6.0,-0.869140625,-0.869140625
6.3,-0.8740234375,-0.8740234375
6.6,-0.8837890625,-0.8837890625
6.9,-0.8740234375,-0.8740234375
7.2,-0.8740234375,-0.8740234375
7.5,-0.859375,-0.859375
7.8,-0.8740234375,-0.8740234375
8.1,-0.869140625,-0.869140625
8.4,-0.8642578125,-0.8642578125
8.7,-0.87890625,-0.87890625
9.0,-0.87890625,-0.87890625
9.3,-0.869140625,-0.869140625
9.6,-0.869140625,-0.869140625
9.9,-0.8837890625,-0.8837890625
10.2,-0.8740234375,-0.8740234375
10.5,-0.8642578125,-0.8642578125
10.8,-0.8740234375,-0.8740234375
11.1,-0.869140625,-0.869140625
11.4,-0.869140625,-0.869140625
11.7,-0.8740234375,-0.8740234375
12.0,-0.87890625,-0.87890625
12.3,-0.8740234375,-0.8740234375
12.6,-0.859375,-0.859375
12.9,-0.8740234375,-0.8740234375
13.2,-0.87890625,-0.87890625
13.5,-0.8642578125,-0.8642578125
13.8,-0.8740234375,-0.8740234375
14.1,-0.87890625,-0.87890625
14.4,-0.87890625,-0.87890625
14.7,-0.908203125,-0.908203125
15.0,-0.87890625,-0.87890625
15.3,-0.8740234375,-0.8740234375
15.6,-0.8642578125,-0.8642578125
15.9,-0.8740234375,-0.8740234375
16.2,-0.8740234375,-0.8740234375
16.5,-0.87890625,-0.87890625
16.8,-0.9130859375,-0.9130859375
17.1,-0.87890625,-0.87890625
17.4,-0.8740234375,-0.8740234375
17.7,-0.859375,-0.859375
18.0,-0.8740234375,-0.8740234375
18.3,-0.869140625,-0.869140625
18.6,-0.8740234375,-0.8740234375
18.9,-0.888671875,-0.888671875
19.2,-0.8740234375,-0.8740234375
19.5,-0.87890625,-0.87890625
19.8,-0.859375,-0.859375
20.1,-0.8740234375,-0.8740234375
20.4,-0.8740234375,-0.8740234375
20.7,-0.869140625,-0.869140625
21.0,-0.87890625,-0.87890625
21.3,-0.8740234375,-0.8740234375
21.6,-0.8740234375,-0.8740234375
21.9,-0.8544921875,-0.8544921875
22.2,-0.8740234375,-0.8740234375
22.5,-0.8740234375,-0.8740234375
22.8,-0.8740234375,-0.8740234375
23.1,-0.8740234375,-0.8740234375
23.4,-0.8740234375,-0.8740234375
23.7,-0.8740234375,-0.8740234375
24.0,-0.8544921875,-0.8544921875
24.3,-0.869140625,-0.869140625
24.6,-0.869140625,-0.869140625
24.9,-0.869140625,-0.869140625
25.2,-0.8740234375,-0.8740234375
25.5,-0.869140625,-0.869140625
25.8,-0.869140625,-0.869140625
26.1,-0.8544921875,-0.8544921875
26.4,-0.869140625,-0.869140625
26.7,-0.869140625,-0.869140625
27.0,-0.87890625,-0.87890625
27.3,-0.9130859375,-0.9130859375
27.6,-0.8740234375,-0.8740234375
27.9,-0.8740234375,-0.8740234375
28.2,-0.8642578125,-0.8642578125
28.5,-0.8740234375,-0.8740234375
28.8,-0.8740234375,-0.8740234375
29.1,-0.8740234375,-0.8740234375
29.4,-0.888671875,-0.888671875
29.7,-0.8740234375,-0.8740234375
30.0,-0.869140625,-0.869140625
30.3,-0.8642578125,-0.8642578125
30.6,-0.8740234375,-0.8740234375
30.9,-0.869140625,-0.869140625
31.2,-0.8740234375,-0.8740234375
31.5,-0.8544921875,-0.8544921875
31.8,-0.8740234375,-0.8740234375
32.1,-0.8740234375,-0.8740234375
32.4,-0.869140625,-0.869140625
32.7,-0.8837890625,-0.8837890625
33.0,-0.869140625,-0.869140625
33.3,-0.8740234375,-0.8740234375
33.6,-0.859375,-0.859375
33.9,-0.869140625,-0.869140625
34.2,-0.87890625,-0.87890625
34.5,-0.87890625,-0.87890625
34.8,-0.9130859375,-0.9130859375
35.1,-0.8740234375,-0.8740234375
35.4,-0.87890625,-0.87890625
35.7,-0.8642578125,-0.8642578125
36.0,-0.87890625,-0.87890625
36.3,-0.87890625,-0.87890625
36.6,-0.8740234375,-0.8740234375
36.9,-0.8544921875,-0.8544921875
37.2,-0.87890625,-0.87890625
37.5,-0.8740234375,-0.8740234375
37.8,-0.869140625,-0.869140625
38.1,-0.888671875,-0.888671875
38.4,-0.87890625,-0.87890625
38.7,-0.8740234375,-0.8740234375
39.0,-0.8642578125,-0.8642578125
39.3,-0.8740234375,-0.8740234375
39.6,-0.8740234375,-0.8740234375
39.9,-0.8740234375,-0.8740234375
40.2,-0.908203125,-0.908203125
40.5,-0.8740234375,-0.8740234375
40.8,-0.87890625,-0.87890625
41.1,-0.8642578125,-0.8642578125
41.4,-0.869140625,-0.869140625
41.7,-0.869140625,-0.869140625
42.0,-0.8740234375,-0.8740234375
42.3,-0.8544921875,-0.8544921875
42.6,-0.8740234375,-0.8740234375
42.9,-0.8740234375,-0.8740234375
43.2,-0.87890625,-0.87890625
43.5,-0.9130859375,-0.9130859375
43.8,-0.8740234375,-0.8740234375
44.1,-0.8740234375,-0.8740234375
44.4,-0.8642578125,-0.8642578125
44.7,-0.8740234375,-0.8740234375
45.0,-0.8740234375,-0.8740234375
45.3,-0.87890625,-0.87890625
45.6,-0.859375,-0.859375
45.9,-0.869140625,-0.869140625
46.2,-0.8740234375,-0.8740234375
46.5,-0.87890625,-0.87890625
46.8,-0.908203125,-0.908203125
47.1,-0.8740234375,-0.8740234375
47.4,-0.8740234375,-0.8740234375
47.7,-0.869140625,-0.869140625
48.0,-0.869140625,-0.869140625
48.3,-0.8740234375,-0.8740234375
48.6,-0.87890625,-0.87890625
48.9,-0.859375,-0.859375
49.2,-0.8740234375,-0.8740234375
49.5,-0.8740234375,-0.8740234375
49.8,-0.869140625,-0.869140625
50.1,-0.908203125,-0.908203125
50.4,-0.87890625,-0.87890625
50.7,-0.8740234375,-0.8740234375
51.0,-0.8642578125,-0.8642578125
51.3,-0.8740234375,-0.8740234375
51.6,-0.8740234375,-0.8740234375
51.9,-0.8740234375,-0.8740234375
52.2,-0.8740234375,-0.8740234375
52.5,-0.8740234375,-0.8740234375
52.8,-0.8740234375,-0.8740234375
53.1,-0.8740234375,-0.8740234375
53.4,-0.87890625,-0.87890625
53.7,-0.8740234375,-0.8740234375
54.0,-0.87890625,-0.87890625
54.3,-0.859375,-0.859375
54.6,-0.8740234375,-0.8740234375
54.9,-0.869140625,-0.869140625
55.2,-0.8740234375,-0.8740234375
55.5,-0.908203125,-0.908203125
0.0,-0.87890625,-0.87890625
0.3,-0.87890625,-0.87890625
0.6,-0.8984375,-0.8984375
0.9,-0.869140625,-0.869140625
1.2,-0.8740234375,-0.8740234375
1.5,-0.8544921875,-0.8544921875
1.8,-0.869140625,-0.869140625
2.1,-0.87890625,-0.87890625
2.4,-0.869140625,-0.869140625
2.7,-0.87890625,-0.87890625
3.0,-0.87890625,-0.87890625
3.3,-0.8740234375,-0.8740234375
3.6,-0.849609375,-0.849609375
3.9,-0.8740234375,-0.8740234375
4.2,-0.8740234375,-0.8740234375
4.5,-0.8740234375,-0.8740234375
4.8,-0.87890625,-0.87890625
5.1,-0.8740234375,-0.8740234375
5.4,-0.8740234375,-0.8740234375
5.7,-0.8740234375,-0.8740234375
6.0,-0.8740234375,-0.8740234375
6.3,-0.8740234375,-0.8740234375
6.6,-0.869140625,-0.869140625
6.9,-0.8740234375,-0.8740234375
7.2,-0.8740234375,-0.8740234375
7.5,-0.8740234375,-0.8740234375
7.8,-0.908203125,-0.908203125
8.1,-0.87890625,-0.87890625
8.4,-0.87890625,-0.87890625
8.7,-0.859375,-0.859375
9.0,-0.8740234375,-0.8740234375
9.3,-0.8740234375,-0.8740234375
9.6,-0.8642578125,-0.8642578125
9.9,-0.8740234375,-0.8740234375
10.2,-0.87890625,-0.87890625
10.5,-0.8740234375,-0.8740234375
10.8,-0.908203125,-0.908203125
11.1,-0.8740234375,-0.8740234375
11.4,-0.869140625,-0.869140625
11.7,-0.859375,-0.859375
12.0,-0.869140625,-0.869140625
12.3,-0.869140625,-0.869140625
12.6,-0.8642578125,-0.8642578125
12.9,-0.8740234375,-0.8740234375
13.2,-0.8740234375,-0.8740234375
13.5,-0.87890625,-0.87890625
13.8,-0.8984375,-0.8984375
14.1,-0.8740234375,-0.8740234375
14.4,-0.87890625,-0.87890625
14.7,-0.859375,-0.859375
15.0,-0.8740234375,-0.8740234375
15.3,-0.869140625,-0.869140625
15.6,-0.8642578125,-0.8642578125
15.9,-0.869140625,-0.869140625
16.2,-0.869140625,-0.869140625
16.5,-0.8740234375,-0.8740234375
16.8,-0.8642578125,-0.8642578125
17.1,-0.8740234375,-0.8740234375
17.4,-0.8740234375,-0.8740234375
17.7,-0.859375,-0.859375
18.0,-0.87890625,-0.87890625
18.3,-0.8740234375,-0.8740234375
18.6,-0.8740234375,-0.8740234375
18.9,-0.908203125,-0.908203125
19.2,-0.8740234375,-0.8740234375
19.5,-0.8740234375,-0.8740234375
19.8,-0.8642578125,-0.8642578125
20.1,-0.8740234375,-0.8740234375
20.4,-0.8740234375,-0.8740234375
20.7,-0.87890625,-0.87890625
21.0,-0.9033203125,-0.9033203125
21.3,-0.8740234375,-0.8740234375
21.6,-0.8740234375,-0.8740234375
21.9,-0.8544921875,-0.8544921875
22.2,-0.869140625,-0.869140625
22.5,-0.8740234375,-0.8740234375
22.8,-0.8642578125,-0.8642578125
23.1,-0.8740234375,-0.8740234375
23.4,-0.87890625,-0.87890625
23.7,-0.87890625,-0.87890625
24.0,-0.849609375,-0.849609375
24.3,-0.8740234375,-0.8740234375
24.6,-0.8740234375,-0.8740234375
24.9,-0.869140625,-0.869140625
25.2,-0.869140625,-0.869140625
25.5,-0.869140625,-0.869140625
25.8,-0.8740234375,-0.8740234375
26.1,-0.859375,-0.859375
26.4,-0.869140625,-0.869140625
26.7,-0.8740234375,-0.8740234375
27.0,-0.8740234375,-0.8740234375
27.3,-0.9130859375,-0.9130859375
27.6,-0.8740234375,-0.8740234375
27.9,-0.87890625,-0.87890625
28.2,-0.8642578125,-0.8642578125
28.5,-0.8740234375,-0.8740234375
28.8,-0.87890625,-0.87890625
29.1,-0.8740234375,-0.8740234375
29.4,-0.849609375,-0.849609375
29.7,-0.87890625,-0.87890625
30.0,-0.869140625,-0.869140625
30.3,-0.87890625,-0.87890625
30.6,-0.9130859375,-0.9130859375
30.9,-0.87890625,-0.87890625
31.2,-0.8740234375,-0.8740234375
31.5,-0.869140625,-0.869140625
31.8,-0.869140625,-0.869140625
32.1,-0.87890625,-0.87890625
32.4,-0.869140625,-0.869140625
32.7,-0.869140625,-0.869140625
33.0,-0.8740234375,-0.8740234375
33.3,-0.8740234375,-0.8740234375
33.6,-0.8740234375,-0.8740234375
33.9,-0.859375,-0.859375
34.2,-0.8740234375,-0.8740234375
34.5,-0.8740234375,-0.8740234375
34.8,-0.869140625,-0.869140625
35.1,-0.888671875,-0.888671875
35.4,-0.869140625,-0.869140625
35.7,-0.87890625,-0.87890625
36.0,-0.8642578125,-0.8642578125
36.3,-0.869140625,-0.869140625
36.6,-0.8740234375,-0.8740234375
36.9,-0.8740234375,-0.8740234375
37.2,-0.859375,-0.859375
37.5,-0.869140625,-0.869140625
37.8,-0.8740234375,-0.8740234375
38.1,-0.87890625,-0.87890625
38.4,-0.888671875,-0.888671875
38.7,-0.8740234375,-0.8740234375
39.0,-0.87890625,-0.87890625
39.3,-0.8740234375,-0.8740234375
39.6,-0.8984375,-0.8984375
39.9,-0.87890625,-0.87890625
40.2,-0.8740234375,-0.8740234375
40.5,-0.8642578125,-0.8642578125
40.8,-0.869140625,-0.869140625
41.1,-0.8740234375,-0.8740234375
41.4,-0.8740234375,-0.8740234375
41.7,-0.8544921875,-0.8544921875
42.0,-0.869140625,-0.869140625
42.3,-0.8740234375,-0.8740234375
42.6,-0.87890625,-0.87890625
42.9,-0.908203125,-0.908203125
43.2,-0.8740234375,-0.8740234375
43.5,-0.8740234375,-0.8740234375
43.8,-0.8642578125,-0.8642578125
44.1,-0.8740234375,-0.8740234375
44.4,-0.869140625,-0.869140625
44.7,-0.869140625,-0.869140625
45.0,-0.8642578125,-0.8642578125
45.3,-0.869140625,-0.869140625
45.6,-0.869140625,-0.869140625
45.9,-0.8740234375,-0.8740234375
46.2,-0.8544921875,-0.8544921875
46.5,-0.8740234375,-0.8740234375
46.8,-0.87890625,-0.87890625
47.1,-0.8740234375,-0.8740234375
47.4,-0.8935546875,-0.8935546875
47.7,-0.8837890625,-0.8837890625
48.0,-0.8740234375,-0.8740234375
48.3,-0.869140625,-0.869140625
48.6,-0.87890625,-0.87890625
48.9,-0.8740234375,-0.8740234375
49.2,-0.87890625,-0.87890625
49.5,-0.859375,-0.859375
49.8,-0.8740234375,-0.8740234375
50.1,-0.8740234375,-0.8740234375
50.4,-0.87890625,-0.87890625
50.7,-0.869140625,-0.869140625
51.0,-0.8740234375,-0.8740234375
51.3,-0.8740234375,-0.8740234375
51.6,-0.8740234375,-0.8740234375
51.9,-0.9130859375,-0.9130859375
52.2,-0.869140625,-0.869140625
52.5,-0.8740234375,-0.8740234375
52.8,-0.859375,-0.859375
53.1,-0.8740234375,-0.8740234375
53.4,-0.8740234375,-0.8740234375
53.7,-0.8740234375,-0.8740234375
54.0,-0.8642578125,-0.8642578125
54.3,-0.8740234375,-0.8740234375
54.6,-0.869140625,-0.869140625
54.9,-0.869140625,-0.869140625
55.2,-0.849609375,-0.849609375
55.5,-0.8740234375,-0.8740234375
55.8,-0.8740234375,-0.8740234375
56.1,-0.8837890625,-0.8837890625
56.4,-0.9033203125,-0.9033203125
56.7,-0.8740234375,-0.8740234375
57.0,-0.869140625,-0.869140625
57.3,-0.869140625,-0.869140625
57.6,-0.869140625,-0.869140625
57.9,-0.8740234375,-0.8740234375
58.2,-0.8642578125,-0.8642578125
58.5,-0.869140625,-0.869140625
58.8,-0.8740234375,-0.8740234375
59.1,-0.8740234375,-0.8740234375
59.4,-0.8740234375,-0.8740234375
59.7,-0.849609375,-0.849609375
60.0,-0.87890625,-0.87890625
60.3,-0.8740234375,-0.8740234375
60.6,-0.87890625,-0.87890625
60.9,-0.8837890625,-0.8837890625
61.2,-0.869140625,-0.869140625
61.5,-0.8837890625,-0.8837890625
61.8,-0.8740234375,-0.8740234375
62.1,-0.9130859375,-0.9130859375
0.0,-0.87890625,-0.87890625
0.3,-0.8642578125,-0.8642578125
0.6,-0.869140625,-0.869140625
0.9,-0.8740234375,-0.8740234375
1.2,-0.87890625,-0.87890625
1.5,-0.9033203125,-0.9033203125
1.8,-0.8740234375,-0.8740234375
2.1,-0.87890625,-0.87890625
2.4,-0.8642578125,-0.8642578125
2.7,-0.87890625,-0.87890625
3.0,-0.869140625,-0.869140625
3.3,-0.87890625,-0.87890625
3.6,-0.87890625,-0.87890625
3.9,-0.869140625,-0.869140625
4.2,-0.8740234375,-0.8740234375
4.5,-0.8642578125,-0.8642578125
4.8,-0.8740234375,-0.8740234375
5.1,-0.8740234375,-0.8740234375
5.4,-0.8740234375,-0.8740234375
5.7,-0.8740234375,-0.8740234375
6.0,-0.869140625,-0.869140625
6.3,-0.8740234375,-0.8740234375
6.6,-0.859375,-0.859375
6.9,-0.869140625,-0.869140625
7.2,-0.8740234375,-0.8740234375
7.5,-0.8740234375,-0.8740234375
7.8,-0.908203125,-0.908203125
8.1,-0.8740234375,-0.8740234375
8.4,-0.8740234375,-0.8740234375
8.7,-0.859375,-0.859375
9.0,-0.8740234375,-0.8740234375
9.3,-0.869140625,-0.869140625
9.6,-0.8740234375,-0.8740234375
9.9,-0.8740234375,-0.8740234375
10.2,-0.8740234375,-0.8740234375
10.5,-0.869140625,-0.869140625
10.8,-0.8740234375,-0.8740234375
11.1,-0.869140625,-0.869140625
11.4,-0.8740234375,-0.8740234375
11.7,-0.869140625,-0.869140625
12.0,-0.8740234375,-0.8740234375
12.3,-0.8740234375,-0.8740234375
12.6,-0.8740234375,-0.8740234375
12.9,-0.8984375,-0.8984375
13.2,-0.8740234375,-0.8740234375
13.5,-0.869140625,-0.869140625
13.8,-0.849609375,-0.849609375
14.1,-0.8740234375,-0.8740234375
14.4,-0.8740234375,-0.8740234375
14.7,-0.8642578125,-0.8642578125
15.0,-0.87890625,-0.87890625
15.3,-0.8740234375,-0.8740234375
15.6,-0.8740234375,-0.8740234375
15.9,-0.87890625,-0.87890625
16.2,-0.8740234375,-0.8740234375
16.5,-0.869140625,-0.869140625
16.8,-0.9033203125,-0.9033203125
17.1,-0.8740234375,-0.8740234375
17.4,-0.869140625,-0.869140625
17.7,-0.859375,-0.859375
18.0,-0.869140625,-0.869140625
18.3,-0.8740234375,-0.8740234375
18.6,-0.869140625,-0.869140625
18.9,-0.87890625,-0.87890625
19.2,-0.8740234375,-0.8740234375
19.5,-0.8740234375,-0.8740234375
19.8,-0.888671875,-0.888671875
20.1,-0.869140625,-0.869140625
20.4,-0.8740234375,-0.8740234375
20.7,-0.8740234375,-0.8740234375
21.0,-0.8740234375,-0.8740234375
21.3,-0.8740234375,-0.8740234375
21.6,-0.8642578125,-0.8642578125
21.9,-0.8740234375,-0.8740234375
22.2,-0.869140625,-0.869140625
22.5,-0.869140625,-0.869140625
22.8,-0.8740234375,-0.8740234375
23.1,-0.8740234375,-0.8740234375
23.4,-0.8740234375,-0.8740234375
23.7,-0.91796875,-0.91796875
24.0,-0.8740234375,-0.8740234375
24.3,-0.8740234375,-0.8740234375
24.6,-0.8544921875,-0.8544921875
24.9,-0.8740234375,-0.8740234375
25.2,-0.869140625,-0.869140625
25.5,-0.869140625,-0.869140625
25.8,-0.8740234375,-0.8740234375
26.1,-0.8740234375,-0.8740234375
26.4,-0.869140625,-0.869140625
26.7,-0.8740234375,-0.8740234375
27.0,-0.8740234375,-0.8740234375
27.3,-0.8740234375,-0.8740234375
27.6,-0.9033203125,-0.9033203125
27.9,-0.87890625,-0.87890625
28.2,-0.869140625,-0.869140625
28.5,-0.859375,-0.859375
28.8,-0.8740234375,-0.8740234375
29.1,-0.8740234375,-0.8740234375
29.4,-0.869140625,-0.869140625
29.7,-0.869140625,-0.869140625
30.0,-0.8740234375,-0.8740234375
30.3,-0.8740234375,-0.8740234375
30.6,-0.908203125,-0.908203125
30.9,-0.87890625,-0.87890625
31.2,-0.87890625,-0.87890625
31.5,-0.8935546875,-0.8935546875
31.8,-0.8740234375,-0.8740234375
32.1,-0.8740234375,-0.8740234375
32.4,-0.869140625,-0.869140625
32.7,-0.8740234375,-0.8740234375
33.0,-0.869140625,-0.869140625
33.3,-0.8740234375,-0.8740234375
33.6,-0.869140625,-0.869140625
33.9,-0.87890625,-0.87890625
34.2,-0.8740234375,-0.8740234375
34.5,-0.87890625,-0.87890625
34.8,-0.87890625,-0.87890625
35.1,-0.8740234375,-0.8740234375
35.4,-0.8642578125,-0.8642578125
35.7,-0.87890625,-0.87890625
36.0,-0.869140625,-0.869140625
36.3,-0.8740234375,-0.8740234375
36.6,-0.8740234375,-0.8740234375
36.9,-0.8740234375,-0.8740234375
37.2,-0.8740234375,-0.8740234375
37.5,-0.869140625,-0.869140625
37.8,-0.8740234375,-0.8740234375
38.1,-0.869140625,-0.869140625
38.4,-0.869140625,-0.869140625
38.7,-0.8740234375,-0.8740234375
39.0,-0.8740234375,-0.8740234375
39.3,-0.87890625,-0.87890625
39.6,-0.87890625,-0.87890625
39.9,-0.8740234375,-0.8740234375
40.2,-0.8740234375,-0.8740234375
40.5,-0.869140625,-0.869140625
40.8,-0.8740234375,-0.8740234375
41.1,-0.869140625,-0.869140625
41.4,-0.8642578125,-0.8642578125
41.7,-0.87890625,-0.87890625
42.0,-0.87890625,-0.87890625
42.3,-0.87890625,-0.87890625
42.6,-0.8837890625,-0.8837890625
42.9,-0.8740234375,-0.8740234375
43.2,-0.8740234375,-0.8740234375
43.5,-0.869140625,-0.869140625
43.8,-0.8740234375,-0.8740234375
44.1,-0.8740234375,-0.8740234375
44.4,-0.8740234375,-0.8740234375
44.7,-0.869140625,-0.869140625
45.0,-0.8740234375,-0.8740234375
45.3,-0.87890625,-0.87890625
45.6,-0.8642578125,-0.8642578125
45.9,-0.869140625,-0.869140625
46.2,-0.869140625,-0.869140625
46.5,-0.869140625,-0.869140625
46.8,-0.87890625,-0.87890625
47.1,-0.8740234375,-0.8740234375
47.4,-0.869140625,-0.869140625
47.7,-0.8837890625,-0.8837890625
48.0,-0.8740234375,-0.8740234375
48.3,-0.8740234375,-0.8740234375
48.6,-0.869140625,-0.869140625
48.9,-0.8740234375,-0.8740234375
49.2,-0.8740234375,-0.8740234375
49.5,-0.8740234375,-0.8740234375
49.8,-0.8837890625,-0.8837890625
50.1,-0.8740234375,-0.8740234375
50.4,-0.87890625,-0.87890625
50.7,-0.869140625,-0.869140625
51.0,-0.8740234375,-0.8740234375
51.3,-0.869140625,-0.869140625
51.6,-0.869140625,-0.869140625
51.9,-0.8740234375,-0.8740234375
52.2,-0.8740234375,-0.8740234375
52.5,-0.8740234375,-0.8740234375
52.8,-0.8837890625,-0.8837890625
53.1,-0.8740234375,-0.8740234375
53.4,-0.869140625,-0.869140625
53.7,-0.869140625,-0.869140625
54.0,-0.8740234375,-0.8740234375
54.3,-0.869140625,-0.869140625
54.6,-0.87890625,-0.87890625
54.9,-0.869140625,-0.869140625
55.2,-0.8740234375,-0.8740234375
55.5,-0.87890625,-0.87890625
55.8,-0.87890625,-0.87890625
56.1,-0.87890625,-0.87890625
56.4,-0.8740234375,-0.8740234375
56.7,-0.869140625,-0.869140625
57.0,-0.8740234375,-0.8740234375
57.3,-0.8740234375,-0.8740234375
57.6,-0.8740234375,-0.8740234375
57.9,-0.8837890625,-0.8837890625
0.0,-0.8642578125,-0.8642578125
0.3,-0.869140625,-0.869140625
0.6,-0.8740234375,-0.8740234375
0.9,-0.869140625,-0.869140625
1.2,-0.8740234375,-0.8740234375
1.5,-0.87890625,-0.87890625
1.8,-0.8740234375,-0.8740234375
2.1,-0.8837890625,-0.8837890625
2.4,-0.8740234375,-0.8740234375
2.7,-0.87890625,-0.87890625
3.0,-0.869140625,-0.869140625
3.3,-0.87890625,-0.87890625
3.6,-0.869140625,-0.869140625
3.9,-0.87890625,-0.87890625
4.2,-0.8740234375,-0.8740234375
4.5,-0.8740234375,-0.8740234375
4.8,-0.869140625,-0.869140625
5.1,-0.8740234375,-0.8740234375
5.4,-0.8740234375,-0.8740234375
5.7,-0.869140625,-0.869140625
6.0,-0.869140625,-0.869140625
6.3,-0.8740234375,-0.8740234375
6.6,-0.869140625,-0.869140625
6.9,-0.8740234375,-0.8740234375
7.2,-0.888671875,-0.888671875
7.5,-0.87890625,-0.87890625
7.8,-0.869140625,-0.869140625
8.1,-0.869140625,-0.869140625
8.4,-0.8740234375,-0.8740234375
8.7,-0.8740234375,-0.8740234375
9.0,-0.87890625,-0.87890625
9.3,-0.8740234375,-0.8740234375
9.6,-0.8740234375,-0.8740234375
9.9,-0.8740234375,-0.8740234375
10.2,-0.87890625,-0.87890625
10.5,-0.869140625,-0.869140625
10.8,-0.87890625,-0.87890625
11.1,-0.869140625,-0.869140625
11.4,-0.87890625,-0.87890625
11.7,-0.8740234375,-0.8740234375
12.0,-0.8740234375,-0.8740234375
12.3,-0.8837890625,-0.8837890625
12.6,-0.8740234375,-0.8740234375
12.9,-0.869140625,-0.869140625
13.2,-0.869140625,-0.869140625
13.5,-0.869140625,-0.869140625
13.8,-0.8740234375,-0.8740234375
14.1,-0.8740234375,-0.8740234375
14.4,-0.869140625,-0.869140625
14.7,-0.869140625,-0.869140625
15.0,-0.87890625,-0.87890625
15.3,-0.869140625,-0.869140625
15.6,-0.869140625,-0.869140625
15.9,-0.8740234375,-0.8740234375
16.2,-0.869140625,-0.869140625
16.5,-0.8740234375,-0.8740234375
16.8,-0.8740234375,-0.8740234375
17.1,-0.87890625,-0.87890625
17.4,-0.9130859375,-0.9130859375
17.7,-0.8740234375,-0.8740234375
18.0,-0.8740234375,-0.8740234375
18.3,-0.8544921875,-0.8544921875
18.6,-0.8740234375,-0.8740234375
18.9,-0.8740234375,-0.8740234375
19.2,-0.8740234375,-0.8740234375
19.5,-0.87890625,-0.87890625
19.8,-0.8740234375,-0.8740234375
20.1,-0.8740234375,-0.8740234375
20.4,-0.8544921875,-0.8544921875
20.7,-0.87890625,-0.87890625
21.0,-0.8740234375,-0.8740234375
21.3,-0.8642578125,-0.8642578125
21.6,-0.8740234375,-0.8740234375
21.9,-0.8740234375,-0.8740234375
22.2,-0.87890625,-0.87890625
22.5,-0.869140625,-0.869140625
22.8,-0.8740234375,-0.8740234375
23.1,-0.8740234375,-0.8740234375
23.4,-0.8642578125,-0.8642578125
23.7,-0.8740234375,-0.8740234375
24.0,-0.87890625,-0.87890625
24.3,-0.8740234375,-0.8740234375
24.6,-0.9130859375,-0.9130859375
24.9,-0.8740234375,-0.8740234375
25.2,-0.8740234375,-0.8740234375
25.5,-0.859375,-0.859375
25.8,-0.8740234375,-0.8740234375
26.1,-0.8740234375,-0.8740234375
26.4,-0.87890625,-0.87890625
26.7,-0.87890625,-0.87890625
27.0,-0.87890625,-0.87890625
27.3,-0.8740234375,-0.8740234375
27.6,-0.8447265625,-0.8447265625
27.9,-0.87890625,-0.87890625
28.2,-0.87890625,-0.87890625
28.5,-0.869140625,-0.869140625
28.8,-0.869140625,-0.869140625
29.1,-0.869140625,-0.869140625
29.4,-0.87890625,-0.87890625
29.7,-0.8642578125,-0.8642578125
30.0,-0.869140625,-0.869140625
30.3,-0.87890625,-0.87890625
30.6,-0.869140625,-0.869140625
30.9,-0.869140625,-0.869140625
31.2,-0.8740234375,-0.8740234375
31.5,-0.8740234375,-0.8740234375
31.8,-0.91796875,-0.91796875
32.1,-0.869140625,-0.869140625
32.4,-0.8740234375,-0.8740234375
32.7,-0.8642578125,-0.8642578125
33.0,-0.869140625,-0.869140625
33.3,-0.8740234375,-0.8740234375
33.6,-0.8740234375,-0.8740234375
33.9,-0.8935546875,-0.8935546875
34.2,-0.8740234375,-0.8740234375
34.5,-0.8740234375,-0.8740234375
34.8,-0.859375,-0.859375
35.1,-0.8740234375,-0.8740234375
35.4,-0.87890625,-0.87890625
35.7,-0.87890625,-0.87890625
36.0,-0.908203125,-0.908203125
36.3,-0.87890625,-0.87890625
36.6,-0.869140625,-0.869140625
36.9,-0.8544921875,-0.8544921875
37.2,-0.869140625,-0.869140625
37.5,-0.869140625,-0.869140625
37.8,-0.8740234375,-0.8740234375
38.1,-0.908203125,-0.908203125
38.4,-0.869140625,-0.869140625
38.7,-0.8740234375,-0.8740234375
39.0,-0.8642578125,-0.8642578125
39.3,-0.8740234375,-0.8740234375
39.6,-0.8740234375,-0.8740234375
39.9,-0.8837890625,-0.8837890625
40.2,-0.9130859375,-0.9130859375
40.5,-0.87890625,-0.87890625
40.8,-0.8740234375,-0.8740234375
41.1,-0.8642578125,-0.8642578125
41.4,-0.869140625,-0.869140625
41.7,-0.8740234375,-0.8740234375
42.0,-0.8740234375,-0.8740234375
42.3,-0.849609375,-0.849609375
42.6,-0.8740234375,-0.8740234375
42.9,-0.869140625,-0.869140625
43.2,-0.869140625,-0.869140625
43.5,-0.8837890625,-0.8837890625
43.8,-0.869140625,-0.869140625
44.1,-0.8740234375,-0.8740234375
44.4,-0.8642578125,-0.8642578125
44.7,-0.869140625,-0.869140625
45.0,-0.8740234375,-0.8740234375
45.3,-0.8740234375,-0.8740234375
45.6,-0.849609375,-0.849609375
45.9,-0.869140625,-0.869140625
46.2,-0.8740234375,-0.8740234375
46.5,-0.869140625,-0.869140625
46.8,-0.888671875,-0.888671875
47.1,-0.87890625,-0.87890625
47.4,-0.8740234375,-0.8740234375
47.7,-0.8642578125,-0.8642578125
48.0,-0.87890625,-0.87890625
48.3,-0.87890625,-0.87890625
48.6,-0.87890625,-0.87890625
48.9,-0.8544921875,-0.8544921875
49.2,-0.8740234375,-0.8740234375
49.5,-0.8740234375,-0.8740234375
49.8,-0.8740234375,-0.8740234375
50.1,-0.8740234375,-0.8740234375
50.4,-0.869140625,-0.869140625
50.7,-0.8740234375,-0.8740234375
51.0,-0.859375,-0.859375
51.3,-0.8740234375,-0.8740234375
51.6,-0.869140625,-0.869140625
51.9,-0.8740234375,-0.8740234375
52.2,-0.8935546875,-0.8935546875
52.5,-0.8740234375,-0.8740234375
52.8,-0.869140625,-0.869140625
53.1,-0.8740234375,-0.8740234375
53.4,-0.8740234375,-0.8740234375
53.7,-0.87890625,-0.87890625
54.0,-0.87890625,-0.87890625
54.3,-0.8544921875,-0.8544921875
54.6,-0.8740234375,-0.8740234375
54.9,-0.8740234375,-0.8740234375
55.2,-0.8740234375,-0.8740234375
55.5,-0.888671875,-0.888671875
55.8,-0.8740234375,-0.8740234375
56.1,-0.8642578125,-0.8642578125
56.4,-0.859375,-0.859375
56.7,-0.8740234375,-0.8740234375
57.0,-0.87890625,-0.87890625
57.3,-0.87890625,-0.87890625
57.6,-0.9130859375,-0.9130859375
57.9,-0.8740234375,-0.8740234375
58.2,-0.869140625,-0.869140625
58.5,-0.8642578125,-0.8642578125
58.8,-0.8740234375,-0.8740234375
59.1,-0.87890625,-0.87890625
59.4,-0.8740234375,-0.8740234375
59.7,-0.859375,-0.859375
60.0,-0.869140625,-0.869140625
60.3,-0.869140625,-0.869140625
60.6,-0.869140625,-0.869140625
60.9,-0.888671875,-0.888671875
61.2,-0.869140625,-0.869140625
61.5,-0.869140625,-0.869140625
61.8,-0.8642578125,-0.8642578125
62.1,-0.869140625,-0.869140625
62.4,-0.87890625,-0.87890625
62.7,-0.8740234375,-0.8740234375
63.0,-0.9033203125,-0.9033203125
63.3,-0.8740234375,-0.8740234375
63.6,-0.8740234375,-0.8740234375
63.9,-0.8740234375,-0.8740234375
64.2,-0.8740234375,-0.8740234375
64.5,-0.8740234375,-0.8740234375
64.8,-0.8642578125,-0.8642578125
65.1,-0.8544921875,-0.8544921875
65.4,-0.8740234375,-0.8740234375
65.7,-0.8740234375,-0.8740234375
66.0,-0.8740234375,-0.8740234375
66.3,-0.9130859375,-0.9130859375
66.6,-0.869140625,-0.869140625
66.9,-0.869140625,-0.869140625
67.2,-0.869140625,-0.869140625
67.5,-0.87890625,-0.87890625
67.8,-0.869140625,-0.869140625
68.1,-0.869140625,-0.869140625
68.4,-0.849609375,-0.849609375
68.7,-0.869140625,-0.869140625
69.0,-0.87890625,-0.87890625
69.3,-0.8740234375,-0.8740234375
69.6,-0.8740234375,-0.8740234375
69.9,-0.869140625,-0.869140625
70.2,-0.8740234375,-0.8740234375
70.5,-0.869140625,-0.869140625
70.8,-0.869140625,-0.869140625
71.1,-0.8740234375,-0.8740234375
71.4,-0.8740234375,-0.8740234375
71.7,-0.8642578125,-0.8642578125
72.0,-0.87890625,-0.87890625
72.3,-0.87890625,-0.87890625
72.6,-0.8740234375,-0.8740234375
72.9,-0.8740234375,-0.8740234375
73.2,-0.869140625,-0.869140625
73.5,-0.8740234375,-0.8740234375
73.8,-0.8544921875,-0.8544921875
74.1,-0.8740234375,-0.8740234375
74.4,-0.869140625,-0.869140625
