0.0,0.0146484375,0.0146484375
0.3,0.0048828125,0.0048828125
0.6,0.0244140625,0.0244140625
0.9,0.009765625,0.009765625
1.2,0.0048828125,0.0048828125
1.5,0.009765625,0.009765625
1.8,0.009765625,0.009765625
2.1,0.009765625,0.009765625
2.4,0.0244140625,0.0244140625
2.7,0.0146484375,0.0146484375
3.0,0.01953125,0.01953125
3.3,-0.0048828125,-0.0048828125
3.6,0.0244140625,0.0244140625
3.9,0.0146484375,0.0146484375
4.2,0.0048828125,0.0048828125
4.5,0.009765625,0.009765625
4.8,0.01953125,0.01953125
5.1,0.0244140625,0.0244140625
5.4,0.01953125,0.01953125
5.7,0.01953125,0.01953125
6.0,0.0146484375,0.0146484375
6.3,0.0244140625,0.0244140625
6.6,0.0146484375,0.0146484375
6.9,0.0146484375,0.0146484375
7.2,0.0146484375,0.0146484375
7.5,0.0048828125,0.0048828125
7.8,0.0146484375,0.0146484375
8.1,0.0146484375,0.0146484375
8.4,0.0146484375,0.0146484375
8.7,0.0146484375,0.0146484375
9.0,0.0146484375,0.0146484375
9.3,0.009765625,0.009765625
9.6,0.01953125,0.01953125
9.9,0.0244140625,0.0244140625
10.2,0.01953125,0.01953125
10.5,0.01953125,0.01953125
10.8,0.01953125,0.01953125
11.1,0.0244140625,0.0244140625
11.4,0.029296875,0.029296875
11.7,0.009765625,0.009765625
12.0,0.0244140625,0.0244140625
12.3,0.0146484375,0.0146484375
12.6,0.0146484375,0.0146484375
12.9,0.009765625,0.009765625
13.2,0.029296875,0.029296875
13.5,0.0146484375,0.0146484375
13.8,0.01953125,0.01953125
14.1,0.01953125,0.01953125
14.4,0.0146484375,0.0146484375
14.7,0.01953125,0.01953125
15.0,0.0146484375,0.0146484375
15.3,0.0146484375,0.0146484375
15.6,0.009765625,0.009765625
15.9,0.0244140625,0.0244140625
16.2,0.009765625,0.009765625
16.5,0.0146484375,0.0146484375
16.8,0.01953125,0.01953125
17.1,0.009765625,0.009765625
17.4,0.01953125,0.01953125
17.7,0.0244140625,0.0244140625
18.0,0.01953125,0.01953125
18.3,0.01953125,0.01953125
18.6,0.01953125,0.01953125
18.9,0.0146484375,0.0146484375
19.2,0.01953125,0.01953125
19.5,0.009765625,0.009765625
19.8,0.009765625,0.009765625
20.1,0.0146484375,0.0146484375
20.4,0.0146484375,0.0146484375
20.7,0.0146484375,0.0146484375
21.0,0.0146484375,0.0146484375
21.3,0.0146484375,0.0146484375
21.6,0.0146484375,0.0146484375
21.9,0.01953125,0.01953125
22.2,0.0244140625,0.0244140625
22.5,0.009765625,0.009765625
22.8,0.01953125,0.01953125
23.1,0.029296875,0.029296875
23.4,0.0146484375,0.0146484375
23.7,0.0244140625,0.0244140625
24.0,0.0146484375,0.0146484375
24.3,0.0146484375,0.0146484375
24.6,0.009765625,0.009765625
24.9,0.029296875,0.029296875
25.2,0.01953125,0.01953125
25.5,0.0146484375,0.0146484375
25.8,0.0244140625,0.0244140625
26.1,0.0146484375,0.0146484375
26.4,0.0146484375,0.0146484375
26.7,0.0146484375,0.0146484375
27.0,0.0146484375,0.0146484375
27.3,0.0048828125,0.0048828125
27.6,0.0146484375,0.0146484375
27.9,0.009765625,0.009765625
28.2,0.009765625,0.009765625
28.5,0.0146484375,0.0146484375
28.8,0.0146484375,0.0146484375
29.1,0.01953125,0.01953125
29.4,0.01953125,0.01953125
29.7,0.01953125,0.01953125
30.0,0.0146484375,0.0146484375
30.3,0.0146484375,0.0146484375
30.6,0.009765625,0.009765625
30.9,0.01953125,0.01953125
31.2,0.01953125,0.01953125
31.5,0.029296875,0.029296875
31.8,0.0244140625,0.0244140625
32.1,0.009765625,0.009765625
32.4,0.009765625,0.009765625
32.7,0.0146484375,0.0146484375
33.0,0.0146484375,0.0146484375
33.3,0.01953125,0.01953125
33.6,0.0146484375,0.0146484375
33.9,0.0048828125,0.0048828125
34.2,0.0146484375,0.0146484375
34.5,0.0146484375,0.0146484375
34.8,0.0146484375,0.0146484375
35.1,0.009765625,0.009765625
35.4,0.01953125,0.01953125
35.7,0.0146484375,0.0146484375
36.0,0.01953125,0.01953125
36.3,0.01953125,0.01953125
36.6,0.0048828125,0.0048828125
36.9,0.0244140625,0.0244140625
37.2,0.01953125,0.01953125
37.5,0.0,0.0
37.8,0.01953125,0.01953125
38.1,0.009765625,0.009765625
38.4,0.009765625,0.009765625
38.7,0.0146484375,0.0146484375
39.0,0.009765625,0.009765625
39.3,0.009765625,0.009765625
39.6,0.0146484375,0.0146484375
39.9,0.0146484375,0.0146484375
40.2,0.01953125,0.01953125
40.5,0.0146484375,0.0146484375
40.8,0.009765625,0.009765625
41.1,0.01953125,0.01953125
41.4,0.01953125,0.01953125
41.7,0.01953125,0.01953125
42.0,0.01953125,0.01953125
42.3,0.01953125,0.01953125
42.6,0.009765625,0.009765625
42.9,0.01953125,0.01953125
43.2,0.0244140625,0.0244140625
43.5,0.009765625,0.009765625
43.8,0.0146484375,0.0146484375
44.1,0.0146484375,0.0146484375
44.4,0.0146484375,0.0146484375
44.7,0.01953125,0.01953125
45.0,0.0146484375,0.0146484375
45.3,0.0146484375,0.0146484375
45.6,0.01953125,0.01953125
45.9,0.0146484375,0.0146484375
46.2,0.009765625,0.009765625
46.5,0.0146484375,0.0146484375
46.8,0.0146484375,0.0146484375
47.1,0.01953125,0.01953125
47.4,0.0146484375,0.0146484375
47.7,0.0146484375,0.0146484375
48.0,0.01953125,0.01953125
48.3,0.01953125,0.01953125
48.6,0.009765625,0.009765625
48.9,0.0146484375,0.0146484375
49.2,0.01953125,0.01953125
49.5,0.0146484375,0.0146484375
49.8,0.0048828125,0.0048828125
50.1,0.029296875,0.029296875
50.4,0.0146484375,0.0146484375
50.7,0.0244140625,0.0244140625
51.0,0.0146484375,0.0146484375
51.3,0.029296875,0.029296875
51.6,0.0146484375,0.0146484375
51.9,0.0146484375,0.0146484375
52.2,0.01953125,0.01953125
52.5,0.01953125,0.01953125
52.8,0.0244140625,0.0244140625
53.1,0.009765625,0.009765625
53.4,0.0146484375,0.0146484375
53.7,0.009765625,0.009765625
54.0,0.009765625,0.009765625
54.3,0.0146484375,0.0146484375
54.6,0.0244140625,0.0244140625
54.9,0.0146484375,0.0146484375
55.2,0.009765625,0.009765625
55.5,0.0146484375,0.0146484375
55.8,0.0146484375,0.0146484375
56.1,0.009765625,0.009765625
56.4,0.0146484375,0.0146484375
56.7,0.0146484375,0.0146484375
57.0,0.0146484375,0.0146484375
57.3,0.01953125,0.01953125
57.6,0.009765625,0.009765625
57.9,0.0146484375,0.0146484375
58.2,0.0146484375,0.0146484375
58.5,0.01953125,0.01953125
58.8,0.01953125,0.01953125
59.1,0.009765625,0.009765625
59.4,0.009765625,0.009765625
59.7,0.0048828125,0.0048828125
60.0,0.029296875,0.029296875
60.3,0.0146484375,0.0146484375
60.6,0.0146484375,0.0146484375
60.9,0.01953125,0.01953125
61.2,0.01953125,0.01953125
61.5,0.0,0.0
61.8,0.0146484375,0.0146484375
62.1,0.01953125,0.01953125
62.4,0.009765625,0.009765625
62.7,0.0146484375,0.0146484375
63.0,0.0146484375,0.0146484375
63.3,0.009765625,0.009765625
63.6,0.0146484375,0.0146484375
63.9,0.01953125,0.01953125
64.2,0.01953125,0.01953125
64.5,0.0146484375,0.0146484375
64.8,0.01953125,0.01953125
65.1,0.0146484375,0.0146484375
65.4,0.01953125,0.01953125
65.7,0.0146484375,0.0146484375
66.0,0.009765625,0.009765625
66.3,0.0146484375,0.0146484375
66.6,0.0146484375,0.0146484375
66.9,0.0146484375,0.0146484375
67.2,0.0048828125,0.0048828125
67.5,0.0244140625,0.0244140625
67.8,0.009765625,0.009765625
68.1,0.009765625,0.009765625
68.4,0.0048828125,0.0048828125
68.7,0.029296875,0.029296875
69.0,0.0146484375,0.0146484375
69.3,0.0146484375,0.0146484375
69.6,0.0146484375,0.0146484375
69.9,0.0146484375,0.0146484375
70.2,0.0146484375,0.0146484375
70.5,0.009765625,0.009765625
70.8,0.009765625,0.009765625
71.1,0.01953125,0.01953125
71.4,0.01953125,0.01953125
71.7,0.0244140625,0.0244140625
72.0,0.0244140625,0.0244140625
72.3,0.01953125,0.01953125
72.6,0.0146484375,0.0146484375
72.9,0.0244140625,0.0244140625
73.2,0.0146484375,0.0146484375
73.5,0.0146484375,0.0146484375
73.8,0.0146484375,0.0146484375
74.1,0.0146484375,0.0146484375
74.4,0.009765625,0.009765625
74.7,0.0146484375,0.0146484375
75.0,0.01953125,0.01953125
75.3,0.009765625,0.009765625
75.6,0.0146484375,0.0146484375
75.9,0.0146484375,0.0146484375
76.2,0.029296875,0.029296875
76.5,0.0,0.0
76.8,0.009765625,0.009765625
77.1,0.009765625,0.009765625
77.4,0.0146484375,0.0146484375
77.7,0.01953125,0.01953125
78.0,0.0146484375,0.0146484375
78.3,0.0244140625,0.0244140625
78.6,0.009765625,0.009765625
78.9,0.0146484375,0.0146484375
79.2,0.029296875,0.029296875
79.5,0.0244140625,0.0244140625
79.8,0.01953125,0.01953125
80.1,0.0146484375,0.0146484375
80.4,0.009765625,0.009765625
80.7,0.009765625,0.009765625
81.0,0.01953125,0.01953125
81.3,0.01953125,0.01953125
81.6,0.0244140625,0.0244140625
81.9,0.0146484375,0.0146484375
82.2,0.009765625,0.009765625
82.5,0.01953125,0.01953125
82.8,0.0146484375,0.0146484375
83.1,0.01953125,0.01953125
83.4,0.0048828125,0.0048828125
83.7,0.0146484375,0.0146484375
84.0,0.0146484375,0.0146484375
84.3,0.0244140625,0.0244140625
84.6,0.0146484375,0.0146484375
84.9,0.0048828125,0.0048828125
85.2,0.0146484375,0.0146484375
85.5,0.01953125,0.01953125
85.8,0.0244140625,0.0244140625
86.1,0.01953125,0.01953125
86.4,0.0146484375,0.0146484375
86.7,0.0146484375,0.0146484375
87.0,0.0146484375,0.0146484375
87.3,0.0390625,0.0390625
87.6,0.0146484375,0.0146484375
87.9,0.0146484375,0.0146484375
88.2,0.01953125,0.01953125
88.5,0.0146484375,0.0146484375
88.8,0.0048828125,0.0048828125
89.1,0.029296875,0.029296875
89.4,0.0048828125,0.0048828125
89.7,0.0244140625,0.0244140625
90.0,0.0,0.0
90.3,0.009765625,0.009765625
90.6,0.0146484375,0.0146484375
90.9,0.009765625,0.009765625
91.2,0.01953125,0.01953125
91.5,0.029296875,0.029296875
91.8,0.01953125,0.01953125
92.1,0.0146484375,0.0146484375
92.4,0.009765625,0.009765625
92.7,0.0146484375,0.0146484375
93.0,0.0146484375,0.0146484375
93.3,0.01953125,0.01953125
93.6,0.01953125,0.01953125
93.9,0.01953125,0.01953125
94.2,0.009765625,0.009765625
94.5,0.0146484375,0.0146484375
94.8,0.029296875,0.029296875
95.1,0.0146484375,0.0146484375
95.4,0.0,0.0
95.7,0.01953125,0.01953125
96.0,0.029296875,0.029296875
96.3,0.01953125,0.01953125
96.6,0.0146484375,0.0146484375
96.9,0.0146484375,0.0146484375
97.2,0.0146484375,0.0146484375
97.5,0.01953125,0.01953125
97.8,0.0146484375,0.0146484375
98.1,0.0244140625,0.0244140625
98.4,0.0146484375,0.0146484375
98.7,0.01953125,0.01953125
99.0,0.01953125,0.01953125
99.3,0.0048828125,0.0048828125
99.6,0.0146484375,0.0146484375
99.9,0.009765625,0.009765625
100.2,0.01953125,0.01953125
100.5,0.01953125,0.01953125
100.8,0.009765625,0.009765625
101.1,0.009765625,0.009765625
101.4,0.01953125,0.01953125
101.7,0.0146484375,0.0146484375
102.0,0.0146484375,0.0146484375
102.3,0.0146484375,0.0146484375
102.6,0.009765625,0.009765625
102.9,0.0244140625,0.0244140625
103.2,0.0146484375,0.0146484375
103.5,0.0146484375,0.0146484375
103.8,0.0048828125,0.0048828125
104.1,0.009765625,0.009765625
104.4,0.0146484375,0.0146484375
104.7,0.0146484375,0.0146484375
105.0,0.029296875,0.029296875
105.3,0.009765625,0.009765625
105.6,0.0244140625,0.0244140625
105.9,0.0244140625,0.0244140625
106.2,0.01953125,0.01953125
106.5,0.01953125,0.01953125
106.8,0.0146484375,0.0146484375
107.1,0.01953125,0.01953125
107.4,0.0146484375,0.0146484375
107.7,0.0146484375,0.0146484375
108.0,0.0244140625,0.0244140625
108.3,0.01953125,0.01953125
108.6,0.009765625,0.009765625
108.9,0.01953125,0.01953125
109.2,0.01953125,0.01953125
109.5,0.01953125,0.01953125
109.8,0.01953125,0.01953125
110.1,0.01953125,0.01953125
110.4,0.0146484375,0.0146484375
110.7,0.0146484375,0.0146484375
111.0,0.029296875,0.029296875
111.3,0.0146484375,0.0146484375
111.6,0.009765625,0.009765625
111.9,0.01953125,0.01953125
112.2,0.01953125,0.01953125
112.5,0.0146484375,0.0146484375
112.8,0.0244140625,0.0244140625
113.1,0.0244140625,0.0244140625
113.4,0.029296875,0.029296875
113.7,0.01953125,0.01953125
114.0,0.0146484375,0.0146484375
114.3,0.0146484375,0.0146484375
114.6,0.01953125,0.01953125
114.9,0.0048828125,0.0048828125
115.2,0.01953125,0.01953125
115.5,0.0048828125,0.0048828125
115.8,0.01953125,0.01953125
116.1,0.0146484375,0.0146484375
116.4,0.01953125,0.01953125
116.7,0.0146484375,0.0146484375
117.0,0.009765625,0.009765625
117.3,0.0146484375,0.0146484375
117.6,0.029296875,0.029296875
117.9,0.01953125,0.01953125
118.2,0.029296875,0.029296875
118.5,0.009765625,0.009765625
118.8,0.0244140625,0.0244140625
119.1,0.01953125,0.01953125
119.4,0.01953125,0.01953125
119.7,0.01953125,0.01953125
120.0,0.0146484375,0.0146484375
120.3,0.0146484375,0.0146484375
120.6,0.029296875,0.029296875
120.9,0.01953125,0.01953125
121.2,0.0146484375,0.0146484375
121.5,0.0048828125,0.0048828125
121.8,0.0146484375,0.0146484375
122.1,0.009765625,0.009765625
122.4,0.0146484375,0.0146484375
122.7,0.0146484375,0.0146484375
123.0,0.0,0.0
123.3,0.009765625,0.009765625
123.6,0.0146484375,0.0146484375
123.9,0.0146484375,0.0146484375
124.2,0.01953125,0.01953125
124.5,0.009765625,0.009765625
124.8,0.0146484375,0.0146484375
125.1,0.029296875,0.029296875
125.4,0.01953125,0.01953125
125.7,0.01953125,0.01953125
126.0,0.0146484375,0.0146484375
126.3,0.0146484375,0.0146484375
126.6,0.009765625,0.009765625
126.9,0.01953125,0.01953125
127.2,0.009765625,0.009765625
127.5,0.029296875,0.029296875
127.8,0.0146484375,0.0146484375
128.1,0.0146484375,0.0146484375
128.4,0.0244140625,0.0244140625
128.7,0.0048828125,0.0048828125
129.0,0.009765625,0.009765625
129.3,0.009765625,0.009765625
129.6,0.0244140625,0.0244140625
129.9,0.01953125,0.01953125
130.2,0.0048828125,0.0048828125
130.5,0.0341796875,0.0341796875
130.8,0.009765625,0.009765625
131.1,0.009765625,0.009765625
131.4,0.009765625,0.009765625
131.7,0.0048828125,0.0048828125
132.0,0.0146484375,0.0146484375
132.3,0.029296875,0.029296875
132.6,0.01953125,0.01953125
132.9,0.009765625,0.009765625
133.2,0.0146484375,0.0146484375
133.5,0.01953125,0.01953125
133.8,0.009765625,0.009765625
134.1,0.01953125,0.01953125
134.4,0.0244140625,0.0244140625
134.7,0.0048828125,0.0048828125
135.0,0.0146484375,0.0146484375
135.3,0.0146484375,0.0146484375
135.6,0.0244140625,0.0244140625
135.9,0.0146484375,0.0146484375
136.2,0.0146484375,0.0146484375
136.5,0.009765625,0.009765625
136.8,0.0244140625,0.0244140625
137.1,0.0341796875,0.0341796875
137.4,0.01953125,0.01953125
137.7,0.0244140625,0.0244140625
138.0,0.0146484375,0.0146484375
138.3,0.0146484375,0.0146484375
138.6,0.0146484375,0.0146484375
138.9,0.0048828125,0.0048828125
139.2,0.01953125,0.01953125
139.5,0.009765625,0.009765625
139.8,0.0,0.0
140.1,0.009765625,0.009765625
140.4,0.0146484375,0.0146484375
140.7,0.0146484375,0.0146484375
141.0,0.0146484375,0.0146484375
141.3,0.029296875,0.029296875
141.6,0.0,0.0
141.9,0.01953125,0.01953125
142.2,0.0048828125,0.0048828125
142.5,0.0146484375,0.0146484375
142.8,0.0048828125,0.0048828125
143.1,0.01953125,0.01953125
143.4,0.01953125,0.01953125
143.7,0.0146484375,0.0146484375
144.0,0.01953125,0.01953125
144.3,0.01953125,0.01953125
144.6,0.0146484375,0.0146484375
144.9,0.009765625,0.009765625
145.2,0.0146484375,0.0146484375
145.5,0.0146484375,0.0146484375
145.8,0.01953125,0.01953125
146.1,0.0146484375,0.0146484375
146.4,0.01953125,0.01953125
146.7,0.01953125,0.01953125
147.0,0.0048828125,0.0048828125
147.3,0.0146484375,0.0146484375
147.6,0.0146484375,0.0146484375
147.9,0.0146484375,0.0146484375
148.2,0.0244140625,0.0244140625
148.5,0.009765625,0.009765625
148.8,0.01953125,0.01953125
149.1,0.029296875,0.029296875
149.4,0.0244140625,0.0244140625
149.7,0.0244140625,0.0244140625
150.0,0.0244140625,0.0244140625
150.3,0.0244140625,0.0244140625
150.6,0.0244140625,0.0244140625
150.9,0.029296875,0.029296875
151.2,0.0146484375,0.0146484375
151.5,0.01953125,0.01953125
151.8,0.01953125,0.01953125
152.1,0.0048828125,0.0048828125
152.4,0.0048828125,0.0048828125
152.7,0.0146484375,0.0146484375
153.0,0.0146484375,0.0146484375
153.3,0.0146484375,0.0146484375
153.6,0.01953125,0.01953125
153.9,0.0146484375,0.0146484375
154.2,0.01953125,0.01953125
154.5,0.009765625,0.009765625
154.8,0.0244140625,0.0244140625
155.1,0.0341796875,0.0341796875
155.4,0.0146484375,0.0146484375
155.7,0.0048828125,0.0048828125
156.0,0.0146484375,0.0146484375
156.3,0.0,0.0
156.6,0.01953125,0.01953125
156.9,0.009765625,0.009765625
157.2,0.0146484375,0.0146484375
157.5,0.01953125,0.01953125
157.8,0.01953125,0.01953125
158.1,0.0146484375,0.0146484375
158.4,0.009765625,0.009765625
158.7,0.01953125,0.01953125
159.0,0.0146484375,0.0146484375
159.3,0.01953125,0.01953125
159.6,0.01953125,0.01953125
159.9,0.009765625,0.009765625
160.2,0.01953125,0.01953125
160.5,0.029296875,0.029296875
160.8,0.0146484375,0.0146484375
161.1,0.0146484375,0.0146484375
161.4,0.0146484375,0.0146484375
161.7,0.01953125,0.01953125
162.0,0.009765625,0.009765625
162.3,0.0244140625,0.0244140625
162.6,0.0146484375,0.0146484375
162.9,0.009765625,0.009765625
163.2,0.009765625,0.009765625
163.5,0.009765625,0.009765625
163.8,0.0,0.0
164.1,0.01953125,0.01953125
164.4,0.01953125,0.01953125
164.7,0.0146484375,0.0146484375
165.0,0.0146484375,0.0146484375
165.3,-0.0048828125,-0.0048828125
165.6,0.0146484375,0.0146484375
165.9,0.009765625,0.009765625
166.2,0.009765625,0.009765625
166.5,0.0146484375,0.0146484375
166.8,0.0048828125,0.0048828125
167.1,0.0,0.0
167.4,0.0,0.0
167.7,0.0146484375,0.0146484375
168.0,0.0244140625,0.0244140625
168.3,0.029296875,0.029296875
168.6,0.0,0.0
168.9,0.0146484375,0.0146484375
169.2,0.0244140625,0.0244140625
169.5,0.0244140625,0.0244140625
169.8,0.009765625,0.009765625
170.1,0.0244140625,0.0244140625
170.4,0.009765625,0.009765625
170.7,0.029296875,0.029296875
171.0,0.0244140625,0.0244140625
171.3,0.0244140625,0.0244140625
171.6,0.01953125,0.01953125
171.9,0.0048828125,0.0048828125
172.2,0.0146484375,0.0146484375
172.5,0.009765625,0.009765625
172.8,0.0048828125,0.0048828125
173.1,0.0048828125,0.0048828125
173.4,0.0146484375,0.0146484375
173.7,0.029296875,0.029296875
174.0,0.009765625,0.009765625
174.3,0.01953125,0.01953125
174.6,0.0146484375,0.0146484375
174.9,0.0146484375,0.0146484375
175.2,0.01953125,0.01953125
175.5,0.0146484375,0.0146484375
175.8,0.0146484375,0.0146484375
176.1,0.0244140625,0.0244140625
176.4,0.0146484375,0.0146484375
176.7,0.0341796875,0.0341796875
177.0,0.01953125,0.01953125
177.3,0.0146484375,0.0146484375
177.6,0.009765625,0.009765625
177.9,0.0146484375,0.0146484375
178.2,0.01953125,0.01953125
178.5,0.0146484375,0.0146484375
178.8,0.0244140625,0.0244140625
179.1,0.01953125,0.01953125
179.4,0.0146484375,0.0146484375
179.7,0.0146484375,0.0146484375
180.0,0.029296875,0.029296875
180.3,0.0146484375,0.0146484375
180.6,0.009765625,0.009765625
180.9,0.0146484375,0.0146484375
181.2,0.0048828125,0.0048828125
181.5,0.01953125,0.01953125
181.8,0.01953125,0.01953125
182.1,0.0146484375,0.0146484375
182.4,0.0146484375,0.0146484375
182.7,0.0146484375,0.0146484375
183.0,0.01953125,0.01953125
183.3,0.0146484375,0.0146484375
183.6,0.009765625,0.009765625
183.9,0.01953125,0.01953125
184.2,0.0244140625,0.0244140625
184.5,0.01953125,0.01953125
184.8,0.0048828125,0.0048828125
185.1,0.0146484375,0.0146484375
185.4,-0.0048828125,-0.0048828125
185.7,0.009765625,0.009765625
186.0,0.0341796875,0.0341796875
186.3,0.0146484375,0.0146484375
186.6,0.0048828125,0.0048828125
186.9,0.0146484375,0.0146484375
187.2,0.0146484375,0.0146484375
187.5,-0.0048828125,-0.0048828125
187.8,0.01953125,0.01953125
188.1,0.0146484375,0.0146484375
188.4,0.0146484375,0.0146484375
188.7,0.01953125,0.01953125
189.0,0.0146484375,0.0146484375
189.3,0.0244140625,0.0244140625
189.6,0.009765625,0.009765625
189.9,0.0146484375,0.0146484375
190.2,0.009765625,0.009765625
190.5,0.01953125,0.01953125
190.8,0.009765625,0.009765625
191.1,0.009765625,0.009765625
191.4,0.009765625,0.009765625
191.7,0.0146484375,0.0146484375
192.0,0.0146484375,0.0146484375
192.3,0.009765625,0.009765625
192.6,0.01953125,0.01953125
192.9,0.0146484375,0.0146484375
193.2,0.01953125,0.01953125
193.5,0.009765625,0.009765625
193.8,0.0146484375,0.0146484375
194.1,0.0146484375,0.0146484375
194.4,0.0146484375,0.0146484375
194.7,0.009765625,0.009765625
195.0,0.009765625,0.009765625
195.3,0.01953125,0.01953125
