0.0,-2.5048828125,-1.2890625
0.3,-2.5,-1.3037109375
0.6,-2.5,-1.3037109375
0.9,-2.5,-1.171875
1.2,-2.5,-1.142578125
1.5,-2.5048828125,-1.181640625
1.8,-2.4951171875,-1.09375
2.1,-2.490234375,-1.103515625
2.4,-2.509765625,-1.2158203125
2.7,-2.490234375,-1.259765625
3.0,-2.4951171875,-1.2255859375
3.3,-2.4951171875,-1.1767578125
3.6,-2.4951171875,-1.26953125
3.9,-2.4951171875,-1.2451171875
4.2,-2.4853515625,-1.2939453125
4.5,-2.4951171875,-1.3232421875
4.8,-2.5048828125,-1.328125
5.1,-2.4951171875,-1.3427734375
5.4,-2.5,-1.2109375
5.7,-2.490234375,-1.2158203125
6.0,-2.4951171875,-1.3427734375
6.3,-2.5048828125,-1.298828125
6.6,-2.4951171875,-1.1962890625
6.9,-2.4951171875,-1.0888671875
7.2,-2.5048828125,-1.0693359375
7.5,-2.5,-1.0009765625
7.8,-2.509765625,-0.966796875
8.1,-2.5,-0.9716796875
8.4,-2.4951171875,-1.0302734375
8.7,-2.5048828125,-0.9912109375
9.0,-2.5,-0.986328125
9.3,-2.509765625,-1.005859375
9.6,-2.5,-0.99609375
9.9,-2.5048828125,-0.859375
10.2,-2.509765625,-0.7861328125
10.5,-2.5048828125,-0.78125
10.8,-2.5244140625,-0.7421875
11.1,-2.5,-0.693359375
11.4,-2.5048828125,-0.673828125
11.7,-2.509765625,-0.76171875
12.0,-2.509765625,-0.859375
12.3,-2.5048828125,-0.7568359375
12.6,-2.490234375,-0.76171875
12.9,-2.509765625,-0.7568359375
13.2,-2.51953125,-0.7275390625
13.5,-2.5146484375,-0.8203125
13.8,-2.5048828125,-0.9716796875
14.1,-2.4951171875,-0.9912109375
14.4,-2.5146484375,-1.1572265625
14.7,-2.5244140625,-1.0791015625
15.0,-2.490234375,-1.005859375
15.3,-2.509765625,-0.99609375
15.6,-2.5048828125,-1.0986328125
15.9,-2.5146484375,-1.0546875
16.2,-2.509765625,-1.1767578125
16.5,-2.509765625,-1.1572265625
16.8,-2.51953125,-1.1279296875
17.1,-2.5146484375,-1.1669921875
17.4,-2.5146484375,-1.1474609375
17.7,-2.509765625,-1.2255859375
18.0,-2.51953125,-1.2451171875
18.3,-2.5048828125,-1.1669921875
18.6,-2.509765625,-1.25
18.9,-2.509765625,-1.23046875
19.2,-2.51953125,-1.1962890625
19.5,-2.529296875,-1.2158203125
19.8,-2.5146484375,-1.1669921875
20.1,-2.5146484375,-1.0400390625
20.4,-2.509765625,-0.8935546875
20.7,-2.5244140625,-0.859375
21.0,-2.51953125,-0.8203125
21.3,-2.5146484375,-0.7421875
21.6,-2.5146484375,-0.712890625
21.9,-2.509765625,-0.64453125
22.2,-2.5146484375,-0.7470703125
22.5,-2.51953125,-0.673828125
22.8,-2.51953125,-0.5859375
23.1,-2.5146484375,-0.6103515625
23.4,-2.5244140625,-0.6396484375
23.7,-2.51953125,-0.673828125
24.0,-2.509765625,-0.7275390625
24.3,-2.5146484375,-0.8251953125
24.6,-2.51953125,-0.771484375
24.9,-2.529296875,-0.7177734375
25.2,-2.51953125,-0.64453125
25.5,-2.51953125,-0.6787109375
25.8,-2.5244140625,-0.771484375
26.1,-2.548828125,-0.869140625
26.4,-2.5244140625,-1.044921875
26.7,-2.4951171875,-1.2158203125
27.0,-2.5244140625,-1.2744140625
27.3,-2.5244140625,-1.30859375
27.6,-2.5244140625,-1.3525390625
27.9,-2.5146484375,-1.3623046875
28.2,-2.5244140625,-1.3623046875
28.5,-2.5146484375,-1.2890625
28.8,-2.5244140625,-1.171875
29.1,-2.5341796875,-1.1279296875
29.4,-2.529296875,-1.07421875
29.7,-2.5146484375,-1.1767578125
30.0,-2.529296875,-1.1865234375
30.3,-2.529296875,-1.19140625
30.6,-2.5244140625,-1.1279296875
30.9,-2.5244140625,-1.1572265625
31.2,-2.5244140625,-1.142578125
31.5,-2.529296875,-1.1328125
31.8,-2.529296875,-1.044921875
32.1,-2.51953125,-0.9375
32.4,-2.509765625,-0.9521484375
32.7,-2.5244140625,-1.0400390625
33.0,-2.529296875,-0.9326171875
33.3,-2.529296875,-0.9375
33.6,-2.5244140625,-0.95703125
33.9,-2.529296875,-0.9521484375
34.2,-2.5439453125,-0.908203125
34.5,-2.5244140625,-0.9619140625
34.8,-2.51953125,-0.95703125
35.1,-2.5244140625,-1.005859375
35.4,-2.5341796875,-1.1767578125
35.7,-2.5341796875,-1.1865234375
36.0,-2.529296875,-1.3037109375
36.3,-2.5244140625,-1.318359375
36.6,-2.5244140625,-1.23046875
36.9,-2.5390625,-1.0986328125
37.2,-2.529296875,-1.015625
37.5,-2.5244140625,-1.005859375
37.8,-2.5390625,-1.064453125
38.1,-2.5341796875,-1.1474609375
38.4,-2.5439453125,-1.1962890625
38.7,-2.5439453125,-1.171875
39.0,-2.5390625,-1.240234375
39.3,-2.529296875,-1.15234375
39.6,-2.5439453125,-1.1474609375
39.9,-2.529296875,-1.162109375
40.2,-2.5341796875,-1.1279296875
40.5,-2.5341796875,-1.142578125
40.8,-2.5390625,-1.2548828125
41.1,-2.5341796875,-1.23046875
41.4,-2.5390625,-1.259765625
41.7,-2.5341796875,-1.2060546875
42.0,-2.5439453125,-1.11328125
42.3,-2.5439453125,-1.259765625
42.6,-2.529296875,-1.279296875
42.9,-2.5390625,-1.3232421875
43.2,-2.5341796875,-1.318359375
43.5,-2.529296875,-1.1767578125
43.8,-2.5537109375,-1.23046875
44.1,-2.5390625,-1.240234375
44.4,-2.5244140625,-1.2451171875
44.7,-2.5439453125,-1.34765625
45.0,-2.5341796875,-1.171875
45.3,-2.5390625,-1.171875
45.6,-2.5341796875,-1.1962890625
45.9,-2.5341796875,-1.1865234375
46.2,-2.55859375,-1.220703125
46.5,-2.548828125,-1.259765625
46.8,-2.5390625,-1.2158203125
47.1,-2.55859375,-1.1865234375
47.4,-2.529296875,-1.044921875
47.7,-2.529296875,-1.103515625
48.0,-2.5439453125,-1.1328125
48.3,-2.5390625,-1.162109375
48.6,-2.5390625,-1.1474609375
48.9,-2.5390625,-0.99609375
49.2,-2.548828125,-0.947265625
49.5,-2.548828125,-0.9521484375
49.8,-2.5439453125,-1.0107421875
50.1,-2.548828125,-0.87890625
50.4,-2.548828125,-0.8056640625
50.7,-2.548828125,-0.732421875
51.0,-2.548828125,-0.7861328125
51.3,-2.5390625,-0.8349609375
51.6,-2.5439453125,-0.8740234375
51.9,-2.55859375,-0.7177734375
52.2,-2.548828125,-0.732421875
52.5,-2.5439453125,-0.76171875
52.8,-2.5439453125,-0.732421875
53.1,-2.548828125,-0.7568359375
53.4,-2.5537109375,-0.6787109375
53.7,-2.5390625,-0.7177734375
54.0,-2.5439453125,-0.7177734375
54.3,-2.5439453125,-0.8203125
54.6,-2.5390625,-0.927734375
54.9,-2.548828125,-0.7958984375
55.2,-2.5390625,-0.7958984375
55.5,-2.5439453125,-0.80078125
55.8,-2.5537109375,-0.80078125
56.1,-2.5439453125,-0.80078125
56.4,-2.548828125,-0.8203125
56.7,-2.5537109375,-0.8154296875
57.0,-2.548828125,-0.791015625
57.3,-2.55859375,-0.7763671875
57.6,-2.548828125,-0.8251953125
57.9,-2.5341796875,-0.791015625
58.2,-2.55859375,-0.7275390625
58.5,-2.5634765625,-0.576171875
58.8,-2.5390625,-0.4443359375
59.1,-2.548828125,-0.419921875
59.4,-2.5537109375,-0.4296875
59.7,-2.55859375,-0.29296875
60.0,-2.5634765625,-0.400390625
60.3,-2.548828125,-0.4541015625
60.6,-2.5390625,-0.5419921875
60.9,-2.5537109375,-0.556640625
61.2,-2.55859375,-0.60546875
61.5,-2.55859375,-0.751953125
61.8,-2.548828125,-0.751953125
62.1,-2.5537109375,-0.615234375
62.4,-2.548828125,-0.6494140625
62.7,-2.568359375,-0.6396484375
63.0,-2.5634765625,-0.6640625
63.3,-2.5634765625,-0.7275390625
63.6,-2.55859375,-0.7177734375
63.9,-2.568359375,-0.6494140625
64.2,-2.5634765625,-0.7763671875
64.5,-2.548828125,-0.9033203125
64.8,-2.55859375,-0.8935546875
65.1,-2.568359375,-1.03515625
65.4,-2.55859375,-1.0107421875
65.7,-2.568359375,-1.0498046875
66.0,-2.5634765625,-1.015625
66.3,-2.5634765625,-1.1328125
66.6,-2.5634765625,-1.09375
66.9,-2.5634765625,-1.0888671875
67.2,-2.5537109375,-0.9619140625
67.5,-2.55859375,-0.8203125
67.8,-2.568359375,-0.7080078125
68.1,-2.5732421875,-0.7421875
68.4,-2.55859375,-0.810546875
68.7,-2.568359375,-0.80078125
69.0,-2.55859375,-0.751953125
69.3,-2.5537109375,-0.8251953125
69.6,-2.5634765625,-0.7666015625
69.9,-2.55859375,-0.68359375
70.2,-2.5634765625,-0.703125
70.5,-2.568359375,-0.654296875
70.8,-2.568359375,-0.6591796875
71.1,-2.568359375,-0.6005859375
71.4,-2.5537109375,-0.64453125
71.7,-2.5634765625,-0.52734375
72.0,-2.5634765625,-0.44921875
72.3,-2.578125,-0.46875
72.6,-2.5732421875,-0.5126953125
72.9,-2.55859375,-0.400390625
73.2,-2.5634765625,-0.3076171875
73.5,-2.578125,-0.3369140625
73.8,-2.568359375,-0.3662109375
74.1,-2.5634765625,-0.4833984375
74.4,-2.55859375,-0.5712890625
74.7,-2.568359375,-0.56640625
75.0,-2.5927734375,-0.634765625
75.3,-2.578125,-0.634765625
75.6,-2.578125,-0.6103515625
75.9,-2.55859375,-0.625
76.2,-2.5634765625,-0.537109375
76.5,-2.5830078125,-0.4833984375
76.8,-2.568359375,-0.517578125
77.1,-2.5732421875,-0.48828125
77.4,-2.5634765625,-0.3515625
77.7,-2.578125,-0.33203125
78.0,-2.578125,-0.3759765625
78.3,-2.5634765625,-0.244140625
78.6,-2.568359375,-0.2587890625
78.9,-2.578125,-0.1318359375
79.2,-2.5830078125,-0.2294921875
79.5,-2.5732421875,-0.25390625
79.8,-2.5732421875,-0.283203125
80.1,-2.5732421875,-0.2490234375
80.4,-2.5830078125,-0.244140625
80.7,-2.5830078125,-0.29296875
81.0,-2.578125,-0.361328125
81.3,-2.5732421875,-0.322265625
81.6,-2.5732421875,-0.2197265625
81.9,-2.5732421875,-0.3369140625
82.2,-2.578125,-0.361328125
82.5,-2.587890625,-0.44921875
82.8,-2.578125,-0.6201171875
83.1,-2.5732421875,-0.7080078125
83.4,-2.587890625,-0.732421875
83.7,-2.5732421875,-0.8056640625
84.0,-2.578125,-0.859375
84.3,-2.587890625,-0.83984375
84.6,-2.587890625,-0.9423828125
84.9,-2.5830078125,-0.8837890625
85.2,-2.578125,-0.8056640625
85.5,-2.5634765625,-0.72265625
85.8,-2.5830078125,-0.6787109375
86.1,-2.587890625,-0.5615234375
86.4,-2.5732421875,-0.4833984375
86.7,-2.568359375,-0.6298828125
87.0,-2.5830078125,-0.4443359375
87.3,-2.587890625,-0.4150390625
87.6,-2.5732421875,-0.400390625
87.9,-2.5732421875,-0.3173828125
88.2,-2.587890625,-0.380859375
88.5,-2.587890625,-0.390625
88.8,-2.587890625,-0.44921875
89.1,-2.568359375,-0.4736328125
89.4,-2.587890625,-0.556640625
89.7,-2.578125,-0.56640625
90.0,-2.587890625,-0.5517578125
90.3,-2.5830078125,-0.64453125
90.6,-2.587890625,-0.80078125
90.9,-2.578125,-0.791015625
91.2,-2.5927734375,-0.693359375
91.5,-2.587890625,-0.7666015625
91.8,-2.578125,-0.771484375
92.1,-2.587890625,-0.91796875
92.4,-2.587890625,-0.8984375
92.7,-2.5830078125,-0.810546875
93.0,-2.587890625,-0.7421875
93.3,-2.578125,-0.7421875
93.6,-2.578125,-0.693359375
93.9,-2.6025390625,-0.732421875
94.2,-2.587890625,-0.7666015625
94.5,-2.5830078125,-0.72265625
94.8,-2.5830078125,-0.6884765625
95.1,-2.5927734375,-0.76171875
95.4,-2.5927734375,-0.6884765625
95.7,-2.5830078125,-0.7666015625
96.0,-2.587890625,-0.6640625
96.3,-2.587890625,-0.6982421875
96.6,-2.607421875,-0.7763671875
96.9,-2.5830078125,-0.7080078125
97.2,-2.587890625,-0.6982421875
97.5,-2.5830078125,-0.7177734375
97.8,-2.5927734375,-0.7470703125
98.1,-2.587890625,-0.830078125
98.4,-2.587890625,-0.8203125
98.7,-2.6025390625,-0.908203125
99.0,-2.59765625,-0.8740234375
99.3,-2.578125,-0.83984375
99.6,-2.59765625,-0.8056640625
99.9,-2.607421875,-0.7958984375
100.2,-2.6123046875,-0.791015625
100.5,-2.6025390625,-0.712890625
100.8,-2.587890625,-0.712890625
101.1,-2.587890625,-0.869140625
101.4,-2.59765625,-0.7421875
101.7,-2.5927734375,-0.7763671875
102.0,-2.5830078125,-0.673828125
102.3,-2.5927734375,-0.6591796875
102.6,-2.587890625,-0.7275390625
102.9,-2.587890625,-0.673828125
103.2,-2.59765625,-0.6298828125
103.5,-2.5927734375,-0.6640625
103.8,-2.59765625,-0.5908203125
104.1,-2.5927734375,-0.5126953125
104.4,-2.6123046875,-0.458984375
104.7,-2.5927734375,-0.3369140625
105.0,-2.6025390625,-0.29296875
105.3,-2.59765625,-0.3125
105.6,-2.59765625,-0.41015625
105.9,-2.587890625,-0.46875
106.2,-2.6025390625,-0.517578125
106.5,-2.607421875,-0.439453125
106.8,-2.607421875,-0.4248046875
107.1,-2.59765625,-0.3955078125
107.4,-2.59765625,-0.322265625
107.7,-2.6025390625,-0.3271484375
108.0,-2.6171875,-0.400390625
108.3,-2.6123046875,-0.5126953125
108.6,-2.6025390625,-0.6103515625
108.9,-2.6025390625,-0.673828125
109.2,-2.6123046875,-0.5029296875
109.5,-2.607421875,-0.5029296875
109.8,-2.6025390625,-0.52734375
110.1,-2.6025390625,-0.52734375
110.4,-2.59765625,-0.48828125
110.7,-2.6025390625,-0.5419921875
111.0,-2.607421875,-0.6201171875
111.3,-2.6025390625,-0.68359375
111.6,-2.6025390625,-0.5810546875
111.9,-2.607421875,-0.5224609375
112.2,-2.6123046875,-0.64453125
112.5,-2.59765625,-0.6103515625
112.8,-2.6171875,-0.6640625
113.1,-2.6123046875,-0.6640625
113.4,-2.6171875,-0.6689453125
113.7,-2.6123046875,-0.6591796875
114.0,-2.5927734375,-0.673828125
114.3,-2.5927734375,-0.60546875
114.6,-2.6123046875,-0.56640625
114.9,-2.6123046875,-0.68359375
115.2,-2.607421875,-0.7373046875
115.5,-2.59765625,-0.751953125
115.8,-2.6220703125,-0.751953125
116.1,-2.6171875,-0.751953125
116.4,-2.6123046875,-0.6884765625
116.7,-2.5830078125,-0.7470703125
117.0,-2.607421875,-0.8642578125
117.3,-2.6171875,-0.8837890625
117.6,-2.626953125,-0.966796875
117.9,-2.6123046875,-1.15234375
118.2,-2.607421875,-1.0888671875
118.5,-2.6123046875,-1.07421875
118.8,-2.607421875,-1.0400390625
119.1,-2.6123046875,-1.103515625
119.4,-2.6123046875,-1.19140625
119.7,-2.6123046875,-1.181640625
120.0,-2.6171875,-1.2353515625
120.3,-2.6318359375,-1.15234375
120.6,-2.6123046875,-1.171875
120.9,-2.6025390625,-1.1962890625
121.2,-2.6123046875,-1.142578125
121.5,-2.607421875,-1.0791015625
121.8,-2.6123046875,-1.279296875
122.1,-2.6171875,-1.318359375
122.4,-2.6171875,-1.3916015625
122.7,-2.6220703125,-1.435546875
123.0,-2.6123046875,-1.3818359375
123.3,-2.607421875,-1.3720703125
123.6,-2.6171875,-1.259765625
123.9,-2.6220703125,-1.15234375
124.2,-2.6123046875,-1.2060546875
124.5,-2.607421875,-1.1572265625
124.8,-2.6123046875,-1.171875
125.1,-2.6318359375,-1.1865234375
125.4,-2.6220703125,-1.2646484375
125.7,-2.6220703125,-1.2646484375
126.0,-2.6171875,-1.2548828125
126.3,-2.626953125,-1.2255859375
126.6,-2.6220703125,-1.2255859375
126.9,-2.6171875,-1.3037109375
127.2,-2.6123046875,-1.220703125
127.5,-2.6220703125,-1.1962890625
127.8,-2.646484375,-1.0595703125
128.1,-2.6318359375,-1.025390625
128.4,-2.6123046875,-1.025390625
128.7,-2.6171875,-1.03515625
129.0,-2.6220703125,-1.064453125
129.3,-2.626953125,-1.0498046875
129.6,-2.626953125,-1.015625
129.9,-2.6171875,-0.95703125
130.2,-2.6220703125,-0.9375
130.5,-2.6171875,-0.8935546875
130.8,-2.626953125,-0.859375
131.1,-2.626953125,-0.7470703125
131.4,-2.6123046875,-0.7373046875
131.7,-2.6171875,-0.80078125
132.0,-2.6171875,-0.9130859375
132.3,-2.607421875,-0.869140625
132.6,-2.6318359375,-0.8642578125
132.9,-2.6220703125,-0.8251953125
133.2,-2.626953125,-0.9326171875
133.5,-2.6220703125,-0.9033203125
133.8,-2.6220703125,-1.03515625
134.1,-2.626953125,-0.8935546875
134.4,-2.6220703125,-0.8349609375
134.7,-2.6318359375,-0.87890625
135.0,-2.6171875,-0.8642578125
135.3,-2.626953125,-0.966796875
135.6,-2.626953125,-1.044921875
135.9,-2.6318359375,-0.986328125
136.2,-2.6220703125,-0.9716796875
136.5,-2.6318359375,-1.171875
136.8,-2.63671875,-1.103515625
137.1,-2.6416015625,-1.0400390625
137.4,-2.6220703125,-1.0498046875
137.7,-2.6171875,-0.986328125
138.0,-2.646484375,-1.0693359375
138.3,-2.6513671875,-1.0888671875
138.6,-2.63671875,-1.259765625
138.9,-2.626953125,-1.3525390625
139.2,-2.6318359375,-1.2744140625
139.5,-2.6318359375,-1.337890625
139.8,-2.6513671875,-1.416015625
140.1,-2.63671875,-1.494140625
140.4,-2.6171875,-1.572265625
140.7,-2.6318359375,-1.4697265625
141.0,-2.63671875,-1.3671875
141.3,-2.63671875,-1.337890625
141.6,-2.6318359375,-1.3623046875
141.9,-2.626953125,-1.34765625
142.2,-2.646484375,-1.328125
142.5,-2.63671875,-1.2060546875
142.8,-2.6318359375,-1.3134765625
143.1,-2.6318359375,-1.3037109375
143.4,-2.646484375,-1.3037109375
143.7,-2.6416015625,-1.3818359375
144.0,-2.6416015625,-1.4794921875
144.3,-2.63671875,-1.4990234375
144.6,-2.6318359375,-1.2939453125
144.9,-2.63671875,-1.171875
145.2,-2.63671875,-1.123046875
145.5,-2.63671875,-1.142578125
145.8,-2.6318359375,-1.23046875
146.1,-2.6416015625,-1.181640625
146.4,-2.63671875,-1.1474609375
146.7,-2.646484375,-1.044921875
147.0,-2.6318359375,-1.0693359375
147.3,-2.646484375,-1.09375
147.6,-2.65625,-1.044921875
147.9,-2.6416015625,-1.083984375
148.2,-2.63671875,-1.044921875
148.5,-2.6513671875,-0.966796875
148.8,-2.6416015625,-0.9521484375
149.1,-2.63671875,-0.83984375
149.4,-2.6416015625,-0.849609375
149.7,-2.6416015625,-0.7958984375
150.0,-2.6513671875,-0.771484375
150.3,-2.6416015625,-0.6787109375
150.6,-2.646484375,-0.7177734375
150.9,-2.646484375,-0.703125
151.2,-2.646484375,-0.68359375
151.5,-2.6416015625,-0.703125
151.8,-2.6416015625,-0.6689453125
152.1,-2.6416015625,-0.56640625
152.4,-2.6513671875,-0.703125
152.7,-2.6416015625,-0.859375
153.0,-2.646484375,-0.8740234375
153.3,-2.63671875,-0.8740234375
153.6,-2.6513671875,-0.8740234375
153.9,-2.646484375,-0.8740234375
154.2,-2.646484375,-0.9228515625
154.5,-2.63671875,-0.9423828125
154.8,-2.646484375,-0.8984375
155.1,-2.6513671875,-0.8740234375
155.4,-2.6416015625,-0.947265625
155.7,-2.6416015625,-0.9228515625
156.0,-2.65625,-1.015625
156.3,-2.6513671875,-1.1181640625
156.6,-2.666015625,-1.044921875
156.9,-2.666015625,-1.025390625
157.2,-2.65625,-1.1669921875
157.5,-2.6513671875,-1.328125
157.8,-2.65625,-1.2744140625
158.1,-2.6513671875,-1.23046875
158.4,-2.6513671875,-1.23046875
158.7,-2.65625,-1.279296875
159.0,-2.646484375,-1.259765625
159.3,-2.666015625,-1.2451171875
159.6,-2.6513671875,-1.0986328125
159.9,-2.6513671875,-1.09375
160.2,-2.65625,-1.1279296875
160.5,-2.646484375,-1.1083984375
160.8,-2.646484375,-1.1865234375
161.1,-2.6513671875,-1.240234375
161.4,-2.6611328125,-1.2939453125
161.7,-2.65625,-1.220703125
162.0,-2.6416015625,-1.1083984375
162.3,-2.646484375,-1.0791015625
162.6,-2.6708984375,-1.1376953125
162.9,-2.666015625,-1.1083984375
163.2,-2.6513671875,-1.11328125
163.5,-2.65625,-1.07421875
163.8,-2.6611328125,-1.2060546875
164.1,-2.6708984375,-1.201171875
164.4,-2.6611328125,-1.0400390625
164.7,-2.6513671875,-1.09375
165.0,-2.6611328125,-1.123046875
165.3,-2.666015625,-1.1279296875
165.6,-2.666015625,-1.2353515625
165.9,-2.6611328125,-1.2744140625
166.2,-2.6611328125,-1.162109375
166.5,-2.6611328125,-1.15234375
166.8,-2.666015625,-1.26953125
167.1,-2.666015625,-1.2841796875
167.4,-2.646484375,-1.2451171875
167.7,-2.6611328125,-1.1083984375
168.0,-2.6611328125,-1.0888671875
168.3,-2.666015625,-1.171875
168.6,-2.6708984375,-1.083984375
168.9,-2.666015625,-1.005859375
169.2,-2.6611328125,-0.9814453125
169.5,-2.6708984375,-1.0205078125
169.8,-2.6611328125,-0.99609375
170.1,-2.65625,-1.015625
170.4,-2.666015625,-1.005859375
170.7,-2.67578125,-0.9228515625
171.0,-2.67578125,-0.9716796875
171.3,-2.65625,-0.9912109375
171.6,-2.6513671875,-0.9130859375
171.9,-2.666015625,-1.005859375
172.2,-2.666015625,-0.9521484375
172.5,-2.666015625,-0.927734375
172.8,-2.6611328125,-0.8056640625
173.1,-2.6708984375,-0.8203125
173.4,-2.666015625,-0.859375
173.7,-2.6611328125,-0.927734375
174.0,-2.6611328125,-0.9912109375
174.3,-2.6708984375,-0.99609375
174.6,-2.6806640625,-0.9619140625
174.9,-2.6708984375,-0.966796875
175.2,-2.65625,-0.986328125
175.5,-2.6806640625,-0.91796875
175.8,-2.67578125,-1.0205078125
176.1,-2.67578125,-1.1328125
176.4,-2.65625,-1.1083984375
176.7,-2.666015625,-1.1279296875
177.0,-2.67578125,-1.1669921875
177.3,-2.67578125,-1.2451171875
177.6,-2.6708984375,-1.2158203125
177.9,-2.666015625,-1.2841796875
178.2,-2.666015625,-1.3134765625
178.5,-2.6806640625,-1.279296875
178.8,-2.6708984375,-1.1279296875
179.1,-2.6708984375,-1.015625
179.4,-2.67578125,-0.8740234375
179.7,-2.67578125,-0.8544921875
180.0,-2.67578125,-0.9033203125
180.3,-2.67578125,-0.8642578125
180.6,-2.6806640625,-0.9423828125
180.9,-2.6806640625,-0.947265625
181.2,-2.666015625,-1.0107421875
181.5,-2.6806640625,-1.162109375
181.8,-2.685546875,-1.0400390625
182.1,-2.67578125,-0.9375
182.4,-2.67578125,-0.9521484375
182.7,-2.67578125,-0.95703125
183.0,-2.6708984375,-0.9326171875
183.3,-2.6708984375,-0.8349609375
183.6,-2.685546875,-0.8447265625
183.9,-2.67578125,-0.7958984375
184.2,-2.6708984375,-0.8154296875
184.5,-2.6806640625,-0.7666015625
184.8,-2.6806640625,-0.7275390625
185.1,-2.685546875,-0.6884765625
185.4,-2.6708984375,-0.712890625
185.7,-2.67578125,-0.7861328125
186.0,-2.6708984375,-0.810546875
186.3,-2.65625,-0.8447265625
186.6,-2.6806640625,-0.9423828125
186.9,-2.6953125,-0.9912109375
187.2,-2.67578125,-0.966796875
187.5,-2.666015625,-0.91796875
187.8,-2.6708984375,-0.9619140625
188.1,-2.6806640625,-0.908203125
188.4,-2.685546875,-0.9228515625
188.7,-2.67578125,-0.87890625
189.0,-2.6953125,-0.947265625
189.3,-2.6953125,-0.99609375
189.6,-2.6806640625,-0.947265625
189.9,-2.685546875,-1.005859375
190.2,-2.6806640625,-1.0205078125
190.5,-2.6904296875,-0.9130859375
190.8,-2.6708984375,-0.947265625
191.1,-2.6806640625,-0.888671875
191.4,-2.6904296875,-0.849609375
191.7,-2.685546875,-0.7666015625
192.0,-2.705078125,-0.712890625
192.3,-2.6904296875,-0.673828125
192.6,-2.6806640625,-0.64453125
192.9,-2.6806640625,-0.56640625
193.2,-2.685546875,-0.546875
193.5,-2.6904296875,-0.4931640625
193.8,-2.6806640625,-0.52734375
194.1,-2.6806640625,-0.48828125
194.4,-2.685546875,-0.498046875
194.7,-2.7001953125,-0.56640625
195.0,-2.6904296875,-0.576171875
195.3,-2.6904296875,-0.6396484375
195.6,-2.6904296875,-0.6689453125
195.9,-2.6904296875,-0.634765625
196.2,-2.6953125,-0.6298828125
196.5,-2.6904296875,-0.556640625
196.8,-2.6806640625,-0.7080078125
197.1,-2.6904296875,-0.48828125
197.4,-2.6953125,-0.52734375
197.7,-2.6953125,-0.48828125
198.0,-2.6806640625,-0.4248046875
198.3,-2.685546875,-0.400390625
198.6,-2.6806640625,-0.5029296875
198.9,-2.685546875,-0.44921875
199.2,-2.6904296875,-0.52734375
199.5,-2.7001953125,-0.517578125
199.8,-2.6953125,-0.4931640625
200.1,-2.6953125,-0.5908203125
200.4,-2.6953125,-0.634765625
200.7,-2.6904296875,-0.6787109375
201.0,-2.6904296875,-0.7470703125
201.3,-2.7001953125,-0.5517578125
201.6,-2.6953125,-0.6103515625
201.9,-2.6806640625,-0.6494140625
202.2,-2.7001953125,-0.64453125
202.5,-2.705078125,-0.64453125
202.8,-2.685546875,-0.6103515625
203.1,-2.6953125,-0.6103515625
203.4,-2.7001953125,-0.5712890625
203.7,-2.7001953125,-0.5859375
204.0,-2.6904296875,-0.576171875
204.3,-2.7099609375,-0.5615234375
204.6,-2.7099609375,-0.5517578125
204.9,-2.7001953125,-0.4833984375
205.2,-2.6953125,-0.4638671875
205.5,-2.705078125,-0.4833984375
205.8,-2.6953125,-0.4736328125
206.1,-2.705078125,-0.4443359375
206.4,-2.6953125,-0.439453125
206.7,-2.7001953125,-0.4150390625
207.0,-2.6953125,-0.4052734375
207.3,-2.6953125,-0.4833984375
207.6,-2.7001953125,-0.5126953125
207.9,-2.705078125,-0.56640625
208.2,-2.7001953125,-0.5322265625
208.5,-2.6953125,-0.5029296875
208.8,-2.705078125,-0.537109375
209.1,-2.6953125,-0.595703125
209.4,-2.724609375,-0.498046875
209.7,-2.7001953125,-0.556640625
210.0,-2.6806640625,-0.48828125
210.3,-2.705078125,-0.4345703125
210.6,-2.7099609375,-0.439453125
210.9,-2.7099609375,-0.4296875
211.2,-2.7001953125,-0.4345703125
211.5,-2.6953125,-0.5126953125
211.8,-2.7099609375,-0.458984375
212.1,-2.7099609375,-0.3857421875
212.4,-2.6953125,-0.4931640625
212.7,-2.6904296875,-0.5712890625
213.0,-2.724609375,-0.625
213.3,-2.7099609375,-0.5859375
213.6,-2.71484375,-0.64453125
213.9,-2.7001953125,-0.60546875
214.2,-2.705078125,-0.6982421875
214.5,-2.71484375,-0.76171875
214.8,-2.7197265625,-0.7421875
215.1,-2.705078125,-0.6640625
215.4,-2.7001953125,-0.7861328125
215.7,-2.7099609375,-0.78125
216.0,-2.71484375,-0.7861328125
216.3,-2.7099609375,-0.751953125
216.6,-2.705078125,-0.6787109375
216.9,-2.6953125,-0.76171875
217.2,-2.7099609375,-0.8837890625
217.5,-2.7197265625,-0.9228515625
217.8,-2.71484375,-0.9033203125
218.1,-2.705078125,-0.8642578125
218.4,-2.705078125,-0.8447265625
218.7,-2.7197265625,-0.8984375
219.0,-2.7099609375,-0.95703125
219.3,-2.7197265625,-0.8740234375
219.6,-2.705078125,-0.849609375
219.9,-2.71484375,-0.7373046875
220.2,-2.724609375,-0.7177734375
220.5,-2.71484375,-0.6396484375
220.8,-2.71484375,-0.625
221.1,-2.7197265625,-0.693359375
221.4,-2.724609375,-0.703125
221.7,-2.7197265625,-0.7177734375
222.0,-2.7001953125,-0.712890625
222.3,-2.7197265625,-0.7080078125
222.6,-2.7294921875,-0.60546875
222.9,-2.7197265625,-0.576171875
223.2,-2.7197265625,-0.68359375
223.5,-2.7099609375,-0.6103515625
223.8,-2.7099609375,-0.654296875
224.1,-2.7392578125,-0.6982421875
224.4,-2.724609375,-0.771484375
224.7,-2.7099609375,-0.6982421875
225.0,-2.724609375,-0.634765625
225.3,-2.7294921875,-0.5029296875
225.6,-2.7197265625,-0.458984375
225.9,-2.7197265625,-0.4150390625
226.2,-2.7197265625,-0.4736328125
226.5,-2.7294921875,-0.3564453125
226.8,-2.7294921875,-0.361328125
227.1,-2.7197265625,-0.4150390625
227.4,-2.7197265625,-0.4443359375
227.7,-2.7197265625,-0.4541015625
228.0,-2.7197265625,-0.3076171875
228.3,-2.7294921875,-0.2734375
228.6,-2.724609375,-0.2978515625
228.9,-2.724609375,-0.2978515625
229.2,-2.7294921875,-0.3125
229.5,-2.7294921875,-0.33203125
229.8,-2.7294921875,-0.419921875
230.1,-2.724609375,-0.4931640625
230.4,-2.7197265625,-0.576171875
230.7,-2.7197265625,-0.5029296875
231.0,-2.7197265625,-0.361328125
231.3,-2.7294921875,-0.4345703125
231.6,-2.7197265625,-0.3857421875
231.9,-2.724609375,-0.4296875
232.2,-2.71484375,-0.4443359375
232.5,-2.724609375,-0.5712890625
232.8,-2.71484375,-0.6396484375
233.1,-2.7197265625,-0.625
233.4,-2.7197265625,-0.625
233.7,-2.7294921875,-0.634765625
234.0,-2.724609375,-0.6689453125
234.3,-2.724609375,-0.76171875
234.6,-2.724609375,-0.78125
234.9,-2.724609375,-0.810546875
235.2,-2.734375,-0.78125
235.5,-2.7294921875,-0.830078125
235.8,-2.7294921875,-0.8984375
236.1,-2.744140625,-0.751953125
236.4,-2.724609375,-0.810546875
236.7,-2.724609375,-0.9423828125
237.0,-2.734375,-0.9326171875
237.3,-2.7392578125,-1.0546875
237.6,-2.71484375,-1.025390625
237.9,-2.724609375,-0.9814453125
238.2,-2.724609375,-0.9228515625
238.5,-2.7294921875,-0.9130859375
238.8,-2.734375,-0.7568359375
239.1,-2.7294921875,-0.8544921875
239.4,-2.7392578125,-0.791015625
239.7,-2.734375,-0.615234375
240.0,-2.7392578125,-0.712890625
240.3,-2.7392578125,-0.7177734375
240.6,-2.724609375,-0.56640625
240.9,-2.7294921875,-0.595703125
241.2,-2.7294921875,-0.615234375
241.5,-2.7392578125,-0.5712890625
241.8,-2.75390625,-0.625
242.1,-2.734375,-0.7666015625
242.4,-2.7392578125,-0.9521484375
242.7,-2.734375,-0.9619140625
243.0,-2.7392578125,-0.9375
243.3,-2.7392578125,-1.005859375
243.6,-2.734375,-0.986328125
243.9,-2.744140625,-1.0205078125
244.2,-2.734375,-0.99609375
244.5,-2.734375,-0.9619140625
244.8,-2.744140625,-0.8740234375
245.1,-2.7392578125,-0.927734375
245.4,-2.724609375,-0.908203125
245.7,-2.744140625,-0.830078125
246.0,-2.744140625,-0.8203125
246.3,-2.744140625,-0.7421875
246.6,-2.744140625,-0.7421875
246.9,-2.7294921875,-0.791015625
247.2,-2.744140625,-0.6884765625
247.5,-2.7392578125,-0.5908203125
247.8,-2.744140625,-0.615234375
248.1,-2.7490234375,-0.5078125
248.4,-2.734375,-0.46875
248.7,-2.744140625,-0.5517578125
249.0,-2.7490234375,-0.5419921875
249.3,-2.744140625,-0.56640625
249.6,-2.734375,-0.693359375
249.9,-2.744140625,-0.791015625
250.2,-2.7490234375,-0.87890625
250.5,-2.7392578125,-0.83984375
250.8,-2.7490234375,-0.7275390625
251.1,-2.744140625,-0.7373046875
251.4,-2.744140625,-0.703125
251.7,-2.7587890625,-0.673828125
252.0,-2.7587890625,-0.791015625
252.3,-2.744140625,-0.7763671875
252.6,-2.7294921875,-0.8740234375
252.9,-2.744140625,-0.8642578125
253.2,-2.7490234375,-0.8837890625
253.5,-2.734375,-0.9326171875
253.8,-2.734375,-1.015625
254.1,-2.7490234375,-1.0009765625
254.4,-2.744140625,-0.95703125
254.7,-2.7392578125,-0.9228515625
255.0,-2.75390625,-0.966796875
255.3,-2.744140625,-1.005859375
255.6,-2.75390625,-0.908203125
255.9,-2.75390625,-0.8935546875
256.2,-2.75390625,-0.859375
256.5,-2.7490234375,-0.810546875
256.8,-2.7490234375,-0.859375
257.1,-2.75390625,-0.8056640625
257.4,-2.7490234375,-0.7373046875
257.7,-2.75390625,-0.625
258.0,-2.7587890625,-0.654296875
258.3,-2.75390625,-0.6787109375
258.6,-2.7490234375,-0.76171875
258.9,-2.763671875,-0.703125
259.2,-2.7587890625,-0.6298828125
259.5,-2.7490234375,-0.64453125
259.8,-2.7490234375,-0.751953125
260.1,-2.7587890625,-0.6396484375
260.4,-2.75390625,-0.6005859375
260.7,-2.744140625,-0.68359375
261.0,-2.744140625,-0.634765625
261.3,-2.7490234375,-0.615234375
261.6,-2.75390625,-0.751953125
261.9,-2.7587890625,-0.771484375
262.2,-2.7490234375,-0.80078125
262.5,-2.7490234375,-0.7666015625
262.8,-2.7490234375,-0.8154296875
263.1,-2.75390625,-0.80078125
263.4,-2.763671875,-0.8056640625
263.7,-2.7490234375,-0.703125
264.0,-2.763671875,-0.7861328125
264.3,-2.7587890625,-0.76171875
264.6,-2.744140625,-0.7958984375
264.9,-2.763671875,-0.87890625
265.2,-2.7490234375,-0.947265625
265.5,-2.7587890625,-1.1083984375
265.8,-2.7587890625,-1.0888671875
266.1,-2.7587890625,-0.9912109375
266.4,-2.7490234375,-0.99609375
266.7,-2.7587890625,-1.0107421875
267.0,-2.75390625,-1.0107421875
267.3,-2.763671875,-0.9326171875
267.6,-2.763671875,-0.947265625
267.9,-2.7587890625,-1.142578125
268.2,-2.75390625,-1.0107421875
268.5,-2.763671875,-1.1181640625
268.8,-2.7587890625,-1.201171875
269.1,-2.7685546875,-1.201171875
269.4,-2.7734375,-1.1865234375
269.7,-2.7587890625,-1.1669921875
270.0,-2.7685546875,-1.1328125
270.3,-2.7490234375,-1.1572265625
270.6,-2.763671875,-1.1767578125
270.9,-2.7734375,-1.3232421875
271.2,-2.763671875,-1.3525390625
271.5,-2.7734375,-1.3330078125
271.8,-2.7587890625,-1.1865234375
272.1,-2.763671875,-1.1376953125
272.4,-2.7734375,-1.2255859375
272.7,-2.763671875,-1.26953125
273.0,-2.7587890625,-1.1474609375
273.3,-2.763671875,-1.2060546875
273.6,-2.7783203125,-1.2060546875
273.9,-2.7685546875,-1.15234375
274.2,-2.7685546875,-1.1376953125
274.5,-2.7587890625,-1.26953125
274.8,-2.7685546875,-1.259765625
275.1,-2.7783203125,-1.3330078125
275.4,-2.7587890625,-1.2646484375
275.7,-2.763671875,-1.2890625
276.0,-2.7783203125,-1.2353515625
276.3,-2.7734375,-1.162109375
276.6,-2.7783203125,-1.259765625
276.9,-2.7685546875,-1.40625
277.2,-2.7734375,-1.4990234375
277.5,-2.7734375,-1.3720703125
277.8,-2.7587890625,-1.376953125
278.1,-2.7783203125,-1.3232421875
278.4,-2.7734375,-1.259765625
278.7,-2.7783203125,-1.3134765625
279.0,-2.7734375,-1.328125
279.3,-2.783203125,-1.3671875
279.6,-2.783203125,-1.3671875
279.9,-2.783203125,-1.328125
280.2,-2.7734375,-1.318359375
280.5,-2.763671875,-1.3720703125
280.8,-2.7685546875,-1.3134765625
281.1,-2.7734375,-1.38671875
281.4,-2.783203125,-1.4013671875
281.7,-2.7783203125,-1.4208984375
282.0,-2.7685546875,-1.357421875
282.3,-2.7685546875,-1.3232421875
282.6,-2.7783203125,-1.4501953125
282.9,-2.7734375,-1.396484375
283.2,-2.7734375,-1.416015625
283.5,-2.763671875,-1.4453125
283.8,-2.7783203125,-1.416015625
284.1,-2.7783203125,-1.3916015625
284.4,-2.7783203125,-1.4013671875
284.7,-2.7685546875,-1.484375
285.0,-2.7734375,-1.4599609375
285.3,-2.7783203125,-1.4599609375
285.6,-2.7880859375,-1.50390625
285.9,-2.7685546875,-1.5966796875
286.2,-2.783203125,-1.6064453125
286.5,-2.7734375,-1.4990234375
286.8,-2.7783203125,-1.4208984375
287.1,-2.7783203125,-1.4208984375
287.4,-2.783203125,-1.4501953125
287.7,-2.7783203125,-1.318359375
288.0,-2.7880859375,-1.162109375
288.3,-2.7880859375,-1.201171875
288.6,-2.7685546875,-1.1181640625
288.9,-2.7783203125,-1.1181640625
289.2,-2.7880859375,-1.064453125
289.5,-2.7880859375,-1.03515625
289.8,-2.7783203125,-1.07421875
290.1,-2.8076171875,-1.015625
290.4,-2.783203125,-1.0888671875
290.7,-2.7783203125,-1.0986328125
291.0,-2.7880859375,-0.99609375
291.3,-2.783203125,-0.9521484375
291.6,-2.79296875,-1.0107421875
291.9,-2.783203125,-1.0595703125
292.2,-2.7734375,-0.91796875
292.5,-2.7734375,-1.0546875
292.8,-2.7880859375,-0.986328125
293.1,-2.7880859375,-0.83984375
293.4,-2.7978515625,-0.8203125
293.7,-2.7880859375,-0.87890625
294.0,-2.7783203125,-1.015625
294.3,-2.7783203125,-0.9716796875
294.6,-2.7783203125,-0.966796875
294.9,-2.7880859375,-0.966796875
295.2,-2.7880859375,-0.8740234375
295.5,-2.7880859375,-0.888671875
295.8,-2.802734375,-0.8837890625
296.1,-2.7978515625,-0.8984375
296.4,-2.79296875,-0.9619140625
296.7,-2.7880859375,-1.015625
297.0,-2.7978515625,-0.986328125
297.3,-2.7783203125,-1.0205078125
297.6,-2.7880859375,-0.9716796875
297.9,-2.783203125,-0.966796875
298.2,-2.783203125,-0.9765625
298.5,-2.79296875,-0.8935546875
298.8,-2.7783203125,-0.7958984375
299.1,-2.7978515625,-0.810546875
299.4,-2.7783203125,-0.7958984375
299.7,-2.79296875,-0.6982421875
300.0,-2.7880859375,-0.6640625
300.3,-2.7880859375,-0.7177734375
300.6,-2.7880859375,-0.859375
300.9,-2.7978515625,-0.78125
301.2,-2.7978515625,-0.7958984375
301.5,-2.7880859375,-0.6982421875
301.8,-2.7978515625,-0.5859375
302.1,-2.79296875,-0.556640625
302.4,-2.79296875,-0.5859375
302.7,-2.79296875,-0.6689453125
303.0,-2.79296875,-0.673828125
303.3,-2.783203125,-0.6396484375
303.6,-2.79296875,-0.6201171875
303.9,-2.7978515625,-0.6640625
304.2,-2.79296875,-0.6298828125
304.5,-2.7880859375,-0.68359375
304.8,-2.79296875,-0.6494140625
305.1,-2.7880859375,-0.64453125
305.4,-2.79296875,-0.625
305.7,-2.8076171875,-0.6494140625
306.0,-2.8076171875,-0.5908203125
306.3,-2.7978515625,-0.6005859375
306.6,-2.7978515625,-0.556640625
306.9,-2.802734375,-0.615234375
307.2,-2.7978515625,-0.6103515625
307.5,-2.79296875,-0.556640625
307.8,-2.7978515625,-0.5078125
308.1,-2.79296875,-0.4296875
308.4,-2.8076171875,-0.3466796875
308.7,-2.802734375,-0.3564453125
309.0,-2.7978515625,-0.4541015625
309.3,-2.7978515625,-0.56640625
309.6,-2.7978515625,-0.556640625
309.9,-2.8125,-0.4248046875
310.2,-2.802734375,-0.361328125
310.5,-2.7978515625,-0.3125
310.8,-2.7978515625,-0.3125
311.1,-2.802734375,-0.2783203125
311.4,-2.7978515625,-0.2978515625
311.7,-2.7978515625,-0.2978515625
312.0,-2.802734375,-0.3955078125
312.3,-2.7978515625,-0.3466796875
312.6,-2.802734375,-0.3369140625
312.9,-2.802734375,-0.3076171875
313.2,-2.8076171875,-0.439453125
313.5,-2.8076171875,-0.4541015625
313.8,-2.8125,-0.41015625
314.1,-2.802734375,-0.3515625
314.4,-2.8125,-0.322265625
314.7,-2.8076171875,-0.3076171875
315.0,-2.8173828125,-0.302734375
315.3,-2.802734375,-0.2587890625
315.6,-2.802734375,-0.3271484375
315.9,-2.8076171875,-0.37109375
316.2,-2.802734375,-0.439453125
316.5,-2.8125,-0.439453125
316.8,-2.802734375,-0.4345703125
317.1,-2.802734375,-0.478515625
317.4,-2.7978515625,-0.4931640625
317.7,-2.8173828125,-0.556640625
318.0,-2.8173828125,-0.4736328125
318.3,-2.8076171875,-0.41015625
318.6,-2.802734375,-0.439453125
318.9,-2.8125,-0.4736328125
319.2,-2.8125,-0.5322265625
319.5,-2.8125,-0.4736328125
319.8,-2.8125,-0.5126953125
320.1,-2.8125,-0.48828125
320.4,-2.8125,-0.41015625
320.7,-2.8076171875,-0.3759765625
321.0,-2.802734375,-0.3466796875
321.3,-2.802734375,-0.3564453125
321.6,-2.8076171875,-0.439453125
321.9,-2.8173828125,-0.302734375
322.2,-2.8125,-0.4150390625
322.5,-2.8173828125,-0.4345703125
322.8,-2.8125,-0.400390625
323.1,-2.8173828125,-0.3759765625
323.4,-2.822265625,-0.3271484375
323.7,-2.8125,-0.3369140625
324.0,-2.8125,-0.302734375
324.3,-2.8173828125,-0.3369140625
324.6,-2.8271484375,-0.4248046875
324.9,-2.8125,-0.458984375
325.2,-2.802734375,-0.5224609375
325.5,-2.8173828125,-0.6005859375
325.8,-2.822265625,-0.6591796875
326.1,-2.8173828125,-0.64453125
326.4,-2.8125,-0.5126953125
326.7,-2.8076171875,-0.4052734375
327.0,-2.8173828125,-0.4248046875
327.3,-2.8173828125,-0.33203125
327.6,-2.802734375,-0.361328125
327.9,-2.8271484375,-0.3466796875
328.2,-2.8271484375,-0.41015625
328.5,-2.8173828125,-0.361328125
328.8,-2.8173828125,-0.4443359375
329.1,-2.8173828125,-0.4833984375
329.4,-2.822265625,-0.458984375
329.7,-2.822265625,-0.595703125
330.0,-2.822265625,-0.7568359375
330.3,-2.8125,-0.8203125
330.6,-2.8173828125,-0.9375
330.9,-2.8271484375,-1.0205078125
331.2,-2.83203125,-1.0009765625
331.5,-2.83203125,-0.99609375
331.8,-2.8076171875,-0.9521484375
332.1,-2.822265625,-0.9375
332.4,-2.8173828125,-0.8935546875
332.7,-2.822265625,-0.87890625
333.0,-2.822265625,-0.8642578125
333.3,-2.8125,-0.8154296875
333.6,-2.8173828125,-0.76171875
333.9,-2.8369140625,-0.703125
334.2,-2.822265625,-0.576171875
334.5,-2.8125,-0.595703125
334.8,-2.8125,-0.712890625
335.1,-2.8271484375,-0.76171875
335.4,-2.8271484375,-0.8740234375
335.7,-2.8369140625,-0.95703125
336.0,-2.8271484375,-0.9521484375
336.3,-2.8271484375,-0.9814453125
336.6,-2.822265625,-0.9521484375
336.9,-2.8271484375,-0.927734375
337.2,-2.8173828125,-0.87890625
337.5,-2.822265625,-0.8642578125
337.8,-2.83203125,-0.9033203125
338.1,-2.83203125,-0.8349609375
338.4,-2.8271484375,-0.859375
338.7,-2.83203125,-0.8740234375
339.0,-2.822265625,-0.869140625
339.3,-2.8369140625,-0.8544921875
339.6,-2.822265625,-0.908203125
339.9,-2.83203125,-0.91796875
340.2,-2.8173828125,-0.9521484375
340.5,-2.8173828125,-1.0205078125
340.8,-2.8369140625,-1.03515625
341.1,-2.8271484375,-0.986328125
341.4,-2.83203125,-0.9912109375
341.7,-2.8369140625,-0.99609375
342.0,-2.822265625,-0.9375
342.3,-2.822265625,-0.9619140625
342.6,-2.822265625,-0.8740234375
342.9,-2.8125,-0.830078125
343.2,-2.8369140625,-0.8154296875
343.5,-2.83203125,-0.8349609375
343.8,-2.8271484375,-0.849609375
344.1,-2.83203125,-0.8740234375
344.4,-2.83203125,-0.7421875
344.7,-2.83203125,-0.703125
345.0,-2.83203125,-0.7861328125
345.3,-2.822265625,-0.6494140625
345.6,-2.83203125,-0.693359375
345.9,-2.83203125,-0.673828125
346.2,-2.8125,-0.6640625
346.5,-2.8369140625,-0.6884765625
346.8,-2.8369140625,-0.771484375
347.1,-2.8466796875,-0.8447265625
347.4,-2.8369140625,-0.8984375
347.7,-2.8369140625,-0.947265625
348.0,-2.83203125,-0.8984375
348.3,-2.83203125,-0.9619140625
348.6,-2.8466796875,-0.9912109375
348.9,-2.8466796875,-0.8740234375
349.2,-2.8369140625,-0.8984375
349.5,-2.841796875,-0.908203125
349.8,-2.8515625,-0.8349609375
350.1,-2.841796875,-0.78125
350.4,-2.8369140625,-0.703125
350.7,-2.8173828125,-0.6591796875
351.0,-2.8369140625,-0.6591796875
351.3,-2.83203125,-0.68359375
351.6,-2.8369140625,-0.654296875
351.9,-2.841796875,-0.6787109375
352.2,-2.83203125,-0.7763671875
352.5,-2.83203125,-0.791015625
352.8,-2.8369140625,-0.76171875
353.1,-2.8466796875,-0.7275390625
353.4,-2.841796875,-0.8203125
353.7,-2.822265625,-0.7958984375
354.0,-2.8369140625,-0.72265625
354.3,-2.8125,-0.712890625
354.6,-2.83203125,-0.6982421875
354.9,-2.841796875,-0.8251953125
355.2,-2.841796875,-0.8447265625
355.5,-2.8369140625,-0.888671875
355.8,-2.8369140625,-0.9619140625
356.1,-2.841796875,-1.0205078125
356.4,-2.8466796875,-0.9130859375
356.7,-2.8515625,-0.869140625
357.0,-2.8515625,-0.7470703125
357.3,-2.8564453125,-0.72265625
357.6,-2.83203125,-0.7666015625
357.9,-2.8515625,-0.751953125
358.2,-2.8515625,-0.673828125
358.5,-2.841796875,-0.6689453125
358.8,-2.8466796875,-0.703125
359.1,-2.8369140625,-0.7568359375
359.4,-2.841796875,-0.751953125
359.7,-2.8515625,-0.7080078125
360.0,-2.841796875,-0.7568359375
360.3,-2.8466796875,-0.6982421875
360.6,-2.841796875,-0.64453125
360.9,-2.8564453125,-0.7275390625
361.2,-2.841796875,-0.76171875
361.5,-2.8564453125,-0.80078125
361.8,-2.8466796875,-0.693359375
362.1,-2.8515625,-0.6005859375
362.4,-2.8515625,-0.64453125
362.7,-2.8515625,-0.673828125
363.0,-2.8515625,-0.68359375
363.3,-2.8466796875,-0.6787109375
363.6,-2.8515625,-0.6201171875
363.9,-2.8515625,-0.5908203125
364.2,-2.8564453125,-0.5810546875
364.5,-2.8564453125,-0.546875
364.8,-2.8515625,-0.654296875
365.1,-2.8466796875,-0.7275390625
365.4,-2.8515625,-0.6787109375
365.7,-2.8564453125,-0.498046875
366.0,-2.8515625,-0.595703125
366.3,-2.8466796875,-0.703125
366.6,-2.8466796875,-0.8056640625
366.9,-2.8564453125,-0.8251953125
367.2,-2.841796875,-0.859375
367.5,-2.8564453125,-0.830078125
367.8,-2.8369140625,-0.830078125
368.1,-2.8759765625,-0.7861328125
368.4,-2.8564453125,-0.8056640625
368.7,-2.861328125,-0.849609375
369.0,-2.861328125,-0.8984375
369.3,-2.861328125,-0.8740234375
369.6,-2.8759765625,-0.8642578125
369.9,-2.8515625,-0.8447265625
370.2,-2.8515625,-0.8154296875
370.5,-2.8564453125,-0.9033203125
370.8,-2.861328125,-0.8740234375
371.1,-2.861328125,-0.91796875
371.4,-2.8564453125,-0.9375
371.7,-2.861328125,-0.8935546875
372.0,-2.8515625,-0.8935546875
372.3,-2.861328125,-0.830078125
372.6,-2.8759765625,-0.76171875
372.9,-2.8759765625,-0.7763671875
373.2,-2.314453125,-2.001953125
373.5,-2.3193359375,-2.177734375
373.8,-2.3193359375,-2.1337890625
374.1,-2.32421875,-2.01171875
374.4,-2.3193359375,-2.05078125
374.7,-2.3193359375,-2.01171875
375.0,-2.314453125,-1.9677734375
375.3,-2.3193359375,-1.8896484375
375.6,-2.3046875,-1.904296875
375.9,-2.3095703125,-1.8115234375
376.2,-2.3193359375,-1.7822265625
376.5,-2.3291015625,-1.77734375
376.8,-2.32421875,-1.71875
377.1,-2.3291015625,-1.6748046875
377.4,-2.3095703125,-1.6796875
377.7,-2.3291015625,-1.708984375
378.0,-2.333984375,-1.6455078125
