0.0,-10.048828125,-0.15625
0.3,-10.0537109375,-0.0634765625
0.6,-10.05859375,-0.6884765625
0.9,-10.0537109375,-0.8642578125
1.2,-10.0537109375,-0.9130859375
1.5,-10.0537109375,-1.1181640625
1.8,-10.0537109375,-1.09375
2.1,-10.0537109375,-1.1962890625
2.4,-10.0537109375,-1.5478515625
2.7,-10.0537109375,-2.1435546875
3.0,-10.0634765625,-2.0166015625
3.3,-10.048828125,-1.5869140625
3.6,-10.048828125,-1.58203125
3.9,-10.0537109375,-1.6796875
4.2,-10.0634765625,-2.2705078125
4.5,-10.0537109375,-2.34375
4.8,-10.05859375,-2.36328125
5.1,-10.0537109375,-1.962890625
5.4,-10.0537109375,-1.97265625
5.7,-10.0537109375,-1.8408203125
6.0,-10.05859375,-2.001953125
6.3,-10.05859375,-2.197265625
6.6,-10.048828125,-2.041015625
6.9,-10.048828125,-2.080078125
7.2,-10.0537109375,-1.5087890625
7.5,-10.048828125,-1.7431640625
7.8,-10.0439453125,-1.66015625
8.1,-10.05859375,-1.34765625
8.4,-10.05859375,-0.78125
8.7,-10.0537109375,-0.76171875
9.0,-10.0439453125,-0.6103515625
9.3,-10.0537109375,-0.8642578125
9.6,-10.048828125,-1.1376953125
9.9,-10.0537109375,-1.2841796875
10.2,-10.0537109375,-0.751953125
10.5,-10.048828125,-1.416015625
10.8,-10.0537109375,-1.875
11.1,-10.05859375,-2.099609375
11.4,-10.0537109375,-1.9140625
11.7,-10.048828125,-1.455078125
12.0,-10.05859375,-1.46484375
12.3,-10.0537109375,-2.03125
12.6,-10.0537109375,-1.7529296875
12.9,-10.05859375,-2.1240234375
13.2,-10.0439453125,-2.4072265625
13.5,-10.0537109375,-2.197265625
13.8,-10.0537109375,-1.865234375
14.1,-10.0537109375,-2.2412109375
14.4,-10.05859375,-2.3876953125
14.7,-10.05859375,-2.5732421875
15.0,-10.05859375,-2.626953125
15.3,-10.048828125,-2.1923828125
15.6,-10.0634765625,-2.392578125
15.9,-10.048828125,-2.5439453125
16.2,-10.0537109375,-2.568359375
16.5,-10.048828125,-2.2998046875
16.8,-10.0537109375,-2.6220703125
17.1,-10.0537109375,-2.63671875
17.4,-10.048828125,-2.900390625
17.7,-10.0537109375,-2.6708984375
18.0,-10.0634765625,-2.6220703125
18.3,-10.0634765625,-2.5830078125
18.6,-10.05859375,-2.2216796875
18.9,-10.0537109375,-2.08984375
19.2,-10.0634765625,-2.0556640625
19.5,-10.0537109375,-2.177734375
19.8,-10.0537109375,-2.177734375
20.1,-10.048828125,-1.9775390625
20.4,-10.048828125,-2.1044921875
20.7,-10.048828125,-1.8603515625
21.0,-10.0634765625,-1.9287109375
21.3,-10.0537109375,-2.1630859375
21.6,-10.0537109375,-2.48046875
21.9,-10.0537109375,-2.5537109375
22.2,-10.0439453125,-1.8994140625
22.5,-10.0537109375,-1.3623046875
22.8,-10.0537109375,-1.30859375
23.1,-10.05859375,-1.8212890625
23.4,-10.0439453125,-2.041015625
23.7,-10.048828125,-2.2509765625
24.0,-10.0537109375,-2.5732421875
24.3,-10.0439453125,-2.6513671875
24.6,-10.0537109375,-2.1142578125
24.9,-10.048828125,-1.806640625
25.2,-10.048828125,-1.826171875
25.5,-10.048828125,-1.484375
25.8,-10.048828125,-0.87890625
26.1,-10.0439453125,-0.751953125
26.4,-10.0537109375,-0.8837890625
26.7,-10.048828125,-0.8203125
27.0,-10.05859375,-1.2451171875
27.3,-10.0537109375,-1.2548828125
27.6,-10.0537109375,-1.259765625
27.9,-10.048828125,-1.2646484375
28.2,-10.048828125,-0.908203125
28.5,-10.0537109375,-1.025390625
28.8,-10.048828125,-0.9130859375
29.1,-10.0537109375,-0.78125
29.4,-10.0537109375,-0.8642578125
29.7,-10.0537109375,-0.9814453125
30.0,-10.048828125,-1.2646484375
30.3,-10.05859375,-1.5576171875
30.6,-10.048828125,-1.2890625
30.9,-10.05859375,-1.4208984375
31.2,-10.05859375,-1.5673828125
31.5,-10.0537109375,-2.0703125
31.8,-10.0537109375,-2.12890625
32.1,-10.0537109375,-1.796875
32.4,-10.0537109375,-1.7431640625
32.7,-10.0634765625,-1.8017578125
33.0,-10.0537109375,-1.6357421875
33.3,-10.0537109375,-1.4697265625
33.6,-10.048828125,-1.0595703125
33.9,-10.048828125,-1.34765625
34.2,-10.05859375,-1.064453125
34.5,-10.0537109375,-0.9912109375
34.8,-10.048828125,-1.0791015625
35.1,-10.048828125,-1.2060546875
35.4,-10.05859375,-1.19140625
35.7,-10.048828125,-0.8642578125
36.0,-10.0537109375,-0.8935546875
36.3,-10.0537109375,-0.99609375
36.6,-10.048828125,-1.09375
36.9,-10.0634765625,-0.95703125
37.2,-10.048828125,-0.908203125
37.5,-10.0537109375,-1.0302734375
37.8,-10.0390625,-1.11328125
38.1,-10.048828125,-1.2255859375
38.4,-10.0537109375,-1.328125
38.7,-10.048828125,-1.6015625
39.0,-10.0537109375,-1.5380859375
39.3,-10.0537109375,-1.4892578125
39.6,-10.0537109375,-1.54296875
39.9,-10.0439453125,-1.337890625
40.2,-10.048828125,-1.26953125
40.5,-10.0537109375,-1.142578125
40.8,-10.0537109375,-1.2841796875
41.1,-10.0537109375,-1.6796875
41.4,-10.048828125,-1.97265625
41.7,-10.05859375,-2.1044921875
42.0,-10.0537109375,-2.2314453125
42.3,-10.048828125,-1.923828125
42.6,-10.0537109375,-2.0166015625
42.9,-10.0537109375,-1.884765625
43.2,-10.048828125,-2.0654296875
43.5,-10.048828125,-1.982421875
43.8,-10.048828125,-1.25
44.1,-10.0439453125,-1.6162109375
44.4,-10.048828125,-1.123046875
44.7,-10.0537109375,-1.0400390625
45.0,-10.048828125,-0.8837890625
45.3,-10.048828125,-1.396484375
45.6,-10.0537109375,-1.5869140625
45.9,-10.0439453125,-1.54296875
46.2,-10.0537109375,-1.455078125
46.5,-10.0537109375,-1.7333984375
46.8,-10.048828125,-1.796875
47.1,-10.05859375,-1.2939453125
47.4,-10.05859375,-0.6298828125
47.7,-10.0439453125,-0.60546875
48.0,-10.0634765625,-0.9765625
48.3,-7.2998046875,-1.1865234375
48.6,-7.2998046875,-1.6748046875
48.9,-7.3046875,-1.220703125
49.2,-7.2998046875,-1.376953125
49.5,-7.3046875,-1.5283203125
49.8,-7.294921875,-1.5966796875
50.1,-7.3193359375,-1.7822265625
50.4,-7.294921875,-1.8115234375
50.7,-7.3095703125,-1.4794921875
51.0,-7.314453125,-1.66015625
51.3,-7.3095703125,-1.73828125
51.6,-7.314453125,-1.3134765625
51.9,-7.314453125,-1.318359375
52.2,-7.3095703125,-1.3623046875
52.5,-7.314453125,-1.8310546875
52.8,-7.3193359375,-1.1328125
53.1,-7.3046875,-0.947265625
53.4,-7.3291015625,-0.9033203125
53.7,-7.32421875,-0.95703125
54.0,-7.32421875,-1.005859375
54.3,-7.333984375,-1.2646484375
54.6,-7.314453125,-1.8310546875
54.9,-7.3291015625,-1.6796875
55.2,-7.3291015625,-1.494140625
55.5,-7.333984375,-1.6357421875
55.8,-7.34375,-1.5283203125
56.1,-7.3291015625,-1.9580078125
56.4,-7.3291015625,-1.8798828125
56.7,-7.3291015625,-1.5869140625
57.0,-7.333984375,-1.1767578125
57.3,-7.3388671875,-1.50390625
57.6,-7.32421875,-1.6796875
57.9,-7.3486328125,-1.787109375
58.2,-7.34375,-1.845703125
58.5,-7.34375,-1.4599609375
58.8,-7.3388671875,-1.435546875
59.1,-7.3486328125,-1.416015625
59.4,-7.34375,-1.8359375
59.7,-7.36328125,-1.69921875
60.0,-7.3486328125,-1.4794921875
60.3,-7.353515625,-1.767578125
60.6,-7.3388671875,-1.5869140625
60.9,-7.353515625,-1.8994140625
61.2,-7.3486328125,-1.572265625
61.5,-7.353515625,-1.4404296875
61.8,-7.353515625,-0.9423828125
62.1,-7.3583984375,-0.966796875
62.4,-7.34375,-0.87890625
62.7,-7.36328125,-0.7421875
63.0,-7.3583984375,-0.185546875
63.3,-7.353515625,-0.419921875
63.6,-7.3583984375,-0.5029296875
63.9,-7.36328125,-0.830078125
64.2,-7.3583984375,-1.064453125
64.5,-7.3681640625,-1.435546875
64.8,-7.3583984375,-1.2646484375
65.1,-7.373046875,-0.8056640625
65.4,-7.373046875,-0.60546875
65.7,-7.373046875,-0.595703125
66.0,-7.373046875,-0.8544921875
66.3,-7.3779296875,-0.83984375
66.6,-7.373046875,-0.7763671875
66.9,-7.373046875,-0.5029296875
67.2,-7.373046875,-0.8349609375
67.5,-7.3876953125,-0.8056640625
67.8,-7.3876953125,-0.9912109375
68.1,-7.3828125,-0.908203125
68.4,-7.3828125,-1.9091796875
68.7,-7.3876953125,-1.943359375
69.0,-7.392578125,-2.40234375
69.3,-7.3828125,-1.9140625
69.6,-7.392578125,-1.93359375
69.9,-7.3974609375,-1.826171875
70.2,-7.392578125,-1.923828125
70.5,-7.392578125,-1.9189453125
70.8,-7.40234375,-1.8994140625
71.1,-7.3974609375,-2.1044921875
71.4,-7.40234375,-2.2998046875
71.7,-7.40234375,-2.3583984375
72.0,-7.392578125,-2.5341796875
72.3,-7.40234375,-2.34375
72.6,-7.412109375,-2.79296875
72.9,-7.412109375,-2.734375
73.2,-7.412109375,-2.8125
73.5,-7.412109375,-2.0361328125
73.8,-7.3974609375,-1.66015625
74.1,-7.4072265625,-1.923828125
74.4,-7.40234375,-1.4404296875
74.7,-7.4169921875,-1.2744140625
75.0,-7.412109375,-1.25
75.3,-7.4169921875,-1.40625
75.6,-7.421875,-1.8017578125
75.9,-7.412109375,-1.5966796875
76.2,-7.412109375,-1.279296875
76.5,-7.421875,-1.1669921875
76.8,-7.4267578125,-1.7236328125
77.1,-7.4267578125,-1.708984375
77.4,-7.421875,-1.630859375
77.7,-7.431640625,-1.6845703125
78.0,-7.412109375,-1.376953125
78.3,-7.4365234375,-1.6845703125
78.6,-7.4267578125,-1.7578125
78.9,-7.109375,-1.5966796875
79.2,-7.1142578125,-1.435546875
79.5,-7.109375,-1.9873046875
79.8,-7.109375,-1.89453125
80.1,-7.1142578125,-2.138671875
80.4,-7.109375,-2.0947265625
80.7,-7.12890625,-2.0166015625
81.0,-7.1142578125,-2.1044921875
81.3,-7.109375,-1.9921875
81.6,-7.1240234375,-1.9091796875
81.9,-7.109375,-1.513671875
82.2,-7.1142578125,-1.7431640625
82.5,-7.1240234375,-1.484375
82.8,-7.1337890625,-1.4990234375
83.1,-7.119140625,-1.6064453125
83.4,-7.1240234375,-1.3525390625
83.7,-7.138671875,-0.9716796875
84.0,-7.138671875,-1.025390625
84.3,-7.1337890625,-0.908203125
84.6,-7.1484375,-0.791015625
84.9,-7.1240234375,-0.7080078125
85.2,-7.1337890625,-0.7470703125
85.5,-7.138671875,-0.712890625
85.8,-7.138671875,-0.99609375
86.1,-7.1337890625,-1.40625
86.4,-7.12890625,-1.6259765625
86.7,-7.158203125,-1.6455078125
87.0,-7.1435546875,-1.376953125
87.3,-7.1435546875,-1.5966796875
87.6,-7.138671875,-1.3037109375
87.9,-7.1484375,-0.8642578125
88.2,-7.158203125,-0.7666015625
88.5,-7.1484375,-1.0302734375
88.8,-7.1484375,-1.38671875
89.1,-7.1484375,-1.2548828125
89.4,-7.1533203125,-1.171875
89.7,-7.1484375,-1.3232421875
90.0,-7.1533203125,-1.1376953125
90.3,-7.1533203125,-1.9140625
90.6,-7.158203125,-2.0703125
90.9,-7.16796875,-2.158203125
91.2,-7.1533203125,-2.3291015625
91.5,-7.1630859375,-2.5537109375
91.8,-7.1630859375,-2.2412109375
92.1,-7.1630859375,-2.2021484375
92.4,-7.158203125,-2.138671875
92.7,-7.16796875,-1.66015625
93.0,-7.16796875,-1.8212890625
93.3,-7.158203125,-1.6064453125
93.6,-7.177734375,-1.4453125
93.9,-7.177734375,-1.26953125
94.2,-7.1630859375,-1.1962890625
94.5,-7.1728515625,-1.4892578125
94.8,-7.177734375,-1.1083984375
95.1,-7.177734375,-0.927734375
95.4,-7.177734375,-0.7666015625
95.7,-7.1826171875,-1.1572265625
96.0,-7.177734375,-0.78125
96.3,-7.1826171875,-0.1318359375
96.6,-7.1728515625,0.1025390625
96.9,-7.1875,0.126953125
97.2,-7.1923828125,0.2783203125
97.5,-7.1875,0.0
97.8,-7.1728515625,-0.01953125
98.1,-7.1923828125,-0.234375
98.4,-7.1875,-0.1171875
98.7,-7.1923828125,-0.1904296875
99.0,-7.20703125,-0.6494140625
99.3,-7.2021484375,-1.0888671875
99.6,-7.1923828125,-1.2646484375
99.9,-7.2021484375,-0.9619140625
100.2,-7.2119140625,-1.220703125
100.5,-7.20703125,-1.2890625
100.8,-7.197265625,-1.5771484375
101.1,-7.2021484375,-1.3427734375
101.4,-7.20703125,-1.5576171875
101.7,-7.2021484375,-1.58203125
102.0,-7.2119140625,-1.8701171875
102.3,-7.216796875,-1.943359375
102.6,-7.20703125,-1.97265625
102.9,-7.216796875,-1.71875
103.2,-7.20703125,-1.5478515625
103.5,-7.2265625,-1.7724609375
103.8,-7.216796875,-1.513671875
104.1,-7.216796875,-1.3134765625
104.4,-7.2119140625,-0.751953125
104.7,-7.2265625,-0.703125
105.0,-7.216796875,-1.0302734375
105.3,-7.2216796875,-0.9326171875
105.6,-7.2265625,-0.8447265625
105.9,-7.2265625,-0.8056640625
106.2,-7.2265625,-0.6689453125
106.5,-7.2119140625,-0.44921875
106.8,-7.2265625,-0.732421875
107.1,-7.2314453125,-0.927734375
107.4,-7.2314453125,-0.9033203125
107.7,-7.2216796875,-0.888671875
108.0,-7.2412109375,-1.2939453125
108.3,-7.255859375,-1.4501953125
108.6,-7.2412109375,-1.69921875
108.9,-7.2314453125,-1.865234375
109.2,-7.2412109375,-1.6748046875
109.5,-7.2412109375,-1.1865234375
109.8,-7.24609375,-0.8984375
110.1,-7.2412109375,-1.11328125
110.4,-7.24609375,-1.025390625
110.7,-7.24609375,-1.2158203125
111.0,-7.2509765625,-1.171875
111.3,-7.2509765625,-1.298828125
111.6,-7.255859375,-1.240234375
111.9,-7.2509765625,-1.54296875
112.2,-7.2509765625,-1.5771484375
112.5,-7.255859375,-1.376953125
112.8,-7.2509765625,-0.9619140625
113.1,-7.265625,-0.6591796875
113.4,-7.2607421875,-0.52734375
113.7,-7.2607421875,-0.810546875
114.0,-7.265625,-1.3525390625
114.3,-7.265625,-1.54296875
114.6,-7.2509765625,-1.7138671875
114.9,-7.2607421875,-1.669921875
115.2,-7.2705078125,-2.1044921875
115.5,-7.2607421875,-1.8896484375
115.8,-7.275390625,-1.796875
116.1,-7.2705078125,-1.728515625
116.4,-7.2705078125,-1.4697265625
116.7,-7.275390625,-1.3427734375
117.0,-7.275390625,-1.8408203125
117.3,-7.2705078125,-1.77734375
117.6,-7.275390625,-1.4990234375
117.9,-7.275390625,-1.1181640625
118.2,-7.28515625,-1.259765625
118.5,-7.2802734375,-1.083984375
118.8,-7.294921875,-0.8642578125
119.1,-7.28515625,-0.91796875
119.4,-7.294921875,-0.7177734375
119.7,-7.2802734375,-0.6201171875
120.0,-7.294921875,-0.634765625
120.3,-7.294921875,-0.7470703125
120.6,-7.28515625,-1.015625
120.9,-7.28515625,-1.2109375
121.2,-7.28515625,-1.044921875
121.5,-7.2900390625,-1.2548828125
121.8,-7.2900390625,-1.3330078125
122.1,-7.2998046875,-1.650390625
122.4,-7.2900390625,-1.376953125
122.7,-7.2998046875,-1.4404296875
123.0,-7.3046875,-1.5869140625
123.3,-7.2998046875,-1.1572265625
123.6,-7.3046875,-0.7568359375
123.9,-7.3046875,-0.64453125
124.2,-7.3095703125,-0.9716796875
124.5,-7.294921875,-1.474609375
124.8,-7.3095703125,-1.3916015625
125.1,-7.3046875,-1.3818359375
125.4,-7.314453125,-1.23046875
125.7,-7.3046875,-1.8603515625
126.0,-7.32421875,-1.7041015625
126.3,-7.3193359375,-1.455078125
126.6,-7.32421875,-0.87890625
126.9,-7.2998046875,-0.6689453125
127.2,-7.3193359375,-0.5810546875
127.5,-7.3193359375,-0.9521484375
127.8,-7.314453125,-1.025390625
128.1,-7.32421875,-1.123046875
128.4,-7.3193359375,-0.947265625
128.7,-7.3291015625,-1.318359375
129.0,-7.333984375,-1.54296875
129.3,-7.3388671875,-2.01171875
129.6,-7.333984375,-2.470703125
129.9,-7.32421875,-2.1728515625
130.2,-7.3291015625,-1.7919921875
130.5,-7.3291015625,-1.40625
130.8,-7.3388671875,-1.0205078125
131.1,-7.3388671875,-1.34765625
131.4,-7.333984375,-1.5869140625
131.7,-7.3486328125,-1.3232421875
132.0,-7.3388671875,-1.435546875
132.3,-7.34375,-1.4990234375
132.6,-7.34375,-1.5673828125
132.9,-7.3486328125,-1.3525390625
133.2,-7.333984375,-1.09375
133.5,-7.34375,-1.23046875
133.8,-7.3486328125,-1.3818359375
134.1,-7.34375,-1.240234375
134.4,-7.34375,-1.0302734375
134.7,-7.3583984375,-1.0009765625
135.0,-7.34375,-1.03515625
135.3,-7.3583984375,-0.830078125
135.6,-7.373046875,-0.966796875
135.9,-7.353515625,-1.2451171875
136.2,-7.353515625,-1.533203125
136.5,-7.3486328125,-1.50390625
136.8,-7.34375,-1.7919921875
137.1,-7.353515625,-1.73828125
137.4,-7.3583984375,-1.2353515625
137.7,-7.3681640625,-0.95703125
138.0,-7.36328125,-1.0693359375
138.3,-7.3583984375,-0.95703125
138.6,-7.3681640625,-1.005859375
138.9,-7.3681640625,-1.3134765625
139.2,-7.3779296875,-2.119140625
139.5,-7.3681640625,-2.0263671875
139.8,-7.3779296875,-1.97265625
140.1,-7.373046875,-1.5673828125
140.4,-7.3779296875,-1.376953125
140.7,-7.373046875,-1.66015625
141.0,-7.3681640625,-1.5771484375
141.3,-7.3681640625,-1.474609375
141.6,-7.3828125,-0.6884765625
141.9,-7.3876953125,-0.791015625
142.2,-7.3876953125,-1.0791015625
142.5,-7.3974609375,-1.533203125
142.8,-7.3876953125,-1.4208984375
143.1,-7.3876953125,-0.80078125
143.4,-7.3876953125,-0.6298828125
143.7,-7.3828125,-0.5224609375
144.0,-7.3974609375,-0.400390625
144.3,-7.3974609375,-0.9033203125
144.6,-7.3876953125,-1.259765625
144.9,-7.3876953125,-1.1669921875
145.2,-7.3974609375,-1.4794921875
145.5,-7.40234375,-1.630859375
145.8,-7.3974609375,-1.591796875
146.1,-7.4072265625,-1.4501953125
146.4,-7.40234375,-1.005859375
146.7,-7.4169921875,-1.15234375
147.0,-7.4072265625,-1.162109375
147.3,-7.40234375,-1.5576171875
147.6,-7.4072265625,-1.7236328125
147.9,-7.4169921875,-1.6162109375
148.2,-7.4072265625,-1.416015625
148.5,-7.4169921875,-1.0986328125
148.8,-7.4072265625,-1.0888671875
149.1,-7.421875,-0.703125
149.4,-7.4169921875,-0.4296875
149.7,-7.4169921875,-0.7861328125
150.0,-7.4072265625,-0.7421875
150.3,-7.431640625,-0.908203125
150.6,-7.421875,-0.849609375
150.9,-7.4267578125,-0.625
151.2,-7.421875,-0.6103515625
151.5,-7.421875,-0.4443359375
151.8,-7.4169921875,-0.2587890625
152.1,-7.431640625,-0.5810546875
152.4,-7.1044921875,-0.8544921875
152.7,-7.1044921875,-1.1181640625
153.0,-7.109375,-1.2158203125
153.3,-7.1142578125,-0.927734375
153.6,-7.1044921875,-1.044921875
153.9,-7.1240234375,-1.40625
154.2,-7.119140625,-1.26953125
154.5,-7.1142578125,-1.591796875
154.8,-7.1240234375,-1.4404296875
155.1,-7.1142578125,-1.4306640625
155.4,-7.12890625,-1.2939453125
155.7,-7.1142578125,-1.376953125
156.0,-7.1240234375,-1.4892578125
156.3,-7.1240234375,-1.1279296875
156.6,-7.1240234375,-1.4990234375
156.9,-7.12890625,-1.513671875
157.2,-7.119140625,-1.8896484375
157.5,-7.1435546875,-1.8408203125
157.8,-7.1337890625,-1.54296875
158.1,-7.1337890625,-1.4697265625
158.4,-7.1337890625,-0.9619140625
158.7,-7.12890625,-0.673828125
159.0,-7.1435546875,-0.5859375
159.3,-7.138671875,-0.673828125
159.6,-7.1484375,-0.7958984375
159.9,-7.1435546875,-1.0888671875
160.2,-7.1435546875,-0.7568359375
160.5,-7.1484375,-0.7568359375
160.8,-7.1337890625,-0.6103515625
161.1,-7.1533203125,-0.625
161.4,-7.12890625,-0.5712890625
161.7,-7.1533203125,-0.6591796875
162.0,-7.138671875,-1.0693359375
162.3,-7.1484375,-1.1181640625
162.6,-7.158203125,-1.4501953125
162.9,-7.1533203125,-0.64453125
163.2,-7.1435546875,-0.4296875
163.5,-7.1630859375,0.37109375
163.8,-7.158203125,0.3662109375
164.1,-7.1533203125,0.0634765625
164.4,-7.158203125,-0.0927734375
164.7,-7.1728515625,-0.302734375
165.0,-7.1630859375,-0.4443359375
165.3,-7.158203125,-1.064453125
165.6,-7.1533203125,-1.2353515625
165.9,-7.158203125,-1.3037109375
166.2,-7.1630859375,-1.6357421875
166.5,-7.158203125,-1.4111328125
166.8,-7.177734375,-1.1962890625
167.1,-7.16796875,-1.103515625
167.4,-7.1728515625,-0.56640625
167.7,-7.1826171875,-0.3125
168.0,-7.1826171875,-0.087890625
168.3,-7.177734375,-0.791015625
168.6,-7.16796875,-1.025390625
168.9,-7.1728515625,-0.9326171875
169.2,-7.1923828125,-0.5078125
169.5,-7.1826171875,-0.2587890625
169.8,-7.1826171875,-0.2685546875
170.1,-7.1826171875,-0.3515625
170.4,-7.1875,-0.986328125
170.7,-7.1875,-1.240234375
171.0,-7.1875,-1.337890625
171.3,-7.1923828125,-1.4208984375
171.6,-7.1875,-1.494140625
171.9,-7.1923828125,-1.7529296875
172.2,-7.197265625,-1.962890625
172.5,-7.197265625,-2.0654296875
172.8,-7.197265625,-1.9287109375
173.1,-7.20703125,-2.109375
173.4,-7.1923828125,-1.962890625
173.7,-7.1923828125,-2.2900390625
174.0,-7.1923828125,-1.9384765625
174.3,-7.197265625,-2.3193359375
174.6,-7.1875,-2.158203125
174.9,-7.20703125,-1.9970703125
175.2,-7.20703125,-1.630859375
175.5,-7.2021484375,-2.1875
175.8,-7.2119140625,-1.7431640625
176.1,-7.2021484375,-1.4453125
176.4,-7.216796875,-1.923828125
176.7,-7.20703125,-1.6259765625
177.0,-7.2119140625,-1.806640625
177.3,-7.216796875,-1.9677734375
177.6,-7.2119140625,-1.62109375
177.9,-7.2119140625,-1.7626953125
178.2,-7.216796875,-2.060546875
178.5,-7.216796875,-1.5771484375
178.8,-7.2216796875,-1.5478515625
179.1,-7.2265625,-1.6845703125
179.4,-7.2216796875,-1.3720703125
179.7,-7.2265625,-1.455078125
180.0,-7.216796875,-1.3525390625
180.3,-7.2265625,-1.3671875
180.6,-7.2314453125,-1.4892578125
180.9,-7.236328125,-1.5576171875
181.2,-7.236328125,-1.3134765625
181.5,-7.2265625,-1.2890625
181.8,-7.2265625,-1.07421875
182.1,-7.236328125,-1.1279296875
182.4,-7.236328125,-1.0595703125
182.7,-7.2412109375,-1.0791015625
183.0,-7.236328125,-0.9326171875
183.3,-7.2412109375,-0.7666015625
183.6,-7.236328125,-1.03515625
183.9,-7.2509765625,-1.1962890625
184.2,-7.255859375,-1.0009765625
184.5,-7.2509765625,-0.83984375
184.8,-7.2509765625,-1.1474609375
185.1,-7.2509765625,-1.3720703125
185.4,-7.2509765625,-1.4599609375
185.7,-7.2509765625,-1.7578125
186.0,-7.2412109375,-1.8017578125
186.3,-7.255859375,-1.3720703125
186.6,-7.2705078125,-1.181640625
186.9,-7.2509765625,-1.2548828125
187.2,-7.2607421875,-1.2841796875
187.5,-7.265625,-1.083984375
187.8,-7.2607421875,-0.8154296875
188.1,-7.265625,-1.064453125
188.4,-7.2607421875,-1.1083984375
188.7,-7.265625,-1.2548828125
189.0,-7.2705078125,-1.2841796875
189.3,-7.2607421875,-1.142578125
189.6,-7.265625,-1.2109375
189.9,-7.2705078125,-1.0498046875
190.2,-7.2607421875,-1.0791015625
190.5,-7.2802734375,-0.5322265625
190.8,-7.275390625,-1.005859375
191.1,-7.275390625,-1.3232421875
191.4,-7.275390625,-1.103515625
191.7,-7.275390625,-1.1376953125
192.0,-7.2705078125,-1.3720703125
192.3,-7.275390625,-1.376953125
192.6,-7.275390625,-1.0546875
192.9,-7.2705078125,-1.0888671875
193.2,-7.28515625,-1.4501953125
193.5,-7.2802734375,-1.6015625
193.8,-7.294921875,-1.4697265625
194.1,-7.28515625,-1.71875
194.4,-7.294921875,-2.236328125
194.7,-7.2900390625,-2.20703125
195.0,-7.2900390625,-2.509765625
195.3,-7.294921875,-2.8955078125
195.6,-7.2900390625,-2.9052734375
195.9,-7.2900390625,-2.9931640625
196.2,-7.2900390625,-3.1494140625
196.5,-7.2900390625,-3.3447265625
196.8,-7.294921875,-2.9541015625
197.1,-7.3095703125,-2.55859375
197.4,-7.3046875,-2.2607421875
197.7,-7.3046875,-2.158203125
198.0,-7.3046875,-2.1484375
198.3,-7.3095703125,-2.08984375
198.6,-7.3046875,-1.9921875
198.9,-7.3046875,-2.03125
199.2,-7.314453125,-2.3681640625
199.5,-7.314453125,-2.4462890625
199.8,-7.3095703125,-2.021484375
200.1,-7.3193359375,-1.5966796875
200.4,-7.3046875,-1.5966796875
200.7,-7.3291015625,-1.416015625
201.0,-7.32421875,-1.5869140625
201.3,-7.32421875,-1.3232421875
201.6,-7.32421875,-1.3330078125
201.9,-7.3388671875,-1.025390625
202.2,-7.32421875,-0.986328125
202.5,-7.3291015625,-0.56640625
202.8,-7.333984375,-0.7568359375
203.1,-7.32421875,-1.2890625
203.4,-7.3388671875,-1.54296875
203.7,-7.3291015625,-1.4306640625
204.0,-7.3291015625,-1.1865234375
204.3,-7.32421875,-1.0693359375
204.6,-7.333984375,-1.1474609375
204.9,-7.3388671875,-1.123046875
205.2,-7.333984375,-1.3671875
205.5,-7.333984375,-1.416015625
205.8,-7.3388671875,-1.640625
206.1,-7.3388671875,-1.669921875
206.4,-7.333984375,-1.5771484375
206.7,-7.353515625,-1.416015625
207.0,-7.333984375,-1.650390625
207.3,-7.34375,-1.435546875
207.6,-7.34375,-1.279296875
207.9,-7.3486328125,-1.5673828125
208.2,-7.3486328125,-1.611328125
208.5,-7.34375,-0.8837890625
208.8,-7.3583984375,-0.791015625
209.1,-7.3583984375,-0.9326171875
209.4,-7.353515625,-1.3427734375
209.7,-7.3486328125,-1.2255859375
210.0,-7.373046875,-1.357421875
210.3,-7.3681640625,-1.1376953125
210.6,-7.3583984375,-0.859375
210.9,-7.36328125,-0.703125
211.2,-7.373046875,-0.95703125
211.5,-7.36328125,-1.1669921875
211.8,-7.3681640625,-1.2744140625
212.1,-7.3681640625,-1.123046875
212.4,-7.3583984375,-1.3720703125
212.7,-7.3583984375,-0.9619140625
213.0,-7.373046875,-0.7275390625
213.3,-7.3779296875,-0.6787109375
213.6,-7.373046875,-0.29296875
213.9,-7.373046875,-0.1806640625
214.2,-7.353515625,-0.3466796875
214.5,-7.3681640625,-0.439453125
214.8,-7.373046875,-0.7177734375
215.1,-7.3876953125,-0.7080078125
215.4,-7.3779296875,-0.8203125
215.7,-7.3828125,-0.9130859375
216.0,-7.3876953125,-1.0888671875
216.3,-7.3779296875,-0.8837890625
216.6,-7.3779296875,-0.7421875
216.9,-7.392578125,-0.908203125
217.2,-7.3876953125,-0.8837890625
217.5,-7.3974609375,-0.95703125
217.8,-7.3828125,-1.015625
218.1,-7.3974609375,-1.07421875
218.4,-7.40234375,-1.0986328125
218.7,-7.392578125,-1.0595703125
219.0,-7.392578125,-1.015625
219.3,-7.40234375,-0.751953125
219.6,-7.40234375,-0.60546875
219.9,-7.40234375,-0.517578125
220.2,-7.3974609375,-0.7568359375
220.5,-7.40234375,-0.830078125
220.8,-7.412109375,-1.07421875
221.1,-7.40234375,-0.986328125
221.4,-7.4267578125,-0.625
221.7,-7.4169921875,-0.6884765625
222.0,-7.421875,-0.64453125
222.3,-7.412109375,-0.8740234375
222.6,-7.4169921875,-1.3232421875
222.9,-7.4072265625,-0.8984375
223.2,-7.412109375,-1.09375
223.5,-7.4169921875,-0.6884765625
223.8,-7.412109375,-0.5224609375
224.1,-7.40234375,-0.4150390625
224.4,-7.421875,-0.64453125
224.7,-7.421875,-0.390625
225.0,-7.431640625,-1.38671875
225.3,-7.421875,-1.826171875
225.6,-7.421875,-1.5380859375
225.9,-7.421875,-1.30859375
226.2,-7.421875,-2.0654296875
226.5,-7.1142578125,-1.8115234375
226.8,-7.1142578125,-1.9970703125
227.1,-7.119140625,-2.236328125
227.4,-7.109375,-1.689453125
227.7,-7.119140625,-1.85546875
228.0,-7.119140625,-1.4453125
228.3,-7.119140625,-1.3916015625
228.6,-7.1142578125,-1.3330078125
228.9,-7.119140625,-1.6796875
229.2,-7.1142578125,-1.07421875
229.5,-7.1142578125,-1.240234375
229.8,-7.119140625,-1.552734375
230.1,-7.1142578125,-1.474609375
230.4,-7.138671875,-1.26953125
230.7,-7.1240234375,-1.09375
231.0,-7.1142578125,-0.9375
231.3,-7.12890625,-0.5712890625
231.6,-7.12890625,-0.5908203125
231.9,-7.1240234375,-0.283203125
232.2,-7.1240234375,-0.48828125
232.5,-7.12890625,-0.6982421875
232.8,-7.138671875,-0.95703125
233.1,-7.1337890625,-0.810546875
233.4,-7.138671875,-0.7958984375
233.7,-7.1435546875,-0.7177734375
234.0,-7.1435546875,-0.52734375
234.3,-7.1435546875,-0.33203125
234.6,-7.138671875,-0.2734375
234.9,-7.1484375,-0.37109375
235.2,-7.138671875,-0.8251953125
235.5,-7.1484375,-0.849609375
235.8,-7.1337890625,-0.654296875
236.1,-7.1484375,-0.5517578125
236.4,-7.158203125,-0.908203125
236.7,-7.1533203125,-1.083984375
237.0,-7.1435546875,-1.2158203125
237.3,-7.1484375,-1.1083984375
237.6,-7.1630859375,-1.2353515625
237.9,-7.1484375,-1.3525390625
238.2,-7.1630859375,-1.3525390625
238.5,-7.1630859375,-1.1865234375
238.8,-7.16796875,-1.40625
239.1,-7.1630859375,-1.5576171875
239.4,-7.158203125,-1.69921875
239.7,-7.16796875,-0.9228515625
240.0,-7.1630859375,-0.966796875
240.3,-7.1728515625,-0.947265625
240.6,-7.1728515625,-0.8349609375
240.9,-7.1728515625,-0.9765625
241.2,-7.16796875,-1.025390625
241.5,-7.177734375,-1.162109375
241.8,-7.1826171875,-1.0693359375
242.1,-7.1728515625,-1.181640625
242.4,-7.177734375,-0.9765625
242.7,-7.16796875,-1.025390625
243.0,-7.1826171875,-1.40625
243.3,-7.1826171875,-1.4501953125
243.6,-7.1875,-1.6796875
243.9,-7.197265625,-1.3232421875
244.2,-7.1728515625,-1.171875
244.5,-7.1826171875,-1.19140625
244.8,-7.1923828125,-0.9912109375
245.1,-7.2021484375,-0.6689453125
245.4,-7.1923828125,-0.6591796875
245.7,-7.1826171875,-0.9814453125
246.0,-7.197265625,-1.0595703125
246.3,-7.197265625,-1.181640625
246.6,-7.1923828125,-0.9326171875
246.9,-7.1923828125,-1.07421875
247.2,-7.197265625,-0.9521484375
247.5,-7.197265625,-0.8251953125
247.8,-7.2119140625,-0.6982421875
248.1,-7.2021484375,-0.7421875
248.4,-7.2021484375,-0.8251953125
248.7,-7.216796875,-0.78125
249.0,-7.2119140625,-0.95703125
249.3,-7.20703125,-1.0693359375
249.6,-7.2119140625,-0.6201171875
249.9,-7.20703125,-0.859375
250.2,-7.216796875,-0.947265625
250.5,-7.2216796875,-1.2353515625
250.8,-7.2119140625,-0.9033203125
251.1,-7.216796875,-1.0498046875
251.4,-7.20703125,-1.09375
251.7,-7.2119140625,-1.1669921875
252.0,-7.2265625,-1.455078125
252.3,-7.2265625,-1.904296875
252.6,-7.2265625,-2.0849609375
252.9,-7.216796875,-1.7138671875
253.2,-7.2216796875,-1.650390625
253.5,-7.2265625,-1.572265625
253.8,-7.2265625,-1.34765625
254.1,-7.2314453125,-1.2646484375
254.4,-7.2265625,-1.4990234375
254.7,-7.24609375,-1.220703125
255.0,-7.236328125,-0.6689453125
255.3,-7.2265625,-0.576171875
255.6,-7.2265625,-1.064453125
255.9,-7.24609375,-1.3134765625
256.2,-7.2314453125,-1.30859375
256.5,-7.2412109375,-1.3134765625
256.8,-7.24609375,-1.3623046875
257.1,-7.2265625,-1.513671875
257.4,-7.24609375,-1.7333984375
257.7,-7.24609375,-1.630859375
258.0,-7.2412109375,-1.884765625
258.3,-7.2509765625,-2.0947265625
258.6,-7.24609375,-1.6455078125
258.9,-7.255859375,-1.337890625
259.2,-7.24609375,-0.9521484375
259.5,-7.255859375,-1.1767578125
259.8,-7.2509765625,-0.751953125
260.1,-7.24609375,-0.771484375
260.4,-7.255859375,-0.9423828125
260.7,-7.24609375,-1.0693359375
261.0,-7.255859375,-1.083984375
261.3,-7.255859375,-1.005859375
261.6,-7.265625,-1.19140625
261.9,-7.265625,-0.8056640625
262.2,-7.265625,-0.9130859375
262.5,-7.2607421875,-0.6884765625
262.8,-7.275390625,-0.4296875
263.1,-7.265625,-0.8349609375
263.4,-7.2705078125,-1.0693359375
263.7,-7.2607421875,-0.8154296875
264.0,-7.275390625,-0.5224609375
264.3,-7.275390625,-0.7568359375
264.6,-7.28515625,-0.8251953125
264.9,-7.265625,-1.181640625
265.2,-7.2900390625,-1.298828125
265.5,-7.265625,-1.396484375
265.8,-7.275390625,-1.7138671875
266.1,-7.2705078125,-2.1435546875
266.4,-7.275390625,-1.9287109375
266.7,-7.2705078125,-2.0458984375
267.0,-7.28515625,-2.1875
267.3,-7.28515625,-2.3779296875
267.6,-7.28515625,-2.2412109375
267.9,-7.28515625,-1.640625
268.2,-7.294921875,-1.7138671875
268.5,-7.2900390625,-1.357421875
268.8,-7.2900390625,-0.7861328125
269.1,-7.294921875,-0.673828125
269.4,-7.294921875,-0.8056640625
269.7,-7.3095703125,-0.654296875
270.0,-7.2998046875,-0.9716796875
270.3,-7.294921875,-1.5380859375
270.6,-7.2998046875,-1.494140625
270.9,-7.3046875,-1.494140625
271.2,-7.3046875,-1.4013671875
271.5,-7.314453125,-1.4208984375
271.8,-7.3046875,-1.4013671875
272.1,-7.2998046875,-0.869140625
272.4,-7.3095703125,-0.8251953125
272.7,-7.3095703125,-0.361328125
273.0,-7.3095703125,-0.595703125
273.3,-7.3095703125,-0.60546875
273.6,-7.3046875,-0.7373046875
273.9,-7.314453125,-0.908203125
274.2,-7.3046875,-0.703125
274.5,-7.314453125,-0.2783203125
274.8,-7.314453125,-0.6298828125
275.1,-7.3193359375,-0.9423828125
275.4,-7.314453125,-1.142578125
275.7,-7.314453125,-1.2744140625
276.0,-7.32421875,-1.2939453125
276.3,-7.32421875,-1.69921875
276.6,-7.3291015625,-1.81640625
276.9,-7.32421875,-1.5771484375
277.2,-7.3291015625,-1.650390625
277.5,-7.3291015625,-1.8212890625
277.8,-7.333984375,-2.2509765625
278.1,-7.3193359375,-2.1044921875
278.4,-7.333984375,-2.1923828125
278.7,-7.333984375,-1.93359375
279.0,-7.3291015625,-1.7333984375
279.3,-7.333984375,-1.0888671875
279.6,-7.3388671875,-0.625
279.9,-7.3388671875,-0.927734375
280.2,-7.3388671875,-1.1181640625
280.5,-7.333984375,-1.1767578125
280.8,-7.3388671875,-0.9033203125
281.1,-7.333984375,-0.8349609375
281.4,-7.3486328125,-1.2548828125
281.7,-7.3486328125,-1.3818359375
282.0,-7.34375,-1.2646484375
282.3,-7.353515625,-1.181640625
282.6,-7.353515625,-0.9912109375
282.9,-7.353515625,-0.751953125
283.2,-7.36328125,-0.6005859375
283.5,-7.3486328125,-0.7861328125
283.8,-7.36328125,-0.849609375
284.1,-7.3681640625,-0.849609375
284.4,-7.3583984375,-1.142578125
284.7,-7.3681640625,-0.91796875
285.0,-7.36328125,-0.244140625
285.3,-7.353515625,-0.33203125
285.6,-7.36328125,-0.1123046875
285.9,-7.3583984375,-0.4638671875
286.2,-7.3681640625,-0.2734375
286.5,-7.3681640625,-0.7373046875
286.8,-7.373046875,-0.9130859375
287.1,-7.36328125,-1.1962890625
287.4,-7.373046875,-1.1669921875
287.7,-7.3681640625,-0.986328125
288.0,-7.36328125,-0.6787109375
288.3,-7.3779296875,-0.498046875
288.6,-7.3681640625,-0.1904296875
288.9,-7.373046875,0.0048828125
289.2,-7.3828125,0.46875
289.5,-7.3779296875,0.2197265625
289.8,-7.3779296875,0.087890625
290.1,-7.3779296875,0.654296875
290.4,-7.3828125,0.5908203125
290.7,-7.3828125,0.380859375
291.0,-7.3779296875,-0.09765625
291.3,-7.373046875,-0.48828125
291.6,-7.3828125,-0.6982421875
291.9,-7.3828125,-0.517578125
292.2,-7.392578125,-0.6396484375
292.5,-7.3779296875,-0.4638671875
292.8,-7.3876953125,-0.693359375
293.1,-7.3828125,-0.7421875
293.4,-7.3876953125,-0.908203125
293.7,-7.3974609375,-1.1865234375
294.0,-7.3876953125,-1.4794921875
294.3,-7.3974609375,-1.7236328125
294.6,-7.40234375,-1.8115234375
294.9,-7.3974609375,-2.0703125
295.2,-7.392578125,-2.119140625
295.5,-7.412109375,-2.1240234375
295.8,-7.40234375,-2.294921875
296.1,-7.412109375,-2.1435546875
296.4,-7.412109375,-1.9140625
296.7,-7.4072265625,-1.42578125
297.0,-7.412109375,-1.396484375
297.3,-7.412109375,-1.1328125
297.6,-7.412109375,-0.6787109375
297.9,-7.4169921875,-0.6396484375
298.2,-7.421875,-0.9765625
298.5,-7.412109375,-0.8154296875
298.8,-7.412109375,-0.29296875
299.1,-7.421875,-0.21484375
299.4,-7.421875,-0.263671875
299.7,-7.412109375,-0.146484375
300.0,-7.431640625,-0.6005859375
300.3,-7.421875,-0.7666015625
300.6,-7.431640625,-0.8203125
300.9,-7.4267578125,-0.46875
301.2,-7.431640625,-0.9765625
301.5,-7.4267578125,-1.435546875
301.8,-7.109375,-1.533203125
302.1,-7.1142578125,-1.5283203125
302.4,-7.1044921875,-1.8408203125
302.7,-7.1044921875,-2.080078125
303.0,-7.1142578125,-1.9677734375
303.3,-7.1142578125,-1.81640625
303.6,-7.1142578125,-1.4697265625
303.9,-7.1240234375,-1.5673828125
304.2,-7.119140625,-1.552734375
304.5,-7.1142578125,-1.5234375
304.8,-7.1240234375,-1.708984375
305.1,-7.119140625,-1.6357421875
305.4,-7.1240234375,-1.767578125
305.7,-7.12890625,-1.904296875
306.0,-7.1337890625,-2.138671875
306.3,-7.12890625,-1.630859375
306.6,-7.119140625,-1.5380859375
306.9,-7.12890625,-1.552734375
307.2,-7.1337890625,-1.142578125
307.5,-7.12890625,-0.6494140625
307.8,-7.1337890625,-0.4345703125
308.1,-7.12890625,-0.4931640625
308.4,-7.1337890625,-0.556640625
308.7,-7.1337890625,-0.52734375
309.0,-7.138671875,-0.7177734375
309.3,-7.138671875,-0.9130859375
309.6,-7.138671875,-0.5224609375
309.9,-7.12890625,-0.6298828125
310.2,-7.138671875,-0.830078125
310.5,-7.138671875,-1.2841796875
310.8,-7.1337890625,-1.5625
311.1,-7.1484375,-1.42578125
311.4,-7.1533203125,-1.5625
311.7,-7.1630859375,-1.3232421875
312.0,-7.1435546875,-1.4697265625
312.3,-7.1484375,-1.6845703125
312.6,-7.158203125,-1.5087890625
312.9,-7.1533203125,-1.4794921875
313.2,-7.1630859375,-1.5283203125
313.5,-7.158203125,-1.7724609375
313.8,-7.1484375,-1.54296875
314.1,-7.1630859375,-1.9482421875
314.4,-7.1630859375,-1.9873046875
314.7,-7.1630859375,-1.8896484375
315.0,-7.158203125,-1.46484375
315.3,-7.1630859375,-1.19140625
315.6,-7.1630859375,-1.0400390625
315.9,-7.16796875,-1.11328125
316.2,-7.1630859375,-1.1767578125
316.5,-7.16796875,-1.3818359375
316.8,-7.1630859375,-1.5185546875
317.1,-7.1728515625,-1.181640625
317.4,-7.16796875,-1.103515625
317.7,-7.1728515625,-1.15234375
318.0,-7.1923828125,-1.1181640625
318.3,-7.1630859375,-0.7861328125
318.6,-7.1826171875,-0.966796875
318.9,-7.1728515625,-1.19140625
319.2,-7.1875,-1.0302734375
319.5,-7.1728515625,-0.830078125
319.8,-7.177734375,-1.142578125
320.1,-7.1826171875,-1.2646484375
320.4,-7.197265625,-1.0400390625
320.7,-7.1875,-0.8349609375
321.0,-7.197265625,-0.95703125
321.3,-7.1875,-1.07421875
321.6,-7.1826171875,-1.083984375
321.9,-7.1923828125,-0.9814453125
322.2,-7.1826171875,-0.8984375
322.5,-7.197265625,-1.318359375
322.8,-7.1875,-1.337890625
323.1,-7.1923828125,-1.5087890625
323.4,-7.2021484375,-1.5478515625
323.7,-7.197265625,-1.796875
324.0,-7.2021484375,-1.650390625
324.3,-7.20703125,-1.73828125
324.6,-7.1923828125,-1.298828125
324.9,-7.2119140625,-1.1083984375
325.2,-7.2021484375,-0.8642578125
325.5,-7.216796875,-0.52734375
325.8,-7.20703125,-1.0400390625
326.1,-7.2021484375,-1.4404296875
326.4,-7.2119140625,-1.4794921875
326.7,-7.2119140625,-1.6748046875
327.0,-7.216796875,-1.767578125
327.3,-7.2119140625,-1.171875
327.6,-7.2021484375,-1.1083984375
327.9,-7.2216796875,-1.0693359375
328.2,-7.2119140625,-1.2744140625
328.5,-7.2265625,-1.5576171875
328.8,-7.2216796875,-1.376953125
329.1,-7.2265625,-1.435546875
329.4,-7.20703125,-1.4111328125
329.7,-7.2265625,-1.30859375
330.0,-7.2216796875,-1.1328125
330.3,-7.2216796875,-1.1767578125
330.6,-7.236328125,-1.6455078125
330.9,-7.2314453125,-1.7041015625
331.2,-7.2314453125,-1.904296875
331.5,-7.2412109375,-1.8701171875
331.8,-7.2314453125,-1.25
332.1,-7.2314453125,-1.328125
332.4,-7.2314453125,-1.552734375
332.7,-7.236328125,-1.806640625
333.0,-7.24609375,-1.6162109375
333.3,-7.24609375,-1.81640625
333.6,-7.2412109375,-1.7041015625
333.9,-7.2265625,-1.640625
334.2,-7.24609375,-1.3916015625
334.5,-7.24609375,-1.54296875
334.8,-7.2509765625,-1.5576171875
335.1,-7.255859375,-1.806640625
335.4,-7.255859375,-1.640625
335.7,-7.2509765625,-1.6796875
336.0,-7.2607421875,-2.001953125
336.3,-7.2509765625,-1.9287109375
336.6,-7.24609375,-1.8212890625
336.9,-7.2509765625,-1.923828125
337.2,-7.2509765625,-2.01171875
337.5,-7.2509765625,-2.353515625
337.8,-7.2607421875,-2.158203125
338.1,-7.2509765625,-1.923828125
338.4,-7.265625,-1.435546875
338.7,-7.255859375,-1.2255859375
339.0,-7.2607421875,-1.3916015625
339.3,-7.265625,-0.8740234375
339.6,-7.265625,-0.4931640625
339.9,-7.2607421875,-0.732421875
340.2,-7.265625,-0.8251953125
340.5,-7.2705078125,-1.1669921875
340.8,-7.2607421875,-1.455078125
341.1,-7.2705078125,-1.416015625
341.4,-7.2802734375,-0.869140625
341.7,-7.2802734375,-0.7763671875
342.0,-7.275390625,-0.986328125
342.3,-7.2802734375,-1.3330078125
342.6,-7.28515625,-1.259765625
342.9,-7.275390625,-1.3818359375
343.2,-7.275390625,-1.4697265625
343.5,-7.275390625,-1.8994140625
343.8,-7.2802734375,-2.16796875
344.1,-7.28515625,-2.197265625
344.4,-7.2900390625,-1.58203125
344.7,-7.28515625,-1.513671875
345.0,-7.2900390625,-1.748046875
345.3,-7.2900390625,-1.494140625
345.6,-7.2900390625,-1.4697265625
345.9,-7.294921875,-1.30859375
346.2,-7.2900390625,-1.4013671875
346.5,-7.2900390625,-1.2548828125
346.8,-7.2802734375,-1.3427734375
347.1,-7.2998046875,-1.15234375
347.4,-7.2998046875,-0.8154296875
347.7,-7.294921875,-1.2841796875
348.0,-7.3046875,-1.5380859375
348.3,-7.3095703125,-1.6259765625
348.6,-7.3095703125,-1.77734375
348.9,-7.3046875,-1.5576171875
349.2,-7.2998046875,-1.552734375
349.5,-7.2998046875,-1.7236328125
349.8,-7.314453125,-1.728515625
350.1,-7.314453125,-1.1865234375
350.4,-7.32421875,-1.259765625
350.7,-7.3193359375,-1.318359375
351.0,-7.3095703125,-1.357421875
351.3,-7.314453125,-1.3427734375
351.6,-7.3193359375,-1.3818359375
351.9,-7.314453125,-1.3818359375
352.2,-7.32421875,-1.1474609375
352.5,-7.32421875,-1.2646484375
352.8,-7.32421875,-1.337890625
353.1,-7.32421875,-1.62109375
353.4,-7.32421875,-1.7578125
353.7,-7.3291015625,-1.54296875
354.0,-7.3291015625,-1.5380859375
354.3,-7.3193359375,-1.4111328125
354.6,-7.3388671875,-1.3671875
354.9,-7.32421875,-1.07421875
355.2,-7.3486328125,-1.54296875
355.5,-7.333984375,-1.50390625
355.8,-7.3388671875,-1.240234375
356.1,-7.333984375,-0.78125
356.4,-7.34375,-1.2060546875
356.7,-7.3291015625,-1.2890625
357.0,-7.34375,-1.26953125
357.3,-7.34375,-1.2890625
357.6,-7.353515625,-0.9912109375
357.9,-7.3388671875,-1.044921875
358.2,-7.34375,-0.791015625
358.5,-7.34375,-1.0400390625
358.8,-7.353515625,-0.9326171875
359.1,-7.353515625,-1.171875
359.4,-7.353515625,-1.0595703125
359.7,-7.353515625,-1.0205078125
360.0,-7.3486328125,-0.712890625
360.3,-7.353515625,-1.2890625
360.6,-7.36328125,-1.19140625
360.9,-7.3583984375,-1.25
361.2,-7.3583984375,-0.9765625
361.5,-7.36328125,-1.103515625
361.8,-7.3583984375,-1.708984375
362.1,-7.36328125,-1.9775390625
362.4,-7.3681640625,-1.89453125
362.7,-7.373046875,-1.5185546875
363.0,-7.373046875,-1.1083984375
363.3,-7.3681640625,-1.2109375
363.6,-7.36328125,-1.0009765625
363.9,-7.36328125,-1.3623046875
364.2,-7.3779296875,-0.966796875
364.5,-7.3681640625,-0.9423828125
364.8,-7.3681640625,-1.1474609375
365.1,-7.3779296875,-1.0205078125
365.4,-7.3828125,-1.5283203125
365.7,-7.3681640625,-1.318359375
366.0,-7.3779296875,-1.6015625
366.3,-7.3779296875,-1.2548828125
366.6,-7.3779296875,-1.1962890625
366.9,-7.3828125,-1.1767578125
367.2,-7.3828125,-0.751953125
367.5,-7.3876953125,-0.7958984375
367.8,-7.3876953125,-1.0400390625
368.1,-7.3876953125,-0.859375
368.4,-7.40234375,-0.859375
368.7,-7.3876953125,-1.2939453125
369.0,-7.4072265625,-1.38671875
369.3,-7.3974609375,-1.40625
369.6,-7.3974609375,-1.1279296875
369.9,-7.4072265625,-1.435546875
370.2,-7.3974609375,-1.640625
370.5,-7.4072265625,-1.552734375
370.8,-7.4072265625,-1.15234375
371.1,-7.4072265625,-0.9912109375
371.4,-7.3974609375,-1.1376953125
371.7,-7.3974609375,-1.3037109375
372.0,-7.412109375,-1.15234375
372.3,-7.4072265625,-1.181640625
372.6,-7.412109375,-0.9814453125
372.9,-7.412109375,-0.7666015625
373.2,-7.4169921875,-0.966796875
373.5,-7.4169921875,-1.6796875
373.8,-7.421875,-1.669921875
374.1,-7.4072265625,-1.630859375
374.4,-7.421875,-1.259765625
374.7,-7.4169921875,-1.8115234375
375.0,-7.421875,-1.923828125
375.3,-7.4267578125,-1.93359375
375.6,-7.412109375,-1.8896484375
375.9,-7.421875,-2.08984375
376.2,-7.412109375,-1.8603515625
376.5,-7.4462890625,-2.0458984375
376.8,-7.431640625,-2.3974609375
377.1,-7.099609375,-2.3291015625
377.4,-7.1142578125,-2.255859375
377.7,-7.109375,-2.3876953125
378.0,-7.1142578125,-2.7392578125
378.3,-7.1240234375,-2.3193359375
378.6,-7.1142578125,-2.36328125
378.9,-7.1240234375,-2.0458984375
379.2,-7.119140625,-1.845703125
379.5,-7.1240234375,-2.119140625
379.8,-7.1142578125,-2.265625
380.1,-7.1240234375,-2.44140625
380.4,-7.119140625,-2.12890625
380.7,-7.119140625,-2.158203125
381.0,-7.1240234375,-1.9873046875
381.3,-7.119140625,-1.865234375
381.6,-7.119140625,-1.9921875
381.9,-7.1240234375,-1.7333984375
382.2,-7.12890625,-1.552734375
382.5,-7.138671875,-1.455078125
382.8,-7.1240234375,-1.4697265625
383.1,-7.1435546875,-1.708984375
383.4,-7.1484375,-1.3623046875
383.7,-7.138671875,-0.9912109375
384.0,-7.1337890625,-1.806640625
384.3,-7.1337890625,-1.9677734375
384.6,-7.138671875,-1.73828125
384.9,-7.138671875,-1.54296875
385.2,-7.1484375,-1.3330078125
385.5,-7.1337890625,-0.8251953125
385.8,-7.1484375,-1.19140625
386.1,-7.1533203125,-1.30859375
386.4,-7.1484375,-1.6064453125
386.7,-7.1630859375,-1.54296875
387.0,-7.1630859375,-1.5625
387.3,-7.1484375,-1.9091796875
387.6,-7.1484375,-1.806640625
387.9,-7.158203125,-1.93359375
388.2,-7.1435546875,-1.787109375
388.5,-7.158203125,-2.314453125
388.8,-7.158203125,-1.796875
389.1,-7.1630859375,-1.5380859375
389.4,-7.1630859375,-1.2158203125
389.7,-7.16796875,-1.005859375
390.0,-7.1533203125,-0.771484375
390.3,-7.158203125,-0.7666015625
390.6,-7.158203125,-1.30859375
390.9,-7.16796875,-0.751953125
391.2,-7.16796875,-0.60546875
391.5,-7.1826171875,-0.6103515625
391.8,-7.1875,-0.4931640625
392.1,-7.16796875,-0.99609375
392.4,-7.1875,-0.9130859375
392.7,-7.177734375,-0.9765625
393.0,-7.177734375,-1.2744140625
393.3,-7.177734375,-1.5869140625
393.6,-7.177734375,-1.7919921875
393.9,-7.1826171875,-2.2412109375
394.2,-7.1826171875,-2.5927734375
394.5,-7.1923828125,-2.7880859375
394.8,-7.1875,-2.6953125
395.1,-7.1923828125,-2.333984375
395.4,-7.1875,-2.12890625
395.7,-7.1875,-2.6611328125
396.0,-7.1875,-2.59765625
396.3,-7.197265625,-2.7001953125
396.6,-7.1923828125,-2.744140625
396.9,-7.1875,-2.451171875
397.2,-7.2021484375,-2.5341796875
397.5,-7.197265625,-2.841796875
397.8,-7.1875,-2.158203125
398.1,-7.2021484375,-1.7236328125
398.4,-7.2021484375,-1.6796875
398.7,-7.2021484375,-1.2548828125
399.0,-7.20703125,-1.8017578125
399.3,-7.1923828125,-2.2607421875
399.6,-7.197265625,-2.734375
399.9,-7.20703125,-2.197265625
400.2,-7.20703125,-1.640625
400.5,-7.216796875,-1.8115234375
400.8,-7.20703125,-1.5966796875
401.1,-7.2119140625,-1.3525390625
401.4,-7.20703125,-1.2890625
401.7,-7.2216796875,-1.4453125
402.0,-7.216796875,-1.3623046875
402.3,-7.20703125,-1.2353515625
402.6,-7.2216796875,-1.0888671875
402.9,-7.2216796875,-1.0791015625
403.2,-7.2265625,-1.54296875
403.5,-7.2314453125,-1.826171875
403.8,-7.2216796875,-1.7724609375
404.1,-7.2216796875,-1.748046875
404.4,-7.2216796875,-1.9140625
404.7,-7.2314453125,-1.8798828125
405.0,-7.2314453125,-1.6015625
405.3,-7.2314453125,-1.58203125
405.6,-7.2314453125,-1.3671875
405.9,-7.255859375,-1.3671875
406.2,-7.236328125,-1.46484375
406.5,-7.2412109375,-1.943359375
406.8,-7.2314453125,-1.728515625
407.1,-7.236328125,-1.6748046875
407.4,-7.2412109375,-1.2939453125
407.7,-7.2509765625,-1.181640625
408.0,-7.2412109375,-1.1181640625
408.3,-7.2509765625,-1.1279296875
408.6,-7.24609375,-1.9189453125
408.9,-7.24609375,-2.0263671875
409.2,-7.2509765625,-1.62109375
409.5,-7.24609375,-1.7236328125
409.8,-7.24609375,-1.171875
410.1,-7.2509765625,-1.2353515625
410.4,-7.255859375,-0.91796875
410.7,-7.2509765625,-0.8251953125
411.0,-7.2607421875,-1.0302734375
411.3,-7.2607421875,-1.083984375
411.6,-7.265625,-1.1474609375
411.9,-7.2607421875,-1.318359375
412.2,-7.255859375,-1.54296875
412.5,-7.265625,-1.591796875
412.8,-7.2705078125,-1.435546875
413.1,-7.265625,-1.2109375
413.4,-7.2705078125,-1.318359375
413.7,-7.265625,-1.3818359375
414.0,-7.275390625,-1.8115234375
414.3,-7.2705078125,-1.6943359375
414.6,-7.265625,-1.4111328125
414.9,-7.2607421875,-1.103515625
415.2,-7.2705078125,-0.8984375
415.5,-7.2802734375,-0.7373046875
415.8,-7.2705078125,-1.0302734375
416.1,-7.2705078125,-1.455078125
416.4,-7.2802734375,-1.1962890625
416.7,-7.2705078125,-1.0693359375
417.0,-7.2802734375,-1.2109375
417.3,-7.2802734375,-1.4013671875
417.6,-7.28515625,-0.771484375
417.9,-7.2802734375,-0.9228515625
418.2,-7.2802734375,-0.9619140625
418.5,-7.28515625,-0.9716796875
418.8,-7.28515625,-1.1328125
419.1,-7.3046875,-0.888671875
419.4,-7.2998046875,-0.908203125
419.7,-7.2998046875,-1.2158203125
420.0,-7.294921875,-1.318359375
420.3,-7.2998046875,-1.318359375
420.6,-7.294921875,-1.279296875
420.9,-7.2900390625,-1.1767578125
421.2,-7.294921875,-0.9765625
421.5,-7.2998046875,-1.2255859375
421.8,-7.3095703125,-1.2744140625
422.1,-7.3095703125,-1.71875
422.4,-7.2998046875,-1.8017578125
422.7,-7.3046875,-1.6650390625
423.0,-7.3046875,-2.099609375
423.3,-7.3095703125,-1.46484375
423.6,-7.314453125,-1.591796875
423.9,-7.3046875,-1.689453125
424.2,-7.3095703125,-1.4013671875
424.5,-7.314453125,-1.416015625
424.8,-7.3193359375,-1.3232421875
425.1,-7.3291015625,-1.025390625
425.4,-7.3291015625,-1.09375
425.7,-7.314453125,-0.83984375
426.0,-7.32421875,-1.1279296875
426.3,-7.3291015625,-0.99609375
426.6,-7.32421875,-1.2841796875
426.9,-7.32421875,-1.2744140625
427.2,-7.3193359375,-1.11328125
427.5,-7.3193359375,-1.279296875
427.8,-7.32421875,-1.4794921875
428.1,-7.3291015625,-1.4453125
428.4,-7.3291015625,-1.259765625
428.7,-7.3388671875,-0.9619140625
429.0,-7.333984375,-1.0009765625
429.3,-7.3388671875,-1.2939453125
429.6,-7.333984375,-1.298828125
429.9,-7.3388671875,-1.4990234375
430.2,-7.333984375,-1.4208984375
430.5,-7.333984375,-1.044921875
430.8,-7.3486328125,-0.6689453125
431.1,-7.32421875,-1.4111328125
431.4,-7.3486328125,-1.6943359375
431.7,-7.333984375,-1.640625
432.0,-7.3486328125,-1.337890625
432.3,-7.353515625,-1.7724609375
432.6,-7.34375,-1.0693359375
432.9,-7.353515625,-1.2451171875
433.2,-7.353515625,-1.1474609375
433.5,-7.36328125,-1.533203125
433.8,-7.3486328125,-0.87890625
434.1,-7.3681640625,-0.91796875
434.4,-7.3291015625,-0.99609375
434.7,-7.3583984375,-1.3232421875
435.0,-7.3681640625,-1.005859375
435.3,-7.3681640625,-1.5087890625
435.6,-7.373046875,-1.85546875
435.9,-7.3681640625,-1.5380859375
436.2,-7.36328125,-1.9140625
436.5,-7.3583984375,-1.904296875
436.8,-7.3681640625,-2.2802734375
437.1,-7.3681640625,-2.3046875
437.4,-7.3681640625,-2.333984375
437.7,-7.373046875,-2.158203125
438.0,-7.3779296875,-2.0556640625
438.3,-7.3583984375,-2.05078125
438.6,-7.373046875,-2.3388671875
438.9,-7.3828125,-2.5830078125
439.2,-7.373046875,-2.4560546875
439.5,-7.3828125,-2.34375
439.8,-7.3828125,-2.5390625
440.1,-7.3876953125,-2.40234375
440.4,-7.3876953125,-2.5390625
440.7,-7.3876953125,-2.36328125
441.0,-7.3974609375,-1.7822265625
441.3,-7.392578125,-1.30859375
441.6,-7.3828125,-1.38671875
441.9,-7.3876953125,-1.015625
442.2,-7.4072265625,-0.7373046875
442.5,-7.3974609375,-1.2548828125
442.8,-7.3974609375,-1.11328125
443.1,-7.4072265625,-0.830078125
443.4,-7.392578125,-1.103515625
443.7,-7.40234375,-0.76171875
444.0,-7.3974609375,-0.703125
444.3,-7.392578125,-0.654296875
444.6,-7.3974609375,-0.2880859375
444.9,-7.3974609375,-0.1318359375
445.2,-7.3974609375,-0.078125
445.5,-7.4072265625,-0.3564453125
445.8,-7.40234375,-0.3955078125
446.1,-7.4169921875,-0.1611328125
446.4,-7.4267578125,-0.673828125
446.7,-7.40234375,-0.4931640625
447.0,-7.412109375,-0.4833984375
447.3,-7.412109375,-0.5517578125
447.6,-7.412109375,-0.341796875
447.9,-7.412109375,-0.25390625
448.2,-7.4169921875,-0.3662109375
448.5,-7.431640625,-0.37109375
448.8,-7.421875,-0.673828125
449.1,-7.421875,-1.11328125
449.4,-7.4267578125,-1.2353515625
449.7,-7.412109375,-1.25
450.0,-7.421875,-1.3720703125
450.3,-7.421875,-1.416015625
450.6,-7.109375,-1.904296875
450.9,-7.109375,-2.1142578125
451.2,-7.1044921875,-1.6650390625
451.5,-7.119140625,-1.4111328125
451.8,-7.08984375,-1.3671875
452.1,-7.119140625,-1.23046875
452.4,-7.119140625,-1.2255859375
452.7,-7.333984375,-0.6689453125
453.0,-7.1240234375,-0.322265625
453.3,-7.12890625,-0.6494140625
453.6,-7.1142578125,-0.9814453125
453.9,-7.1240234375,-1.0107421875
454.2,-7.1240234375,-0.8837890625
454.5,-7.138671875,-1.1865234375
454.8,-7.12890625,-1.3232421875
455.1,-7.119140625,-1.1083984375
455.4,-7.138671875,-1.1572265625
455.7,-7.138671875,-1.318359375
456.0,-7.12890625,-1.220703125
456.3,-7.1435546875,-0.9033203125
456.6,-7.1337890625,-0.947265625
456.9,-7.1435546875,-1.09375
457.2,-7.138671875,-0.5712890625
457.5,-7.1337890625,-0.712890625
457.8,-7.158203125,-0.5712890625
458.1,-7.1533203125,-0.3271484375
458.4,-7.1533203125,-0.5029296875
458.7,-7.1435546875,-0.6201171875
459.0,-7.1435546875,-0.703125
459.3,-7.1435546875,-0.4150390625
459.6,-7.1484375,-0.400390625
459.9,-7.1533203125,-0.4296875
460.2,-7.1728515625,-0.9619140625
460.5,-7.1484375,-0.9912109375
460.8,-7.1533203125,-0.966796875
461.1,-7.1630859375,-0.8447265625
461.4,-7.158203125,-0.263671875
461.7,-7.1630859375,-0.166015625
462.0,-7.16796875,-0.244140625
462.3,-7.1533203125,-0.5615234375
462.6,-7.16796875,-0.87890625
462.9,-7.158203125,-1.0205078125
463.2,-7.1630859375,-1.025390625
463.5,-7.158203125,-1.0986328125
463.8,-7.177734375,-0.859375
464.1,-7.1630859375,-1.5087890625
464.4,-7.16796875,-1.9921875
464.7,-7.1728515625,-2.158203125
465.0,-7.1728515625,-2.001953125
465.3,-7.1826171875,-1.7578125
465.6,-7.1728515625,-2.1533203125
465.9,-7.1875,-2.294921875
466.2,-7.1826171875,-1.8603515625
466.5,-7.16796875,-1.38671875
466.8,-7.1826171875,-1.494140625
467.1,-7.177734375,-1.5478515625
467.4,-7.1826171875,-1.767578125
467.7,-7.1826171875,-1.46484375
468.0,-7.1875,-1.4306640625
468.3,-7.1826171875,-1.4453125
468.6,-7.1923828125,-1.62109375
468.9,-7.1826171875,-1.943359375
469.2,-7.197265625,-2.0703125
469.5,-7.1875,-2.2314453125
469.8,-7.1875,-2.32421875
470.1,-7.197265625,-1.6552734375
470.4,-7.1923828125,-1.1962890625
470.7,-7.20703125,-0.99609375
471.0,-7.20703125,-0.947265625
471.3,-7.2021484375,-0.9619140625
471.6,-7.2021484375,-1.484375
471.9,-7.2021484375,-1.474609375
472.2,-7.20703125,-1.0498046875
472.5,-7.197265625,-1.11328125
472.8,-7.2021484375,-1.162109375
473.1,-7.20703125,-1.19140625
473.4,-7.20703125,-1.2353515625
473.7,-7.2119140625,-1.30859375
474.0,-7.2119140625,-1.748046875
474.3,-7.20703125,-1.6845703125
474.6,-7.216796875,-1.3525390625
474.9,-7.2265625,-1.005859375
475.2,-7.2216796875,-0.9423828125
475.5,-7.2216796875,-0.9326171875
475.8,-7.2216796875,-1.1181640625
476.1,-7.216796875,-0.9326171875
476.4,-7.216796875,-0.83984375
476.7,-7.216796875,-1.0009765625
477.0,-7.2314453125,-1.3671875
477.3,-7.2216796875,-0.9814453125
477.6,-7.216796875,-0.791015625
477.9,-7.2314453125,-1.005859375
478.2,-7.24609375,-0.6640625
478.5,-7.2314453125,-0.7861328125
478.8,-7.2314453125,-1.0693359375
479.1,-7.2314453125,-1.4892578125
479.4,-7.2412109375,-1.58203125
479.7,-7.24609375,-1.875
480.0,-7.2314453125,-2.109375
480.3,-7.2412109375,-2.12890625
480.6,-7.2509765625,-1.9384765625
480.9,-7.236328125,-2.1484375
481.2,-7.24609375,-2.01171875
481.5,-7.2412109375,-1.806640625
481.8,-7.255859375,-1.5673828125
482.1,-7.2509765625,-1.123046875
482.4,-7.255859375,-1.3818359375
482.7,-7.2607421875,-1.728515625
483.0,-7.255859375,-1.69921875
483.3,-7.255859375,-1.6796875
483.6,-7.2607421875,-1.630859375
483.9,-7.255859375,-1.71875
484.2,-7.2607421875,-1.73828125
484.5,-7.255859375,-1.8994140625
484.8,-7.2607421875,-2.060546875
485.1,-7.2607421875,-2.1630859375
485.4,-7.265625,-2.01171875
485.7,-7.265625,-1.6455078125
486.0,-7.265625,-1.5771484375
486.3,-7.265625,-1.4111328125
486.6,-7.28515625,-1.6162109375
486.9,-7.275390625,-1.6015625
487.2,-7.275390625,-1.4208984375
487.5,-7.2705078125,-1.4306640625
487.8,-7.2705078125,-1.03515625
488.1,-7.2802734375,-1.279296875
488.4,-7.2802734375,-1.0205078125
488.7,-7.2802734375,-0.80078125
489.0,-7.275390625,-0.9521484375
489.3,-7.2802734375,-0.908203125
489.6,-7.2802734375,-1.0009765625
489.9,-7.275390625,-1.181640625
490.2,-7.28515625,-1.3037109375
490.5,-7.28515625,-1.2158203125
490.8,-7.28515625,-0.9033203125
491.1,-7.294921875,-0.8251953125
491.4,-7.28515625,-0.986328125
491.7,-7.294921875,-0.9814453125
492.0,-7.294921875,-0.8740234375
492.3,-7.2900390625,-1.181640625
492.6,-7.2998046875,-1.5966796875
492.9,-7.294921875,-1.3525390625
493.2,-7.3046875,-1.19140625
493.5,-7.2998046875,-1.435546875
493.8,-7.2998046875,-2.001953125
494.1,-7.2998046875,-2.109375
494.4,-7.294921875,-2.2998046875
494.7,-7.314453125,-1.982421875
495.0,-7.2998046875,-2.1142578125
495.3,-7.3046875,-2.48046875
495.6,-7.2998046875,-2.16796875
495.9,-7.3095703125,-2.2119140625
496.2,-7.3095703125,-2.119140625
496.5,-7.32421875,-1.982421875
496.8,-7.3193359375,-2.080078125
497.1,-7.3193359375,-1.9921875
497.4,-7.314453125,-1.552734375
497.7,-7.314453125,-1.533203125
498.0,-7.3193359375,-1.9580078125
498.3,-7.3193359375,-2.060546875
498.6,-7.3193359375,-1.9384765625
498.9,-7.3193359375,-1.8896484375
499.2,-7.3388671875,-1.7431640625
499.5,-7.3291015625,-1.46484375
499.8,-7.3193359375,-2.0751953125
500.1,-7.32421875,-1.66015625
500.4,-7.32421875,-1.7822265625
500.7,-7.3291015625,-1.7578125
501.0,-7.32421875,-1.4599609375
501.3,-7.333984375,-1.1865234375
501.6,-7.3291015625,-1.6455078125
501.9,-7.333984375,-1.4892578125
502.2,-7.3388671875,-0.99609375
502.5,-7.333984375,-0.869140625
502.8,-7.3486328125,-0.966796875
503.1,-7.34375,-0.95703125
503.4,-7.3388671875,-1.3525390625
503.7,-7.3388671875,-1.708984375
504.0,-7.34375,-1.8994140625
504.3,-7.3583984375,-1.7919921875
504.6,-7.34375,-1.0498046875
504.9,-7.3486328125,-0.8447265625
505.2,-7.353515625,-0.771484375
505.5,-7.3486328125,-1.0498046875
505.8,-7.353515625,-1.298828125
506.1,-7.353515625,-1.640625
506.4,-7.3583984375,-1.7041015625
506.7,-7.3583984375,-2.001953125
507.0,-7.3486328125,-1.953125
507.3,-7.3486328125,-1.5380859375
507.6,-7.353515625,-0.615234375
507.9,-7.3583984375,-0.68359375
508.2,-7.353515625,-0.341796875
508.5,-7.3583984375,0.0732421875
508.8,-7.353515625,-0.3173828125
509.1,-7.3681640625,-0.126953125
509.4,-7.3681640625,-0.126953125
509.7,-7.3681640625,-0.0244140625
510.0,-7.36328125,-0.166015625
510.3,-7.373046875,-0.4345703125
510.6,-7.3779296875,-1.0205078125
510.9,-7.3876953125,-1.259765625
511.2,-7.373046875,-1.435546875
511.5,-7.3779296875,-1.8701171875
511.8,-7.3779296875,-1.73828125
512.1,-7.3828125,-1.7529296875
512.4,-7.3828125,-1.6943359375
512.7,-7.3779296875,-1.58203125
513.0,-7.3876953125,-1.6748046875
513.3,-7.3876953125,-1.708984375
513.6,-7.3876953125,-1.689453125
513.9,-7.3876953125,-1.8212890625
514.2,-7.3828125,-1.5380859375
514.5,-7.3876953125,-1.66015625
514.8,-7.392578125,-1.982421875
515.1,-7.3291015625,-1.2451171875
515.4,0.0341796875,-0.1904296875
515.7,-7.3974609375,5.9375
516.0,-7.3388671875,5.6494140625
516.3,-7.40234375,4.638671875
516.6,-7.333984375,5.341796875
516.9,-7.3291015625,4.3798828125
517.2,-7.3974609375,3.3984375
517.5,-7.412109375,3.0908203125
517.8,-7.4169921875,2.05078125
518.1,-7.3974609375,1.328125
518.4,-7.40234375,0.7470703125
518.7,-7.4072265625,0.400390625
519.0,-7.4169921875,0.068359375
519.3,-7.4169921875,-0.234375
519.6,-7.4169921875,-0.7666015625
519.9,-7.412109375,-1.2744140625
520.2,-7.4072265625,-1.3818359375
520.5,-7.412109375,-1.2548828125
520.8,-7.4267578125,-1.1083984375
521.1,-7.412109375,-1.3818359375
521.4,-7.4267578125,-0.9619140625
521.7,-7.412109375,-0.9423828125
522.0,-7.421875,-0.8154296875
522.3,-7.421875,-0.4443359375
522.6,-7.431640625,-0.4248046875
522.9,-7.431640625,-0.2294921875
523.2,-7.431640625,-0.3076171875
523.5,-7.099609375,-0.0390625
523.8,-7.109375,0.166015625
524.1,-7.1044921875,0.1220703125
524.4,-7.1044921875,-0.009765625
524.7,-7.109375,-0.9814453125
525.0,-7.109375,-1.4208984375
525.3,-7.1142578125,-1.318359375
525.6,-7.1142578125,-1.9970703125
525.9,-7.119140625,-2.3828125
526.2,-7.1240234375,-2.59765625
526.5,-7.119140625,-2.2216796875
526.8,-7.1240234375,-2.1728515625
527.1,-7.12890625,-2.1044921875
527.4,-7.12890625,-2.5439453125
527.7,-7.1337890625,-1.9775390625
528.0,-7.1337890625,-1.884765625
528.3,-7.12890625,-1.3916015625
528.6,-7.1337890625,-1.806640625
528.9,-7.138671875,-1.7333984375
529.2,-7.138671875,-1.6650390625
529.5,-7.12890625,-1.552734375
529.8,-7.1484375,-2.431640625
530.1,-7.12890625,-2.890625
530.4,-7.12890625,-2.2998046875
530.7,-7.1435546875,-2.490234375
531.0,-7.1484375,-2.01171875
531.3,-7.1337890625,-1.8798828125
531.6,-7.1484375,-2.12890625
531.9,-7.1484375,-2.28515625
532.2,-7.1484375,-1.8701171875
532.5,-7.1484375,-1.8798828125
532.8,-7.1484375,-2.1728515625
533.1,-7.1484375,-2.294921875
533.4,-7.1435546875,-1.5576171875
533.7,-7.1484375,-1.5185546875
534.0,-7.158203125,-1.650390625
534.3,-7.1484375,-2.0361328125
534.6,-7.1484375,-2.294921875
534.9,-7.1435546875,-1.865234375
535.2,-7.1630859375,-2.0361328125
535.5,-7.16796875,-2.4072265625
535.8,-7.1630859375,-2.71484375
536.1,-7.158203125,-2.431640625
536.4,-7.158203125,-2.763671875
536.7,-7.1630859375,-2.3291015625
537.0,-7.1728515625,-1.9140625
537.3,-7.16796875,-2.3193359375
537.6,-7.16796875,-2.548828125
537.9,-7.1728515625,-2.3193359375
538.2,-7.1728515625,-2.2314453125
538.5,-7.1728515625,-1.6845703125
538.8,-7.1728515625,-0.9375
539.1,-7.177734375,-0.458984375
539.4,-7.1875,0.2880859375
539.7,-7.177734375,0.205078125
540.0,-7.1923828125,-0.4833984375
540.3,-7.1826171875,-0.9619140625
540.6,-7.1826171875,-1.3671875
540.9,-7.1826171875,-1.259765625
541.2,-7.1875,-1.640625
541.5,-7.1923828125,-1.77734375
541.8,-7.1875,-1.1083984375
542.1,-7.197265625,-0.908203125
542.4,-7.1875,-1.3916015625
542.7,-7.197265625,-1.4306640625
543.0,-7.1923828125,-1.8359375
543.3,-7.1923828125,-1.58203125
543.6,-7.197265625,-0.966796875
543.9,-7.197265625,-0.751953125
544.2,-7.197265625,-0.4638671875
544.5,-7.2021484375,-0.751953125
544.8,-7.20703125,-0.6298828125
545.1,-7.197265625,-0.87890625
545.4,-7.2021484375,-1.0498046875
545.7,-7.20703125,-1.0888671875
546.0,-7.216796875,-1.142578125
546.3,-7.2119140625,-1.81640625
546.6,-7.216796875,-1.7333984375
546.9,-7.2119140625,-1.630859375
547.2,-7.216796875,-1.4111328125
547.5,-7.216796875,-0.87890625
547.8,-7.216796875,-0.7421875
548.1,-7.216796875,-0.107421875
548.4,-7.2216796875,0.0634765625
548.7,-7.2216796875,0.107421875
549.0,-7.216796875,-0.0048828125
549.3,-7.20703125,0.0146484375
549.6,-7.2314453125,0.56640625
549.9,-7.216796875,0.009765625
550.2,-7.2314453125,-0.52734375
550.5,-7.236328125,0.0341796875
550.8,-7.2314453125,-0.2880859375
551.1,-7.236328125,0.4345703125
551.4,-7.2265625,0.2197265625
551.7,-7.236328125,-0.4736328125
552.0,-7.236328125,-1.1669921875
552.3,-7.2216796875,-1.416015625
552.6,-7.236328125,-1.66015625
552.9,-7.24609375,-1.5625
553.2,-7.2412109375,-1.2158203125
553.5,-7.236328125,-0.60546875
553.8,-7.24609375,-0.3125
554.1,-7.2412109375,-0.09765625
554.4,-7.236328125,-0.1171875
554.7,-7.24609375,-0.0341796875
555.0,-7.2412109375,0.1611328125
555.3,-7.2509765625,-0.419921875
555.6,-7.255859375,-0.78125
555.9,-7.2509765625,-0.849609375
556.2,-7.2412109375,-1.318359375
556.5,-7.2509765625,-1.6259765625
556.8,-7.255859375,-1.3671875
557.1,-7.2607421875,-1.25
557.4,-7.255859375,-1.0107421875
557.7,-7.2509765625,-1.142578125
558.0,-7.2509765625,-1.708984375
558.3,-7.265625,-1.07421875
558.6,-7.2607421875,-0.8544921875
558.9,-7.265625,-0.830078125
559.2,-7.2607421875,-1.15234375
559.5,-7.275390625,-1.337890625
559.8,-7.265625,-1.5185546875
560.1,-7.2607421875,-1.3623046875
560.4,-7.2705078125,-1.5869140625
560.7,-7.2705078125,-1.611328125
561.0,-7.2705078125,-1.07421875
561.3,-7.275390625,-0.80078125
561.6,-7.28515625,-1.1669921875
561.9,-7.275390625,-0.869140625
562.2,-7.2802734375,-0.7177734375
562.5,-7.265625,-0.537109375
0.0,-7.28515625,-1.3818359375
0.3,-7.28515625,-1.220703125
0.6,-7.275390625,-1.123046875
0.9,-7.2802734375,-0.9521484375
1.2,-7.294921875,-1.6455078125
1.5,-7.2900390625,-2.1435546875
1.8,-7.3095703125,-2.1826171875
2.1,-7.294921875,-2.353515625
2.4,-7.3095703125,-1.904296875
2.7,-7.2998046875,-2.3291015625
3.0,-7.2998046875,-2.4951171875
3.3,-7.294921875,-1.7333984375
3.6,-7.2998046875,-1.7236328125
3.9,-7.294921875,-1.8701171875
4.2,-7.294921875,-1.884765625
4.5,-7.2998046875,-2.1337890625
4.8,-7.3046875,-2.392578125
5.1,-7.3095703125,-2.32421875
5.4,-7.2900390625,-2.1484375
5.7,-7.294921875,-1.89453125
6.0,-7.3046875,-2.080078125
6.3,-7.3046875,-2.0751953125
6.6,-7.3095703125,-1.34765625
6.9,-7.3046875,-1.2158203125
7.2,-7.3095703125,-1.0595703125
7.5,-7.314453125,-1.357421875
7.8,-7.314453125,-1.171875
8.1,-7.314453125,-1.5234375
8.4,-7.3193359375,-1.3427734375
8.7,-7.3193359375,-1.123046875
9.0,-7.3193359375,-0.947265625
9.3,-7.32421875,-0.9326171875
9.6,-7.333984375,-1.044921875
9.9,-7.32421875,-1.181640625
10.2,-7.333984375,-1.513671875
10.5,-7.3291015625,-0.947265625
10.8,-7.3193359375,-0.712890625
11.1,-7.32421875,-1.23046875
11.4,-7.3291015625,-1.15234375
11.7,-7.333984375,-1.259765625
12.0,-7.32421875,-1.3916015625
12.3,-7.3388671875,-1.11328125
12.6,-7.34375,-1.5966796875
12.9,-7.34375,-1.62109375
13.2,-7.34375,-1.9580078125
13.5,-7.3388671875,-2.20703125
13.8,-7.3486328125,-1.3330078125
14.1,-7.3583984375,-1.77734375
14.4,-7.3388671875,-1.796875
14.7,-7.34375,-1.787109375
15.0,-7.353515625,-1.904296875
15.3,-7.34375,-1.611328125
15.6,-7.3486328125,-1.19140625
15.9,-7.3583984375,-1.3427734375
16.2,-7.353515625,-1.5185546875
16.5,-7.353515625,-1.533203125
16.8,-7.3583984375,-1.728515625
17.1,-7.3583984375,-1.513671875
17.4,-7.353515625,-1.4111328125
17.7,-7.36328125,-1.3427734375
18.0,-7.36328125,-1.2109375
18.3,-7.3583984375,-0.8984375
18.6,-7.3681640625,-1.1279296875
18.9,-7.3583984375,-1.5087890625
19.2,-7.3583984375,-1.0205078125
19.5,-7.373046875,-0.7373046875
19.8,-7.3681640625,-0.712890625
20.1,-7.3828125,-0.9716796875
20.4,-7.36328125,-0.869140625
20.7,-7.373046875,-1.064453125
21.0,-7.373046875,-0.693359375
21.3,-7.373046875,-0.654296875
21.6,-7.3828125,-1.0205078125
21.9,-7.3779296875,-1.19140625
22.2,-7.3779296875,-1.8701171875
22.5,-7.3828125,-1.767578125
22.8,-7.3876953125,-1.181640625
23.1,-7.3828125,-0.6494140625
23.4,-7.3876953125,-0.361328125
23.7,-7.3828125,-0.7373046875
24.0,-7.392578125,-0.9716796875
24.3,-7.392578125,-1.103515625
24.6,-7.3876953125,-0.6787109375
24.9,-7.392578125,-1.2841796875
25.2,-7.40234375,-1.9287109375
25.5,-7.3974609375,-1.630859375
25.8,-7.3828125,-1.2255859375
26.1,-7.40234375,-1.4111328125
26.4,-7.3779296875,-0.9423828125
26.7,-7.3828125,-0.9716796875
27.0,-7.4072265625,-1.0205078125
27.3,-7.4072265625,-1.923828125
27.6,-7.3974609375,-1.865234375
27.9,-7.40234375,-1.6748046875
28.2,-7.40234375,-1.5087890625
28.5,-7.40234375,-0.654296875
28.8,-7.412109375,-0.5078125
29.1,-7.40234375,-0.341796875
29.4,-7.421875,-0.4052734375
29.7,-7.412109375,-0.556640625
30.0,-7.412109375,-0.166015625
30.3,-7.4072265625,0.078125
30.6,-7.412109375,-0.048828125
30.9,-7.4072265625,-0.712890625
31.2,-7.4072265625,-0.810546875
31.5,-7.421875,-1.7431640625
31.8,-7.421875,-2.255859375
32.1,-7.431640625,-2.412109375
32.4,-7.421875,-2.626953125
32.7,-7.4267578125,-2.3388671875
33.0,-7.451171875,-2.7294921875
33.3,-7.4169921875,-2.4560546875
33.6,-7.1044921875,-2.373046875
33.9,-7.109375,-2.65625
34.2,-7.1240234375,-3.18359375
34.5,-7.099609375,-3.251953125
34.8,-7.1142578125,-2.900390625
35.1,-7.119140625,-2.734375
35.4,-7.109375,-2.6513671875
35.7,-7.1142578125,-2.8369140625
36.0,-7.119140625,-2.2021484375
36.3,-7.1240234375,-1.46484375
36.6,-7.1142578125,-1.5478515625
36.9,-7.12890625,-2.1044921875
37.2,-7.1337890625,-2.255859375
37.5,-7.1240234375,-2.8173828125
37.8,-7.1240234375,-3.603515625
38.1,-7.1337890625,-3.0859375
38.4,-7.1337890625,-3.3154296875
38.7,-7.1337890625,-3.6767578125
39.0,-7.12890625,-4.033203125
39.3,-7.1337890625,-3.88671875
39.6,-7.12890625,-3.3642578125
39.9,-7.1337890625,-2.5390625
40.2,-7.138671875,-2.40234375
40.5,-7.119140625,-2.4609375
40.8,-7.1484375,-2.7978515625
41.1,-7.1484375,-3.2177734375
41.4,-7.1337890625,-2.7197265625
41.7,-7.158203125,-2.373046875
42.0,-7.1484375,-2.5634765625
42.3,-7.1630859375,-2.24609375
42.6,-7.1484375,-2.2998046875
42.9,-7.138671875,-2.333984375
43.2,-7.1533203125,-2.255859375
43.5,-7.158203125,-1.865234375
43.8,-7.158203125,-2.03125
44.1,-7.1484375,-1.337890625
44.4,-7.1533203125,-1.279296875
44.7,-7.158203125,-1.2841796875
45.0,-7.16796875,-0.9765625
45.3,-7.16796875,-1.2255859375
45.6,-7.1630859375,-1.1328125
45.9,-7.1728515625,-1.1865234375
46.2,-7.16796875,-1.8408203125
46.5,-7.158203125,-2.3779296875
46.8,-7.1533203125,-2.83203125
47.1,-7.1630859375,-3.0908203125
47.4,-7.16796875,-2.5830078125
47.7,-7.1728515625,-2.2705078125
48.0,-7.1728515625,-1.8896484375
48.3,-7.16796875,-1.5625
48.6,-7.1728515625,-1.9189453125
48.9,-7.1728515625,-1.9140625
49.2,-7.177734375,-2.2265625
49.5,-7.1826171875,-2.255859375
49.8,-7.1875,-1.73828125
50.1,-7.1728515625,-1.5283203125
50.4,-7.1875,-1.572265625
50.7,-7.1923828125,-1.826171875
51.0,-7.1923828125,-1.71875
51.3,-7.177734375,-1.171875
51.6,-7.1826171875,-1.640625
51.9,-7.1923828125,-1.58203125
52.2,-7.1923828125,-1.1669921875
52.5,-7.1923828125,-0.6103515625
52.8,-7.1875,-0.126953125
53.1,-7.1923828125,0.3662109375
53.4,-7.197265625,0.0537109375
53.7,-7.2021484375,-0.0732421875
54.0,-7.2119140625,-0.78125
54.3,-7.2021484375,-0.2490234375
54.6,-7.20703125,-0.1513671875
54.9,-7.1875,-0.8935546875
55.2,-7.2119140625,-1.2158203125
55.5,-7.20703125,-1.376953125
55.8,-7.20703125,-1.533203125
56.1,-7.20703125,-1.1669921875
56.4,-7.216796875,-1.0498046875
56.7,-7.2119140625,-0.64453125
57.0,-7.216796875,-0.6494140625
57.3,-7.2265625,-0.283203125
57.6,-7.216796875,-0.302734375
57.9,-7.2216796875,-0.6005859375
58.2,-7.2119140625,-1.337890625
58.5,-7.216796875,-1.591796875
58.8,-7.2216796875,-1.66015625
59.1,-7.2216796875,-1.552734375
59.4,-7.216796875,-1.806640625
59.7,-7.2265625,-1.5869140625
60.0,-7.2216796875,-2.05078125
60.3,-7.2314453125,-2.158203125
60.6,-7.236328125,-2.3974609375
60.9,-7.2314453125,-1.0595703125
61.2,-7.236328125,-0.8935546875
61.5,-7.2265625,-1.083984375
61.8,-7.2314453125,-1.2939453125
62.1,-7.2314453125,-1.2548828125
62.4,-7.236328125,-1.9580078125
62.7,-7.2412109375,-1.943359375
63.0,-7.2412109375,-1.4111328125
63.3,-7.2412109375,-1.142578125
63.6,-7.255859375,-1.19140625
63.9,-7.24609375,0.0
64.2,-7.24609375,0.1416015625
64.5,-7.2509765625,0.0
64.8,-7.2412109375,0.25390625
65.1,-7.24609375,-0.390625
65.4,-7.24609375,-0.4931640625
65.7,-7.2412109375,-0.556640625
66.0,-7.2705078125,-1.201171875
66.3,-7.2509765625,-1.494140625
66.6,-7.2509765625,-1.5087890625
66.9,-7.255859375,-1.42578125
67.2,-7.2509765625,-1.005859375
67.5,-7.265625,-1.044921875
67.8,-7.2509765625,-1.6162109375
68.1,-7.2607421875,-2.3046875
68.4,-7.255859375,-2.900390625
68.7,-7.2802734375,-3.0615234375
69.0,-7.255859375,-3.0322265625
69.3,-7.255859375,-3.02734375
69.6,-7.265625,-2.8857421875
69.9,-7.2705078125,-2.6904296875
70.2,-7.265625,-2.119140625
70.5,-7.255859375,-2.12890625
70.8,-7.2802734375,-1.4208984375
71.1,-7.265625,-0.8349609375
71.4,-7.2607421875,-1.2353515625
71.7,-7.2802734375,-1.6748046875
72.0,-7.2705078125,-1.2158203125
72.3,-7.28515625,-1.064453125
72.6,-7.2802734375,-0.9912109375
72.9,-7.294921875,-0.9716796875
73.2,-7.2900390625,-1.6796875
73.5,-7.28515625,-1.875
73.8,-7.2802734375,-2.0263671875
74.1,-7.294921875,-2.109375
74.4,-7.294921875,-1.5966796875
74.7,-7.294921875,-0.80078125
75.0,-7.2802734375,-0.9814453125
75.3,-7.294921875,-1.5283203125
75.6,-7.28515625,-1.9921875
75.9,-7.2802734375,-2.099609375
76.2,-7.2900390625,-1.40625
76.5,-7.2900390625,-1.38671875
76.8,-7.3046875,-1.4501953125
77.1,-7.3046875,-1.6455078125
77.4,-7.3095703125,-1.6357421875
77.7,-7.294921875,-1.923828125
78.0,-7.2998046875,-1.5234375
78.3,-7.28515625,-0.9814453125
78.6,-7.3193359375,-1.2548828125
78.9,-7.3095703125,-1.2646484375
79.2,-7.3095703125,-1.6015625
79.5,-7.3046875,-1.5625
79.8,-7.3095703125,-1.38671875
80.1,-7.3095703125,-1.630859375
80.4,-7.3095703125,-1.5185546875
80.7,-7.3193359375,-2.060546875
81.0,-7.3193359375,-2.705078125
81.3,-7.32421875,-2.578125
81.6,-7.3193359375,-2.1240234375
81.9,-7.32421875,-1.7431640625
82.2,-7.314453125,-1.6357421875
82.5,-7.3193359375,-1.5478515625
82.8,-7.3193359375,-1.298828125
83.1,-7.32421875,-1.6259765625
83.4,-7.3291015625,-1.4306640625
83.7,-7.32421875,-1.38671875
84.0,-7.3291015625,-1.15234375
84.3,-7.3291015625,-1.0986328125
84.6,-7.3291015625,-1.6015625
84.9,-7.353515625,-1.6796875
85.2,-7.3388671875,-1.484375
85.5,-7.314453125,-0.9716796875
85.8,-7.3291015625,-0.9130859375
86.1,-7.3388671875,-1.23046875
86.4,-7.3486328125,-1.171875
86.7,-7.34375,-1.5185546875
87.0,-7.3388671875,-1.3818359375
87.3,-7.34375,-0.7080078125
87.6,-7.353515625,0.224609375
87.9,-7.3486328125,0.166015625
88.2,-7.3486328125,-0.09765625
88.5,-7.3486328125,0.4296875
88.8,-7.3486328125,0.126953125
89.1,-7.34375,0.0927734375
89.4,-7.3583984375,0.2734375
89.7,-7.353515625,-0.1220703125
90.0,-7.3583984375,-0.6103515625
90.3,-7.353515625,-0.4736328125
90.6,-7.3681640625,-0.5078125
90.9,-7.36328125,-0.7177734375
91.2,-7.3583984375,-0.986328125
91.5,-7.34375,-1.40625
91.8,-7.36328125,-1.1767578125
92.1,-7.3583984375,-0.8984375
92.4,-7.3486328125,-1.0693359375
92.7,-7.36328125,-0.8935546875
93.0,-7.3681640625,-1.3818359375
93.3,-7.3681640625,-1.4453125
93.6,-7.3681640625,-1.142578125
93.9,-7.36328125,-1.30859375
94.2,-7.3681640625,-1.474609375
94.5,-7.3583984375,-1.2646484375
94.8,-7.3779296875,-1.1328125
95.1,-7.3779296875,-1.220703125
95.4,-7.373046875,-1.46484375
95.7,-7.3974609375,-1.0546875
96.0,-7.3876953125,-1.1962890625
96.3,-7.3876953125,-1.4990234375
96.6,-7.3876953125,-1.4501953125
96.9,-7.392578125,-1.3720703125
97.2,-7.373046875,-1.201171875
97.5,-7.3828125,-1.30859375
97.8,-7.3828125,-0.830078125
98.1,-7.4072265625,-1.0498046875
98.4,-7.3974609375,-1.30859375
98.7,-7.3876953125,-1.5869140625
99.0,-7.40234375,-2.1435546875
99.3,-7.3974609375,-2.5732421875
99.6,-7.392578125,-2.9638671875
99.9,-7.392578125,-2.6123046875
100.2,-7.3828125,-2.919921875
100.5,-7.3974609375,-2.724609375
100.8,-7.3876953125,-2.8759765625
101.1,-7.392578125,-3.6865234375
101.4,-7.3974609375,-4.169921875
101.7,-7.4072265625,-2.7978515625
102.0,-7.4169921875,-2.5244140625
102.3,-7.3974609375,-2.666015625
102.6,-7.412109375,-3.5498046875
102.9,-7.4169921875,-2.9150390625
103.2,-7.40234375,-2.7294921875
103.5,-7.4072265625,-2.0263671875
103.8,-7.412109375,-1.71875
104.1,-7.412109375,-1.9189453125
104.4,-7.412109375,-1.162109375
104.7,-7.4169921875,-0.8544921875
105.0,-7.412109375,-0.99609375
105.3,-7.421875,-1.23046875
105.6,-7.412109375,-1.50390625
105.9,-7.421875,-1.40625
106.2,-7.4169921875,-1.6650390625
106.5,-7.4267578125,-1.1865234375
106.8,-7.421875,-1.4208984375
107.1,-7.421875,-1.2744140625
107.4,-7.421875,-0.966796875
107.7,-7.431640625,-1.259765625
108.0,-7.421875,-1.4404296875
108.3,-7.1142578125,-2.109375
108.6,-7.1142578125,-2.2021484375
108.9,-7.1240234375,-2.20703125
109.2,-7.119140625,-1.9091796875
109.5,-7.1142578125,-1.8212890625
109.8,-7.109375,-1.8115234375
110.1,-7.109375,-2.5537109375
110.4,-7.1044921875,-2.6611328125
110.7,-7.099609375,-2.216796875
111.0,-7.12890625,-1.728515625
111.3,-7.12890625,-1.5576171875
111.6,-7.1142578125,-1.9091796875
111.9,-7.1240234375,-1.767578125
112.2,-7.1435546875,-1.9140625
112.5,-7.1240234375,-2.1484375
112.8,-7.1337890625,-1.7822265625
113.1,-7.12890625,-2.041015625
113.4,-7.1240234375,-1.7529296875
113.7,-7.138671875,-1.7578125
114.0,-7.12890625,-1.7041015625
114.3,-7.1484375,-1.4501953125
114.6,-7.1337890625,-1.2109375
114.9,-7.1337890625,-0.9521484375
115.2,-7.12890625,-0.3515625
115.5,-7.1337890625,-0.1953125
115.8,-7.1435546875,-0.2490234375
116.1,-7.1337890625,0.1416015625
116.4,-7.1435546875,0.2099609375
116.7,-7.1533203125,-0.2587890625
117.0,-7.1435546875,-0.7177734375
117.3,-7.1630859375,-1.25
117.6,-7.158203125,-1.9140625
117.9,-7.1435546875,-1.9189453125
118.2,-7.158203125,-2.5048828125
118.5,-7.158203125,-2.1728515625
118.8,-7.158203125,-2.1826171875
119.1,-7.158203125,-1.5869140625
119.4,-7.1484375,-1.2841796875
119.7,-7.1484375,-1.9970703125
120.0,-7.16796875,-2.3828125
120.3,-7.1630859375,-2.6513671875
120.6,-7.16796875,-2.265625
120.9,-7.16796875,-2.529296875
121.2,-7.158203125,-2.4609375
121.5,-7.1630859375,-1.97265625
121.8,-7.16796875,-2.2314453125
122.1,-7.16796875,-2.1435546875
122.4,-7.1630859375,-2.51953125
122.7,-7.16796875,-2.2509765625
123.0,-7.16796875,-2.265625
123.3,-7.177734375,-2.03125
123.6,-7.1728515625,-1.9580078125
123.9,-7.177734375,-1.34765625
124.2,-7.177734375,-1.533203125
124.5,-7.16796875,-1.298828125
124.8,-7.1728515625,-1.03515625
125.1,-7.1923828125,-1.171875
125.4,-7.177734375,-1.396484375
125.7,-7.1875,-1.7041015625
126.0,-7.1826171875,-1.5576171875
126.3,-7.1826171875,-1.142578125
126.6,-7.1826171875,-1.3671875
126.9,-7.177734375,-1.6455078125
127.2,-7.1923828125,-1.6650390625
127.5,-7.1826171875,-2.20703125
127.8,-7.1826171875,-2.5927734375
128.1,-7.1923828125,-2.802734375
128.4,-7.197265625,-2.1630859375
128.7,-7.197265625,-1.923828125
129.0,-7.197265625,-1.4599609375
129.3,-7.2021484375,-1.162109375
129.6,-7.197265625,-0.8837890625
129.9,-7.197265625,-0.9716796875
130.2,-7.197265625,-0.78125
130.5,-7.197265625,-0.7958984375
130.8,-7.2021484375,-0.634765625
131.1,-7.197265625,-0.5517578125
131.4,-7.1826171875,-0.7373046875
131.7,-7.2119140625,-0.8251953125
132.0,-7.197265625,-0.87890625
132.3,-7.20703125,-0.732421875
132.6,-7.2119140625,-0.7177734375
132.9,-7.197265625,-0.76171875
133.2,-7.2021484375,-0.95703125
133.5,-7.2265625,-1.1376953125
133.8,-7.216796875,-1.19140625
134.1,-7.216796875,-1.1181640625
134.4,-7.216796875,-1.11328125
134.7,-7.2216796875,-0.9716796875
135.0,-7.2265625,-1.0107421875
135.3,-7.216796875,-1.142578125
135.6,-7.2021484375,-1.025390625
135.9,-7.2314453125,-1.1376953125
136.2,-7.216796875,-1.1669921875
136.5,-7.2265625,-1.2109375
136.8,-7.2314453125,-1.4013671875
137.1,-7.2265625,-1.34765625
137.4,-7.2412109375,-1.2646484375
137.7,-7.2265625,-1.181640625
138.0,-7.2216796875,-0.966796875
138.3,-7.2216796875,-0.859375
138.6,-7.236328125,-0.95703125
138.9,-7.216796875,-0.9375
139.2,-7.24609375,-1.0595703125
139.5,-7.2314453125,-1.1572265625
139.8,-7.2412109375,-1.1962890625
140.1,-7.2412109375,-1.1962890625
140.4,-7.236328125,-1.07421875
140.7,-7.236328125,-1.1279296875
141.0,-7.2412109375,-1.0205078125
141.3,-7.255859375,-0.99609375
141.6,-7.24609375,-1.1328125
141.9,-7.236328125,-1.30859375
142.2,-7.2412109375,-1.3330078125
142.5,-7.2509765625,-1.376953125
142.8,-7.24609375,-1.38671875
143.1,-7.2509765625,-1.4501953125
143.4,-7.2509765625,-1.4892578125
143.7,-7.255859375,-1.396484375
144.0,-7.255859375,-1.3818359375
144.3,-7.2509765625,-1.4208984375
144.6,-7.255859375,-1.513671875
144.9,-7.2607421875,-1.513671875
145.2,-7.265625,-1.3916015625
145.5,-7.2607421875,-1.455078125
145.8,-7.255859375,-1.5234375
146.1,-7.255859375,-1.4453125
146.4,-7.2705078125,-1.162109375
146.7,-7.2607421875,-1.0009765625
147.0,-7.2705078125,-0.9521484375
147.3,-7.265625,-0.908203125
147.6,-7.2705078125,-1.0107421875
147.9,-7.265625,-1.2255859375
148.2,-7.275390625,-1.181640625
148.5,-7.2802734375,-1.015625
148.8,-7.28515625,-0.927734375
149.1,-7.275390625,-1.09375
149.4,-7.275390625,-1.0498046875
149.7,-7.2802734375,-1.0546875
150.0,-7.2705078125,-0.908203125
150.3,-7.28515625,-0.9619140625
150.6,-7.2802734375,-0.810546875
150.9,-7.28515625,-0.693359375
151.2,-7.28515625,-0.6884765625
151.5,-7.2705078125,-0.751953125
151.8,-7.28515625,-0.78125
152.1,-7.2900390625,-0.8837890625
152.4,-7.294921875,-0.927734375
152.7,-7.2900390625,-0.76171875
153.0,-7.2998046875,-0.7275390625
153.3,-7.28515625,-0.87890625
153.6,-7.2998046875,-1.083984375
153.9,-7.28515625,-1.171875
154.2,-7.2998046875,-1.3818359375
154.5,-7.294921875,-1.4599609375
154.8,-7.3046875,-1.435546875
155.1,-7.294921875,-1.3330078125
155.4,-7.294921875,-1.2255859375
155.7,-7.28515625,-1.15234375
156.0,-7.3046875,-1.25
156.3,-7.3046875,-1.181640625
156.6,-7.3095703125,-1.2255859375
156.9,-7.3095703125,-1.1181640625
157.2,-7.3193359375,-1.2646484375
157.5,-7.3095703125,-1.23046875
157.8,-7.2998046875,-1.11328125
158.1,-7.3095703125,-1.1376953125
158.4,-7.314453125,-1.0546875
158.7,-7.314453125,-1.162109375
159.0,-7.32421875,-1.1328125
159.3,-7.3095703125,-1.3916015625
159.6,-7.314453125,-1.328125
159.9,-7.3193359375,-1.220703125
160.2,-7.32421875,-1.0986328125
160.5,-7.3193359375,-0.9326171875
160.8,-7.32421875,-0.8203125
161.1,-7.314453125,-0.966796875
161.4,-7.32421875,-1.123046875
161.7,-7.3291015625,-1.1767578125
162.0,-7.333984375,-1.083984375
162.3,-7.3291015625,-1.123046875
162.6,-7.3291015625,-1.181640625
162.9,-7.333984375,-1.1376953125
163.2,-7.32421875,-1.26953125
163.5,-7.3388671875,-1.34765625
163.8,-7.333984375,-1.455078125
164.1,-7.333984375,-1.416015625
164.4,-7.333984375,-1.2939453125
164.7,-7.34375,-1.1669921875
165.0,-7.3388671875,-1.083984375
165.3,-7.3388671875,-1.25
165.6,-7.353515625,-1.279296875
165.9,-7.333984375,-1.3427734375
166.2,-7.3388671875,-1.337890625
166.5,-7.36328125,-1.357421875
166.8,-7.34375,-1.4794921875
167.1,-7.3388671875,-1.4697265625
167.4,-7.36328125,-1.5478515625
167.7,-7.3486328125,-1.572265625
168.0,-7.3486328125,-1.6162109375
168.3,-7.353515625,-1.6845703125
168.6,-7.34375,-1.962890625
168.9,-7.3583984375,-2.119140625
169.2,-7.3486328125,-2.05078125
169.5,-7.353515625,-2.197265625
169.8,-7.3486328125,-2.2265625
170.1,-7.3681640625,-2.1337890625
170.4,-7.36328125,-2.3046875
170.7,-7.3583984375,-2.3095703125
171.0,-7.3583984375,-2.3193359375
171.3,-7.36328125,-2.4462890625
171.6,-7.3681640625,-2.509765625
171.9,-7.3779296875,-2.4755859375
172.2,-7.3779296875,-2.4365234375
172.5,-7.3681640625,-2.431640625
172.8,-7.3681640625,-2.4169921875
173.1,-7.3681640625,-2.2900390625
173.4,-7.3583984375,-2.0361328125
173.7,-7.3681640625,-1.845703125
174.0,-7.373046875,-1.8603515625
174.3,-7.373046875,-1.748046875
174.6,-7.373046875,-1.5966796875
174.9,-7.3779296875,-1.376953125
175.2,-7.3828125,-1.279296875
175.5,-7.3779296875,-0.9375
175.8,-7.353515625,-0.7470703125
176.1,-7.3779296875,-0.7470703125
176.4,-7.3828125,-0.8056640625
176.7,-7.40234375,-0.888671875
177.0,-7.3876953125,-0.91796875
177.3,-7.392578125,-0.6494140625
177.6,-7.392578125,-0.693359375
177.9,-7.392578125,-0.60546875
178.2,-7.392578125,-0.6884765625
178.5,-7.3974609375,-0.7177734375
178.8,-7.3974609375,-0.849609375
179.1,-7.3974609375,-0.95703125
179.4,-7.3876953125,-0.9130859375
179.7,-7.412109375,-0.908203125
180.0,-7.3974609375,-0.9619140625
180.3,-7.3876953125,-0.8935546875
180.6,-7.4072265625,-0.9375
180.9,-7.412109375,-0.8203125
181.2,-7.40234375,-0.7470703125
181.5,-7.40234375,-0.859375
181.8,-7.4072265625,-0.8984375
182.1,-7.4072265625,-1.015625
182.4,-7.412109375,-0.9228515625
182.7,-7.4169921875,-1.11328125
183.0,-7.40234375,-1.1376953125
183.3,-7.40234375,-1.201171875
183.6,-7.4169921875,-1.2109375
183.9,-7.40234375,-1.23046875
184.2,-7.4267578125,-1.1767578125
184.5,-7.421875,-1.103515625
184.8,-7.4169921875,-0.8544921875
185.1,-7.4267578125,-0.6689453125
185.4,-7.421875,-0.68359375
185.7,-7.431640625,-0.908203125
186.0,-7.431640625,-0.849609375
186.3,-7.4169921875,-0.859375
186.6,-7.412109375,-0.9912109375
186.9,-7.431640625,-0.9814453125
187.2,-7.0947265625,-1.0791015625
187.5,-7.109375,-1.171875
187.8,-7.1142578125,-1.2548828125
188.1,-7.119140625,-1.162109375
188.4,-7.099609375,-1.0693359375
188.7,-7.109375,-1.1669921875
189.0,-7.12890625,-1.26953125
189.3,-7.1337890625,-1.5625
189.6,-7.138671875,-1.7626953125
189.9,-7.109375,-1.904296875
190.2,-7.119140625,-2.1533203125
190.5,-7.119140625,-2.109375
190.8,-7.119140625,-2.01171875
191.1,-7.119140625,-1.8994140625
191.4,-7.1337890625,-1.796875
191.7,-7.12890625,-1.8505859375
192.0,-7.12890625,-1.630859375
192.3,-7.12890625,-1.845703125
192.6,-7.1337890625,-1.7041015625
192.9,-7.1337890625,-1.533203125
193.2,-7.1240234375,-1.5869140625
193.5,-7.1337890625,-1.5625
193.8,-7.138671875,-1.337890625
194.1,-7.1337890625,-1.2451171875
194.4,-7.1435546875,-1.201171875
194.7,-7.138671875,-1.19140625
195.0,-7.1337890625,-1.240234375
195.3,-7.1484375,-1.396484375
195.6,-7.1435546875,-1.30859375
195.9,-7.1337890625,-1.2841796875
196.2,-7.1533203125,-1.4306640625
196.5,-7.1484375,-1.66015625
196.8,-7.1533203125,-1.875
197.1,-7.1533203125,-1.8896484375
197.4,-7.1484375,-1.8359375
197.7,-7.1533203125,-1.6748046875
198.0,-7.1337890625,-1.7919921875
198.3,-7.1435546875,-1.630859375
198.6,-7.16796875,-1.6064453125
198.9,-7.1630859375,-1.7138671875
199.2,-7.1435546875,-1.66015625
199.5,-7.1630859375,-1.6455078125
199.8,-7.1630859375,-1.7041015625
200.1,-7.1728515625,-1.8017578125
200.4,-7.1728515625,-1.7724609375
200.7,-7.1533203125,-1.689453125
201.0,-7.16796875,-1.5771484375
201.3,-7.1630859375,-1.748046875
201.6,-7.1728515625,-1.77734375
201.9,-7.16796875,-1.513671875
202.2,-7.1826171875,-1.4599609375
202.5,-7.1728515625,-1.4404296875
202.8,-7.1728515625,-1.3232421875
203.1,-7.1728515625,-1.416015625
203.4,-7.177734375,-1.484375
203.7,-7.1826171875,-1.513671875
204.0,-7.177734375,-1.4794921875
204.3,-7.1728515625,-1.552734375
204.6,-7.1826171875,-1.494140625
204.9,-7.197265625,-1.2060546875
205.2,-7.16796875,-1.3916015625
205.5,-7.1923828125,-1.328125
205.8,-7.1875,-1.4599609375
206.1,-7.1875,-1.50390625
206.4,-7.177734375,-1.4697265625
206.7,-7.1923828125,-1.5771484375
207.0,-7.197265625,-1.5576171875
207.3,-7.2021484375,-1.93359375
207.6,-7.1923828125,-1.81640625
207.9,-7.2021484375,-1.7919921875
208.2,-7.1923828125,-1.7822265625
208.5,-7.1923828125,-1.787109375
208.8,-7.197265625,-1.73828125
209.1,-7.2021484375,-1.8505859375
209.4,-7.1923828125,-1.93359375
209.7,-7.20703125,-1.796875
210.0,-7.2021484375,-1.728515625
210.3,-7.2119140625,-1.8701171875
210.6,-7.20703125,-1.9482421875
210.9,-7.2119140625,-2.177734375
211.2,-7.2021484375,-2.2900390625
211.5,-7.2119140625,-2.197265625
211.8,-7.1923828125,-2.2705078125
212.1,-7.20703125,-2.5048828125
212.4,-7.2265625,-2.1923828125
212.7,-7.2119140625,-2.1044921875
213.0,-7.2314453125,-2.1630859375
213.3,-7.216796875,-2.1533203125
213.6,-7.2119140625,-2.2216796875
213.9,-7.2216796875,-2.138671875
214.2,-7.2216796875,-2.1826171875
214.5,-7.2314453125,-2.197265625
214.8,-7.216796875,-2.3681640625
215.1,-7.2216796875,-2.412109375
215.4,-7.2265625,-2.4853515625
215.7,-7.2216796875,-2.4951171875
216.0,-7.236328125,-2.4560546875
216.3,-7.2216796875,-2.48046875
216.6,-7.2216796875,-2.3095703125
216.9,-7.2314453125,-2.2021484375
217.2,-7.236328125,-2.158203125
217.5,-7.2412109375,-2.1728515625
217.8,-7.2265625,-2.1630859375
218.1,-7.236328125,-2.1728515625
218.4,-7.2412109375,-2.03125
218.7,-7.2412109375,-1.9189453125
219.0,-7.24609375,-2.0361328125
219.3,-7.2412109375,-2.2412109375
219.6,-7.2412109375,-1.9970703125
219.9,-7.2509765625,-2.0068359375
220.2,-7.2412109375,-2.001953125
220.5,-7.2607421875,-1.9384765625
220.8,-7.24609375,-1.8603515625
221.1,-7.255859375,-1.8408203125
221.4,-7.255859375,-1.6357421875
221.7,-7.24609375,-1.62109375
222.0,-7.255859375,-1.62109375
222.3,-7.2509765625,-1.5576171875
222.6,-7.265625,-1.3916015625
222.9,-7.2607421875,-1.23046875
223.2,-7.255859375,-1.3720703125
223.5,-7.265625,-1.1865234375
223.8,-7.265625,-1.15234375
224.1,-7.275390625,-1.240234375
224.4,-7.2607421875,-1.201171875
224.7,-7.2705078125,-1.26953125
225.0,-7.2607421875,-1.2255859375
225.3,-7.2705078125,-1.26953125
225.6,-7.2802734375,-1.259765625
225.9,-7.2998046875,-1.3134765625
226.2,-7.2705078125,-1.328125
226.5,-7.2802734375,-1.318359375
226.8,-7.2802734375,-1.2060546875
227.1,-7.275390625,-1.2841796875
227.4,-7.2705078125,-1.416015625
227.7,-7.28515625,-1.5185546875
228.0,-7.2802734375,-1.494140625
228.3,-7.294921875,-1.5966796875
228.6,-7.28515625,-1.474609375
228.9,-7.2900390625,-1.6015625
229.2,-7.2802734375,-1.7138671875
229.5,-7.275390625,-1.8994140625
229.8,-7.2900390625,-1.8408203125
230.1,-7.2998046875,-1.93359375
230.4,-7.2900390625,-2.1044921875
230.7,-7.2998046875,-1.9921875
231.0,-7.2998046875,-1.8701171875
231.3,-7.2998046875,-1.7822265625
231.6,-7.2998046875,-1.728515625
231.9,-7.2998046875,-1.7041015625
232.2,-7.3046875,-1.6162109375
232.5,-7.2998046875,-1.6845703125
232.8,-7.3046875,-1.5087890625
233.1,-7.314453125,-1.162109375
233.4,-7.2998046875,-1.2109375
233.7,-7.3095703125,-1.181640625
234.0,-7.3046875,-1.19140625
234.3,-7.32421875,-1.1767578125
234.6,-7.3095703125,-1.123046875
234.9,-7.3095703125,-1.240234375
235.2,-7.3046875,-1.5234375
235.5,-7.32421875,-1.630859375
235.8,-7.3095703125,-1.640625
236.1,-7.314453125,-1.6748046875
236.4,-7.3046875,-1.7626953125
236.7,-7.3193359375,-1.572265625
237.0,-7.3388671875,-1.5185546875
237.3,-7.3046875,-1.474609375
237.6,-7.333984375,-1.71875
237.9,-7.32421875,-1.77734375
238.2,-7.3193359375,-1.8603515625
238.5,-7.333984375,-1.943359375
238.8,-7.3388671875,-2.03125
239.1,-7.3291015625,-1.9970703125
239.4,-7.3291015625,-2.0068359375
239.7,-7.3388671875,-1.81640625
240.0,-7.3291015625,-1.6455078125
240.3,-7.34375,-1.71875
240.6,-7.333984375,-1.611328125
240.9,-7.3388671875,-1.6162109375
241.2,-7.333984375,-1.689453125
241.5,-7.3388671875,-1.552734375
241.8,-7.3486328125,-1.69921875
242.1,-7.34375,-1.8896484375
242.4,-7.34375,-2.0166015625
242.7,-7.34375,-2.1337890625
243.0,-7.3486328125,-1.8359375
243.3,-7.3486328125,-1.8798828125
243.6,-7.34375,-1.8603515625
243.9,-7.3583984375,-1.9384765625
244.2,-7.34375,-1.89453125
244.5,-7.34375,-1.7919921875
244.8,-7.3583984375,-1.875
245.1,-7.353515625,-1.9677734375
245.4,-7.353515625,-1.8994140625
245.7,-7.36328125,-2.08984375
246.0,-7.3583984375,-2.1484375
246.3,-7.353515625,-2.32421875
246.6,-7.3583984375,-2.216796875
246.9,-7.392578125,-2.2216796875
247.2,-7.373046875,-2.1240234375
247.5,-7.3681640625,-2.05078125
247.8,-7.3681640625,-1.865234375
248.1,-7.3681640625,-1.9091796875
248.4,-7.353515625,-1.796875
248.7,-7.3828125,-1.748046875
249.0,-7.36328125,-1.767578125
249.3,-7.3828125,-1.8505859375
249.6,-7.373046875,-1.9775390625
249.9,-7.373046875,-1.962890625
250.2,-7.3828125,-1.923828125
250.5,-7.3681640625,-1.7919921875
250.8,-7.3779296875,-1.7724609375
251.1,-7.3876953125,-1.7041015625
251.4,-7.373046875,-1.5966796875
251.7,-7.3779296875,-1.826171875
252.0,-7.392578125,-1.93359375
252.3,-7.3828125,-1.982421875
252.6,-7.3876953125,-2.021484375
252.9,-7.392578125,-1.9921875
253.2,-7.3876953125,-1.9921875
253.5,-7.40234375,-1.8798828125
253.8,-7.40234375,-1.806640625
254.1,-7.40234375,-1.9677734375
254.4,-7.3974609375,-1.6845703125
254.7,-7.4072265625,-1.669921875
255.0,-7.392578125,-1.6015625
255.3,-7.4072265625,-1.474609375
255.6,-7.40234375,-1.4794921875
255.9,-7.40234375,-1.484375
256.2,-7.4169921875,-1.3916015625
256.5,-7.40234375,-1.3916015625
256.8,-7.40234375,-1.3916015625
257.1,-7.4169921875,-1.4013671875
257.4,-7.4169921875,-1.396484375
257.7,-7.4169921875,-1.40625
258.0,-7.412109375,-1.4013671875
258.3,-7.412109375,-1.4013671875
258.6,-7.4169921875,-1.416015625
258.9,-7.4169921875,-1.416015625
259.2,-7.431640625,-1.416015625
259.5,-7.412109375,-1.4208984375
259.8,-7.4267578125,-1.416015625
260.1,-7.4169921875,-1.396484375
260.4,-7.4267578125,-1.4013671875
260.7,-7.4267578125,-1.4111328125
261.0,-7.1044921875,-1.416015625
261.3,-7.1044921875,-1.4111328125
261.6,-7.1142578125,-1.416015625
261.9,-7.109375,-1.416015625
262.2,-7.1142578125,-1.416015625
262.5,-7.1044921875,-1.396484375
262.8,-7.119140625,-1.4208984375
263.1,-7.109375,-1.416015625
263.4,-7.109375,-1.4208984375
263.7,-7.1142578125,-1.4306640625
264.0,-7.099609375,-1.416015625
264.3,-7.1142578125,-1.4306640625
264.6,-7.1142578125,-1.40625
264.9,-7.1044921875,-1.40625
265.2,-7.109375,-1.40625
265.5,-7.0947265625,-1.40625
265.8,-7.109375,-1.4208984375
266.1,-7.109375,-1.42578125
266.4,-7.1044921875,-1.4306640625
266.7,-7.1142578125,-1.4306640625
267.0,-7.1142578125,-1.42578125
267.3,-7.109375,-1.4306640625
267.6,-7.1240234375,-1.42578125
267.9,-7.099609375,-1.4306640625
268.2,-7.1240234375,-1.435546875
268.5,-0.8154296875,-1.4208984375
268.8,-0.830078125,-1.435546875
269.1,-0.8154296875,-1.416015625
269.4,-0.8203125,-1.4111328125
269.7,-0.80078125,-1.4013671875
270.0,-0.810546875,-1.3916015625
270.3,-0.830078125,-0.5224609375
270.6,-0.8203125,-0.5810546875
270.9,-0.8154296875,-0.6201171875
271.2,-0.8203125,-0.6396484375
271.5,-0.8056640625,-0.6689453125
271.8,-0.8203125,-0.68359375
272.1,-0.8154296875,-0.7080078125
272.4,-0.8251953125,-0.7080078125
272.7,-0.8154296875,-0.7421875
273.0,-0.8154296875,-0.76171875
273.3,-0.8154296875,-0.751953125
273.6,-0.8251953125,-0.7568359375
273.9,-0.8154296875,-0.76171875
274.2,-0.8154296875,-0.7568359375
274.5,-0.8154296875,-0.751953125
274.8,-0.8154296875,-0.7568359375
275.1,-0.8251953125,-0.76171875
275.4,-0.8154296875,-0.7666015625
275.7,-0.8154296875,-0.76171875
276.0,-0.8154296875,-0.76171875
276.3,-0.810546875,-0.76171875
276.6,-0.8203125,-0.771484375
276.9,-0.8203125,-0.7568359375
277.2,-0.810546875,-0.7666015625
277.5,-0.8154296875,-0.76171875
277.8,-0.8056640625,-0.76171875
278.1,-0.8154296875,-0.771484375
278.4,-0.8154296875,-0.7568359375
278.7,-0.8203125,-0.7666015625
279.0,-0.8154296875,-0.76171875
279.3,-0.810546875,-0.7666015625
279.6,-0.8154296875,-0.7666015625
279.9,-0.8203125,-0.771484375
280.2,-0.7958984375,-0.771484375
280.5,-0.810546875,-0.771484375
280.8,-0.8056640625,-0.771484375
281.1,-0.8251953125,-0.78125
281.4,-0.8154296875,-0.771484375
281.7,-0.8154296875,-0.76171875
282.0,-0.8154296875,-0.7666015625
282.3,-0.8154296875,-0.771484375
282.6,-0.8154296875,-0.78125
282.9,-0.8056640625,-0.771484375
283.2,-0.8203125,-0.7568359375
283.5,-0.810546875,-0.7763671875
283.8,-0.8203125,-0.7763671875
284.1,-0.80078125,-0.7666015625
284.4,-0.830078125,-0.771484375
284.7,-0.810546875,-0.771484375
285.0,-0.8154296875,-0.771484375
285.3,-0.80078125,-0.7666015625
285.6,-0.810546875,-0.7763671875
285.9,-0.8251953125,-0.771484375
286.2,-0.8203125,-0.771484375
286.5,-0.8203125,-0.78125
286.8,-0.8203125,-0.771484375
287.1,-0.8056640625,-0.791015625
287.4,-0.810546875,-0.7861328125
287.7,-0.810546875,-0.78125
288.0,-0.8154296875,-0.7666015625
288.3,-0.810546875,-0.7763671875
288.6,-0.8203125,-0.771484375
288.9,-0.8154296875,-0.78125
289.2,-0.8154296875,-0.78125
289.5,-0.8056640625,-0.7861328125
289.8,-0.810546875,-0.7861328125
290.1,-0.8154296875,-0.78125
290.4,-0.810546875,-0.78125
290.7,-0.8154296875,-0.771484375
291.0,-0.8203125,-0.78125
291.3,-0.8056640625,-0.771484375
291.6,-0.810546875,-0.78125
291.9,-0.8154296875,-0.78125
