0.0,0.01953125,0.01953125
0.3,0.0146484375,0.0146484375
0.6,0.029296875,0.029296875
0.9,0.01953125,0.01953125
1.2,0.0146484375,0.0146484375
1.5,0.0146484375,0.0146484375
1.8,0.0048828125,0.0048828125
2.1,0.0146484375,0.0146484375
2.4,0.009765625,0.009765625
2.7,0.0146484375,0.0146484375
3.0,0.0244140625,0.0244140625
3.3,0.0146484375,0.0146484375
3.6,0.009765625,0.009765625
3.9,0.01953125,0.01953125
4.2,0.009765625,0.009765625
4.5,0.0146484375,0.0146484375
4.8,0.009765625,0.009765625
5.1,0.0146484375,0.0146484375
5.4,0.0048828125,0.0048828125
5.7,0.01953125,0.01953125
6.0,0.0146484375,0.0146484375
6.3,0.01953125,0.01953125
6.6,0.0146484375,0.0146484375
6.9,0.01953125,0.01953125
7.2,0.0146484375,0.0146484375
7.5,0.01953125,0.01953125
7.8,0.0146484375,0.0146484375
8.1,0.0146484375,0.0146484375
8.4,0.009765625,0.009765625
8.7,0.0,0.0
9.0,0.0146484375,0.0146484375
9.3,0.009765625,0.009765625
9.6,0.0048828125,0.0048828125
9.9,0.0146484375,0.0146484375
10.2,0.0146484375,0.0146484375
10.5,0.009765625,0.009765625
10.8,0.0048828125,0.0048828125
11.1,0.0146484375,0.0146484375
11.4,0.01953125,0.01953125
11.7,0.01953125,0.01953125
12.0,0.01953125,0.01953125
12.3,0.0244140625,0.0244140625
12.6,0.0048828125,0.0048828125
12.9,0.0146484375,0.0146484375
13.2,0.0146484375,0.0146484375
13.5,0.0244140625,0.0244140625
13.8,0.01953125,0.01953125
14.1,0.009765625,0.009765625
14.4,0.0048828125,0.0048828125
14.7,0.009765625,0.009765625
15.0,0.029296875,0.029296875
15.3,0.009765625,0.009765625
15.6,0.0048828125,0.0048828125
15.9,0.009765625,0.009765625
16.2,0.0146484375,0.0146484375
16.5,0.0,0.0
16.8,0.01953125,0.01953125
17.1,0.01953125,0.01953125
17.4,0.009765625,0.009765625
17.7,0.01953125,0.01953125
18.0,0.0146484375,0.0146484375
18.3,0.0048828125,0.0048828125
18.6,0.0244140625,0.0244140625
18.9,0.0146484375,0.0146484375
19.2,0.009765625,0.009765625
19.5,0.0,0.0
19.8,0.0146484375,0.0146484375
20.1,0.009765625,0.009765625
20.4,0.0146484375,0.0146484375
20.7,0.0146484375,0.0146484375
21.0,0.0244140625,0.0244140625
21.3,0.0146484375,0.0146484375
21.6,0.0146484375,0.0146484375
21.9,0.029296875,0.029296875
22.2,0.0146484375,0.0146484375
22.5,0.0146484375,0.0146484375
22.8,0.0146484375,0.0146484375
23.1,0.0244140625,0.0244140625
23.4,0.01953125,0.01953125
23.7,0.0146484375,0.0146484375
24.0,0.0048828125,0.0048828125
24.3,0.009765625,0.009765625
24.6,0.01953125,0.01953125
24.9,0.01953125,0.01953125
25.2,0.009765625,0.009765625
25.5,0.009765625,0.009765625
25.8,0.009765625,0.009765625
26.1,0.009765625,0.009765625
26.4,0.0146484375,0.0146484375
26.7,0.0244140625,0.0244140625
27.0,0.0146484375,0.0146484375
27.3,0.0048828125,0.0048828125
27.6,0.009765625,0.009765625
27.9,0.0146484375,0.0146484375
28.2,0.0146484375,0.0146484375
28.5,0.01953125,0.01953125
28.8,0.01953125,0.01953125
29.1,0.009765625,0.009765625
29.4,0.0048828125,0.0048828125
29.7,0.0146484375,0.0146484375
30.0,0.009765625,0.009765625
30.3,-0.0048828125,-0.0048828125
30.6,0.0146484375,0.0146484375
30.9,0.01953125,0.01953125
31.2,0.009765625,0.009765625
31.5,0.0244140625,0.0244140625
31.8,0.01953125,0.01953125
32.1,0.01953125,0.01953125
32.4,0.01953125,0.01953125
32.7,0.01953125,0.01953125
33.0,0.01953125,0.01953125
33.3,0.0146484375,0.0146484375
33.6,-0.0048828125,-0.0048828125
33.9,0.0146484375,0.0146484375
34.2,0.0146484375,0.0146484375
34.5,0.009765625,0.009765625
34.8,0.0146484375,0.0146484375
35.1,0.0146484375,0.0146484375
35.4,0.01953125,0.01953125
35.7,0.01953125,0.01953125
36.0,0.0146484375,0.0146484375
36.3,0.0048828125,0.0048828125
36.6,0.0146484375,0.0146484375
36.9,0.01953125,0.01953125
37.2,0.01953125,0.01953125
37.5,0.01953125,0.01953125
37.8,0.0146484375,0.0146484375
38.1,0.0048828125,0.0048828125
38.4,0.009765625,0.009765625
38.7,0.0146484375,0.0146484375
39.0,0.009765625,0.009765625
39.3,0.0146484375,0.0146484375
39.6,0.0146484375,0.0146484375
39.9,0.0048828125,0.0048828125
40.2,0.0048828125,0.0048828125
40.5,0.009765625,0.009765625
40.8,0.0048828125,0.0048828125
41.1,0.01953125,0.01953125
41.4,0.0146484375,0.0146484375
41.7,0.0146484375,0.0146484375
42.0,0.0146484375,0.0146484375
42.3,0.0146484375,0.0146484375
42.6,0.0146484375,0.0146484375
42.9,0.0048828125,0.0048828125
43.2,0.01953125,0.01953125
43.5,0.0146484375,0.0146484375
43.8,0.0048828125,0.0048828125
44.1,0.0048828125,0.0048828125
44.4,0.0,0.0
44.7,0.0341796875,0.0341796875
45.0,0.0146484375,0.0146484375
45.3,0.0048828125,0.0048828125
45.6,0.009765625,0.009765625
45.9,0.009765625,0.009765625
46.2,0.01953125,0.01953125
46.5,0.0146484375,0.0146484375
46.8,0.01953125,0.01953125
47.1,0.01953125,0.01953125
47.4,0.0048828125,0.0048828125
47.7,0.0146484375,0.0146484375
48.0,0.009765625,0.009765625
48.3,0.01953125,0.01953125
48.6,0.0048828125,0.0048828125
48.9,0.009765625,0.009765625
49.2,0.0146484375,0.0146484375
49.5,0.01953125,0.01953125
49.8,0.01953125,0.01953125
50.1,0.0048828125,0.0048828125
50.4,0.0146484375,0.0146484375
50.7,0.009765625,0.009765625
51.0,0.009765625,0.009765625
51.3,0.01953125,0.01953125
51.6,0.0244140625,0.0244140625
51.9,0.009765625,0.009765625
52.2,0.0146484375,0.0146484375
52.5,0.009765625,0.009765625
52.8,0.0146484375,0.0146484375
53.1,0.009765625,0.009765625
53.4,0.0146484375,0.0146484375
53.7,0.0146484375,0.0146484375
54.0,0.01953125,0.01953125
54.3,0.0146484375,0.0146484375
54.6,0.009765625,0.009765625
54.9,0.009765625,0.009765625
55.2,0.01953125,0.01953125
55.5,0.0146484375,0.0146484375
55.8,0.01953125,0.01953125
56.1,0.009765625,0.009765625
56.4,0.0146484375,0.0146484375
56.7,0.0146484375,0.0146484375
57.0,0.0048828125,0.0048828125
57.3,0.0244140625,0.0244140625
57.6,0.009765625,0.009765625
57.9,0.0146484375,0.0146484375
58.2,0.0244140625,0.0244140625
58.5,0.0146484375,0.0146484375
58.8,0.0244140625,0.0244140625
59.1,0.0146484375,0.0146484375
59.4,0.0146484375,0.0146484375
59.7,0.0146484375,0.0146484375
60.0,0.009765625,0.009765625
60.3,0.01953125,0.01953125
60.6,0.01953125,0.01953125
60.9,0.0146484375,0.0146484375
61.2,0.0146484375,0.0146484375
61.5,0.0048828125,0.0048828125
61.8,0.009765625,0.009765625
62.1,0.009765625,0.009765625
62.4,0.009765625,0.009765625
62.7,0.0146484375,0.0146484375
63.0,0.0146484375,0.0146484375
63.3,0.009765625,0.009765625
63.6,0.0146484375,0.0146484375
63.9,0.009765625,0.009765625
64.2,0.0244140625,0.0244140625
64.5,0.0146484375,0.0146484375
64.8,0.009765625,0.009765625
65.1,0.0146484375,0.0146484375
65.4,0.0048828125,0.0048828125
65.7,0.009765625,0.009765625
66.0,0.0146484375,0.0146484375
66.3,0.009765625,0.009765625
66.6,0.0146484375,0.0146484375
66.9,0.01953125,0.01953125
67.2,0.0146484375,0.0146484375
67.5,0.009765625,0.009765625
67.8,0.01953125,0.01953125
68.1,0.01953125,0.01953125
68.4,0.0244140625,0.0244140625
68.7,0.01953125,0.01953125
69.0,0.029296875,0.029296875
69.3,0.0146484375,0.0146484375
69.6,0.009765625,0.009765625
69.9,0.01953125,0.01953125
70.2,0.0244140625,0.0244140625
70.5,0.009765625,0.009765625
70.8,0.009765625,0.009765625
71.1,0.0146484375,0.0146484375
71.4,0.009765625,0.009765625
71.7,0.0146484375,0.0146484375
72.0,0.0146484375,0.0146484375
72.3,0.009765625,0.009765625
72.6,0.01953125,0.01953125
72.9,0.01953125,0.01953125
73.2,0.0048828125,0.0048828125
73.5,0.0048828125,0.0048828125
73.8,0.01953125,0.01953125
74.1,0.0048828125,0.0048828125
74.4,0.0146484375,0.0146484375
74.7,0.0146484375,0.0146484375
75.0,0.0146484375,0.0146484375
75.3,0.01953125,0.01953125
75.6,0.0244140625,0.0244140625
75.9,0.009765625,0.009765625
76.2,-0.0048828125,-0.0048828125
76.5,0.009765625,0.009765625
76.8,0.0146484375,0.0146484375
77.1,0.0244140625,0.0244140625
77.4,0.0146484375,0.0146484375
77.7,0.0146484375,0.0146484375
78.0,0.01953125,0.01953125
78.3,0.01953125,0.01953125
78.6,0.0146484375,0.0146484375
78.9,0.0146484375,0.0146484375
79.2,0.01953125,0.01953125
79.5,0.0,0.0
79.8,0.0,0.0
80.1,0.0146484375,0.0146484375
80.4,0.0048828125,0.0048828125
80.7,0.01953125,0.01953125
81.0,0.01953125,0.01953125
81.3,0.0146484375,0.0146484375
81.6,0.009765625,0.009765625
81.9,0.0048828125,0.0048828125
82.2,0.009765625,0.009765625
82.5,0.009765625,0.009765625
82.8,0.009765625,0.009765625
83.1,0.0146484375,0.0146484375
83.4,0.0,0.0
83.7,0.009765625,0.009765625
84.0,0.0244140625,0.0244140625
84.3,0.0146484375,0.0146484375
84.6,0.009765625,0.009765625
84.9,0.0146484375,0.0146484375
85.2,0.0146484375,0.0146484375
85.5,0.0146484375,0.0146484375
85.8,0.009765625,0.009765625
86.1,0.0,0.0
86.4,0.009765625,0.009765625
86.7,0.0146484375,0.0146484375
87.0,0.01953125,0.01953125
87.3,0.01953125,0.01953125
87.6,0.01953125,0.01953125
87.9,0.009765625,0.009765625
88.2,0.01953125,0.01953125
88.5,0.01953125,0.01953125
88.8,0.01953125,0.01953125
89.1,0.009765625,0.009765625
89.4,0.009765625,0.009765625
89.7,0.01953125,0.01953125
90.0,0.0146484375,0.0146484375
90.3,0.0146484375,0.0146484375
90.6,0.0146484375,0.0146484375
90.9,0.0146484375,0.0146484375
91.2,0.0048828125,0.0048828125
91.5,0.01953125,0.01953125
91.8,0.009765625,0.009765625
92.1,0.029296875,0.029296875
92.4,0.0244140625,0.0244140625
92.7,0.0146484375,0.0146484375
93.0,0.0146484375,0.0146484375
93.3,0.0244140625,0.0244140625
93.6,0.01953125,0.01953125
93.9,0.0146484375,0.0146484375
94.2,0.0146484375,0.0146484375
94.5,0.0048828125,0.0048828125
94.8,0.0146484375,0.0146484375
95.1,0.0048828125,0.0048828125
95.4,0.0048828125,0.0048828125
95.7,0.009765625,0.009765625
96.0,0.0146484375,0.0146484375
96.3,0.0146484375,0.0146484375
96.6,0.0244140625,0.0244140625
96.9,0.0,0.0
97.2,0.0048828125,0.0048828125
97.5,0.0146484375,0.0146484375
97.8,0.009765625,0.009765625
98.1,0.009765625,0.009765625
98.4,0.009765625,0.009765625
98.7,0.0146484375,0.0146484375
99.0,0.01953125,0.01953125
99.3,0.009765625,0.009765625
99.6,0.0146484375,0.0146484375
99.9,0.0244140625,0.0244140625
100.2,0.0048828125,0.0048828125
100.5,0.009765625,0.009765625
100.8,0.0146484375,0.0146484375
101.1,0.0048828125,0.0048828125
101.4,0.009765625,0.009765625
101.7,0.009765625,0.009765625
102.0,0.0146484375,0.0146484375
102.3,0.009765625,0.009765625
102.6,0.0146484375,0.0146484375
102.9,0.0,0.0
103.2,0.01953125,0.01953125
103.5,0.0146484375,0.0146484375
103.8,0.0048828125,0.0048828125
104.1,0.0244140625,0.0244140625
104.4,0.009765625,0.009765625
104.7,0.01953125,0.01953125
105.0,0.0146484375,0.0146484375
105.3,0.009765625,0.009765625
105.6,0.01953125,0.01953125
105.9,0.0146484375,0.0146484375
106.2,0.0146484375,0.0146484375
106.5,0.009765625,0.009765625
106.8,0.0146484375,0.0146484375
107.1,0.01953125,0.01953125
107.4,0.009765625,0.009765625
107.7,0.0146484375,0.0146484375
108.0,0.009765625,0.009765625
108.3,0.01953125,0.01953125
108.6,0.0048828125,0.0048828125
108.9,0.0048828125,0.0048828125
109.2,0.009765625,0.009765625
109.5,0.0048828125,0.0048828125
109.8,0.0048828125,0.0048828125
110.1,0.009765625,0.009765625
110.4,0.009765625,0.009765625
110.7,0.01953125,0.01953125
111.0,0.0244140625,0.0244140625
111.3,0.0146484375,0.0146484375
111.6,0.0146484375,0.0146484375
111.9,0.0244140625,0.0244140625
112.2,0.029296875,0.029296875
112.5,0.0146484375,0.0146484375
112.8,0.0244140625,0.0244140625
113.1,0.009765625,0.009765625
113.4,0.0146484375,0.0146484375
113.7,0.0146484375,0.0146484375
114.0,0.0146484375,0.0146484375
114.3,0.0146484375,0.0146484375
114.6,0.009765625,0.009765625
114.9,0.009765625,0.009765625
115.2,0.0146484375,0.0146484375
115.5,0.0146484375,0.0146484375
115.8,0.01953125,0.01953125
116.1,0.01953125,0.01953125
116.4,0.009765625,0.009765625
116.7,0.0146484375,0.0146484375
117.0,0.009765625,0.009765625
117.3,0.0146484375,0.0146484375
117.6,0.0146484375,0.0146484375
117.9,0.0244140625,0.0244140625
118.2,0.01953125,0.01953125
118.5,0.0146484375,0.0146484375
118.8,0.0146484375,0.0146484375
119.1,0.009765625,0.009765625
119.4,0.0146484375,0.0146484375
119.7,0.01953125,0.01953125
120.0,0.029296875,0.029296875
120.3,0.01953125,0.01953125
120.6,0.0146484375,0.0146484375
120.9,0.0146484375,0.0146484375
121.2,0.009765625,0.009765625
121.5,0.01953125,0.01953125
121.8,0.01953125,0.01953125
122.1,0.009765625,0.009765625
122.4,0.009765625,0.009765625
122.7,0.0048828125,0.0048828125
123.0,0.009765625,0.009765625
123.3,0.029296875,0.029296875
123.6,0.0146484375,0.0146484375
123.9,0.009765625,0.009765625
124.2,0.01953125,0.01953125
124.5,0.0146484375,0.0146484375
124.8,0.01953125,0.01953125
125.1,0.009765625,0.009765625
125.4,0.01953125,0.01953125
125.7,0.0146484375,0.0146484375
126.0,0.009765625,0.009765625
126.3,0.029296875,0.029296875
126.6,0.0048828125,0.0048828125
126.9,0.0146484375,0.0146484375
127.2,0.0146484375,0.0146484375
127.5,0.01953125,0.01953125
127.8,0.009765625,0.009765625
128.1,0.01953125,0.01953125
128.4,0.01953125,0.01953125
128.7,0.01953125,0.01953125
129.0,0.0146484375,0.0146484375
129.3,0.0146484375,0.0146484375
129.6,0.01953125,0.01953125
129.9,0.009765625,0.009765625
130.2,0.0048828125,0.0048828125
130.5,0.009765625,0.009765625
130.8,0.0146484375,0.0146484375
131.1,0.01953125,0.01953125
131.4,0.0146484375,0.0146484375
131.7,0.01953125,0.01953125
132.0,0.0146484375,0.0146484375
132.3,0.0244140625,0.0244140625
132.6,0.009765625,0.009765625
132.9,0.009765625,0.009765625
133.2,0.009765625,0.009765625
133.5,0.0146484375,0.0146484375
133.8,0.01953125,0.01953125
134.1,0.01953125,0.01953125
134.4,0.009765625,0.009765625
134.7,0.029296875,0.029296875
135.0,0.0146484375,0.0146484375
135.3,0.0146484375,0.0146484375
135.6,0.0146484375,0.0146484375
135.9,0.009765625,0.009765625
136.2,0.0146484375,0.0146484375
136.5,0.0244140625,0.0244140625
136.8,0.0146484375,0.0146484375
137.1,0.0146484375,0.0146484375
137.4,0.009765625,0.009765625
137.7,0.0146484375,0.0146484375
138.0,0.009765625,0.009765625
138.3,0.01953125,0.01953125
138.6,0.009765625,0.009765625
138.9,0.0146484375,0.0146484375
139.2,0.009765625,0.009765625
139.5,0.01953125,0.01953125
139.8,0.009765625,0.009765625
140.1,0.0048828125,0.0048828125
140.4,0.009765625,0.009765625
140.7,0.01953125,0.01953125
141.0,0.01953125,0.01953125
141.3,0.0146484375,0.0146484375
141.6,0.009765625,0.009765625
141.9,0.01953125,0.01953125
142.2,0.0146484375,0.0146484375
142.5,0.009765625,0.009765625
142.8,0.0146484375,0.0146484375
143.1,0.0146484375,0.0146484375
143.4,0.0146484375,0.0146484375
143.7,0.0244140625,0.0244140625
144.0,0.0146484375,0.0146484375
144.3,0.01953125,0.01953125
144.6,0.009765625,0.009765625
144.9,0.0146484375,0.0146484375
145.2,0.01953125,0.01953125
145.5,0.009765625,0.009765625
145.8,0.0146484375,0.0146484375
146.1,0.0146484375,0.0146484375
146.4,0.01953125,0.01953125
146.7,0.0146484375,0.0146484375
147.0,0.0048828125,0.0048828125
147.3,0.009765625,0.009765625
147.6,0.009765625,0.009765625
147.9,0.009765625,0.009765625
148.2,0.0146484375,0.0146484375
148.5,0.01953125,0.01953125
148.8,0.009765625,0.009765625
149.1,0.0048828125,0.0048828125
149.4,0.01953125,0.01953125
149.7,0.0146484375,0.0146484375
150.0,0.009765625,0.009765625
150.3,0.009765625,0.009765625
150.6,0.0146484375,0.0146484375
150.9,0.0,0.0
151.2,0.01953125,0.01953125
151.5,0.009765625,0.009765625
151.8,0.0146484375,0.0146484375
152.1,0.0244140625,0.0244140625
152.4,0.01953125,0.01953125
152.7,0.0146484375,0.0146484375
153.0,0.01953125,0.01953125
153.3,0.0146484375,0.0146484375
153.6,0.0244140625,0.0244140625
153.9,0.0244140625,0.0244140625
154.2,0.01953125,0.01953125
154.5,0.0244140625,0.0244140625
154.8,0.0146484375,0.0146484375
155.1,0.009765625,0.009765625
155.4,0.0146484375,0.0146484375
155.7,0.0146484375,0.0146484375
156.0,0.009765625,0.009765625
156.3,0.009765625,0.009765625
156.6,0.0146484375,0.0146484375
156.9,0.0146484375,0.0146484375
157.2,0.029296875,0.029296875
157.5,0.01953125,0.01953125
157.8,0.01953125,0.01953125
158.1,0.0146484375,0.0146484375
158.4,0.009765625,0.009765625
158.7,0.029296875,0.029296875
159.0,0.0146484375,0.0146484375
159.3,0.01953125,0.01953125
159.6,0.01953125,0.01953125
159.9,0.0146484375,0.0146484375
160.2,0.009765625,0.009765625
160.5,0.0146484375,0.0146484375
160.8,0.0146484375,0.0146484375
161.1,0.029296875,0.029296875
161.4,0.0146484375,0.0146484375
161.7,0.01953125,0.01953125
162.0,0.01953125,0.01953125
162.3,0.0146484375,0.0146484375
162.6,0.01953125,0.01953125
162.9,0.0341796875,0.0341796875
163.2,0.01953125,0.01953125
163.5,0.01953125,0.01953125
163.8,-0.009765625,-0.009765625
164.1,0.01953125,0.01953125
164.4,0.0146484375,0.0146484375
164.7,0.01953125,0.01953125
165.0,0.009765625,0.009765625
165.3,0.01953125,0.01953125
165.6,0.0244140625,0.0244140625
165.9,0.0244140625,0.0244140625
166.2,0.009765625,0.009765625
166.5,0.0146484375,0.0146484375
166.8,0.01953125,0.01953125
167.1,0.01953125,0.01953125
167.4,0.0146484375,0.0146484375
167.7,0.009765625,0.009765625
168.0,0.0048828125,0.0048828125
168.3,0.009765625,0.009765625
168.6,0.009765625,0.009765625
168.9,0.0146484375,0.0146484375
169.2,0.01953125,0.01953125
169.5,0.0146484375,0.0146484375
169.8,0.0146484375,0.0146484375
170.1,0.0048828125,0.0048828125
170.4,0.009765625,0.009765625
170.7,0.0244140625,0.0244140625
171.0,0.029296875,0.029296875
171.3,0.0146484375,0.0146484375
171.6,0.0244140625,0.0244140625
171.9,0.0146484375,0.0146484375
172.2,0.0146484375,0.0146484375
172.5,0.009765625,0.009765625
172.8,0.01953125,0.01953125
173.1,0.0341796875,0.0341796875
173.4,0.0,0.0
173.7,0.0146484375,0.0146484375
174.0,0.009765625,0.009765625
174.3,0.0244140625,0.0244140625
174.6,0.01953125,0.01953125
174.9,0.0146484375,0.0146484375
175.2,0.009765625,0.009765625
175.5,0.0146484375,0.0146484375
175.8,0.0146484375,0.0146484375
176.1,0.0146484375,0.0146484375
176.4,0.009765625,0.009765625
176.7,0.01953125,0.01953125
177.0,0.009765625,0.009765625
177.3,0.0390625,0.0390625
177.6,0.0146484375,0.0146484375
177.9,0.0,0.0
178.2,0.0048828125,0.0048828125
178.5,0.009765625,0.009765625
178.8,0.01953125,0.01953125
179.1,0.0146484375,0.0146484375
179.4,0.009765625,0.009765625
179.7,0.0146484375,0.0146484375
180.0,0.009765625,0.009765625
180.3,0.0146484375,0.0146484375
180.6,0.0048828125,0.0048828125
180.9,0.0146484375,0.0146484375
181.2,0.0146484375,0.0146484375
181.5,0.0146484375,0.0146484375
181.8,0.0146484375,0.0146484375
182.1,0.0048828125,0.0048828125
182.4,0.0146484375,0.0146484375
182.7,0.0048828125,0.0048828125
183.0,0.0048828125,0.0048828125
183.3,0.009765625,0.009765625
183.6,0.0146484375,0.0146484375
183.9,0.0244140625,0.0244140625
184.2,0.009765625,0.009765625
184.5,0.01953125,0.01953125
184.8,0.01953125,0.01953125
185.1,0.0146484375,0.0146484375
185.4,0.009765625,0.009765625
185.7,0.0146484375,0.0146484375
186.0,0.009765625,0.009765625
186.3,0.0146484375,0.0146484375
186.6,0.009765625,0.009765625
186.9,0.029296875,0.029296875
187.2,0.009765625,0.009765625
187.5,0.0146484375,0.0146484375
187.8,0.0146484375,0.0146484375
188.1,0.009765625,0.009765625
188.4,0.029296875,0.029296875
188.7,0.01953125,0.01953125
189.0,0.0146484375,0.0146484375
189.3,0.01953125,0.01953125
189.6,0.0146484375,0.0146484375
189.9,0.01953125,0.01953125
190.2,0.009765625,0.009765625
190.5,0.0146484375,0.0146484375
190.8,0.0146484375,0.0146484375
191.1,0.0048828125,0.0048828125
191.4,0.01953125,0.01953125
191.7,0.0244140625,0.0244140625
192.0,0.01953125,0.01953125
192.3,0.01953125,0.01953125
192.6,0.0146484375,0.0146484375
192.9,0.029296875,0.029296875
193.2,0.0146484375,0.0146484375
193.5,0.0146484375,0.0146484375
193.8,0.0146484375,0.0146484375
194.1,0.0146484375,0.0146484375
194.4,0.0048828125,0.0048828125
194.7,0.0146484375,0.0146484375
195.0,0.01953125,0.01953125
195.3,0.01953125,0.01953125
195.6,0.009765625,0.009765625
195.9,0.0146484375,0.0146484375
196.2,0.01953125,0.01953125
196.5,0.0146484375,0.0146484375
196.8,0.0146484375,0.0146484375
197.1,0.0244140625,0.0244140625
197.4,0.0341796875,0.0341796875
197.7,0.01953125,0.01953125
198.0,0.0146484375,0.0146484375
198.3,0.01953125,0.01953125
198.6,0.0146484375,0.0146484375
198.9,0.0146484375,0.0146484375
199.2,0.009765625,0.009765625
199.5,0.009765625,0.009765625
199.8,0.0146484375,0.0146484375
200.1,0.009765625,0.009765625
200.4,0.0146484375,0.0146484375
200.7,0.01953125,0.01953125
201.0,0.0048828125,0.0048828125
201.3,0.0146484375,0.0146484375
201.6,0.029296875,0.029296875
201.9,0.0244140625,0.0244140625
202.2,0.0146484375,0.0146484375
202.5,0.0,0.0
202.8,0.01953125,0.01953125
203.1,0.01953125,0.01953125
203.4,0.01953125,0.01953125
203.7,0.0146484375,0.0146484375
204.0,0.01953125,0.01953125
204.3,0.0146484375,0.0146484375
204.6,0.01953125,0.01953125
204.9,0.0048828125,0.0048828125
205.2,0.01953125,0.01953125
205.5,0.01953125,0.01953125
205.8,0.0048828125,0.0048828125
206.1,0.0146484375,0.0146484375
206.4,0.009765625,0.009765625
206.7,0.009765625,0.009765625
207.0,0.0244140625,0.0244140625
207.3,0.0,0.0
207.6,0.0,0.0
207.9,0.009765625,0.009765625
208.2,0.009765625,0.009765625
208.5,0.0244140625,0.0244140625
208.8,0.0048828125,0.0048828125
209.1,0.0048828125,0.0048828125
209.4,0.0146484375,0.0146484375
209.7,0.009765625,0.009765625
210.0,0.01953125,0.01953125
210.3,0.01953125,0.01953125
210.6,0.01953125,0.01953125
210.9,0.0146484375,0.0146484375
211.2,0.0244140625,0.0244140625
211.5,0.029296875,0.029296875
211.8,0.01953125,0.01953125
212.1,0.009765625,0.009765625
212.4,0.01953125,0.01953125
212.7,0.01953125,0.01953125
213.0,0.0244140625,0.0244140625
213.3,0.01953125,0.01953125
213.6,0.009765625,0.009765625
213.9,0.0146484375,0.0146484375
214.2,0.01953125,0.01953125
214.5,0.0146484375,0.0146484375
214.8,0.0146484375,0.0146484375
215.1,0.01953125,0.01953125
215.4,0.0146484375,0.0146484375
215.7,0.0146484375,0.0146484375
216.0,0.0146484375,0.0146484375
216.3,0.0048828125,0.0048828125
216.6,0.01953125,0.01953125
216.9,0.009765625,0.009765625
217.2,0.01953125,0.01953125
217.5,0.0146484375,0.0146484375
217.8,0.01953125,0.01953125
218.1,0.01953125,0.01953125
218.4,0.0146484375,0.0146484375
218.7,0.009765625,0.009765625
219.0,0.0146484375,0.0146484375
219.3,0.0146484375,0.0146484375
219.6,0.0146484375,0.0146484375
219.9,0.009765625,0.009765625
220.2,0.009765625,0.009765625
220.5,0.009765625,0.009765625
220.8,0.009765625,0.009765625
221.1,0.01953125,0.01953125
221.4,0.01953125,0.01953125
221.7,0.0146484375,0.0146484375
222.0,0.0048828125,0.0048828125
222.3,0.01953125,0.01953125
222.6,0.0146484375,0.0146484375
222.9,0.0244140625,0.0244140625
223.2,0.009765625,0.009765625
223.5,0.009765625,0.009765625
223.8,0.01953125,0.01953125
224.1,0.0048828125,0.0048828125
224.4,0.009765625,0.009765625
224.7,0.0146484375,0.0146484375
225.0,0.0146484375,0.0146484375
225.3,0.0146484375,0.0146484375
225.6,0.0146484375,0.0146484375
225.9,0.009765625,0.009765625
226.2,0.01953125,0.01953125
226.5,0.01953125,0.01953125
226.8,0.0048828125,0.0048828125
227.1,0.0244140625,0.0244140625
227.4,0.0146484375,0.0146484375
227.7,0.029296875,0.029296875
228.0,0.0146484375,0.0146484375
228.3,0.0146484375,0.0146484375
228.6,0.009765625,0.009765625
228.9,0.029296875,0.029296875
229.2,0.009765625,0.009765625
229.5,0.01953125,0.01953125
229.8,0.029296875,0.029296875
230.1,0.0146484375,0.0146484375
230.4,0.0146484375,0.0146484375
230.7,0.01953125,0.01953125
231.0,0.01953125,0.01953125
231.3,0.0146484375,0.0146484375
231.6,0.0244140625,0.0244140625
231.9,0.009765625,0.009765625
232.2,0.01953125,0.01953125
232.5,0.0244140625,0.0244140625
232.8,0.0146484375,0.0146484375
233.1,0.009765625,0.009765625
233.4,0.009765625,0.009765625
233.7,0.0146484375,0.0146484375
234.0,0.0048828125,0.0048828125
234.3,0.01953125,0.01953125
234.6,0.0146484375,0.0146484375
234.9,0.01953125,0.01953125
235.2,0.0146484375,0.0146484375
235.5,0.01953125,0.01953125
235.8,0.0146484375,0.0146484375
236.1,0.01953125,0.01953125
236.4,0.01953125,0.01953125
236.7,0.0146484375,0.0146484375
237.0,0.009765625,0.009765625
237.3,0.0146484375,0.0146484375
237.6,0.01953125,0.01953125
237.9,0.01953125,0.01953125
238.2,0.0146484375,0.0146484375
238.5,0.009765625,0.009765625
238.8,0.01953125,0.01953125
239.1,0.009765625,0.009765625
239.4,0.0146484375,0.0146484375
239.7,0.0146484375,0.0146484375
240.0,0.01953125,0.01953125
240.3,0.0146484375,0.0146484375
240.6,0.029296875,0.029296875
240.9,0.0146484375,0.0146484375
241.2,0.009765625,0.009765625
241.5,0.009765625,0.009765625
241.8,0.009765625,0.009765625
242.1,0.0244140625,0.0244140625
242.4,0.0146484375,0.0146484375
242.7,0.0146484375,0.0146484375
243.0,0.0244140625,0.0244140625
243.3,0.01953125,0.01953125
243.6,0.01953125,0.01953125
243.9,0.0146484375,0.0146484375
244.2,0.009765625,0.009765625
244.5,0.009765625,0.009765625
244.8,0.0146484375,0.0146484375
245.1,0.009765625,0.009765625
245.4,0.029296875,0.029296875
245.7,0.01953125,0.01953125
246.0,0.0146484375,0.0146484375
246.3,0.0146484375,0.0146484375
246.6,0.01953125,0.01953125
246.9,0.0244140625,0.0244140625
247.2,0.0146484375,0.0146484375
247.5,0.0146484375,0.0146484375
247.8,0.0146484375,0.0146484375
248.1,0.0146484375,0.0146484375
248.4,0.009765625,0.009765625
248.7,0.01953125,0.01953125
249.0,0.0146484375,0.0146484375
249.3,0.01953125,0.01953125
249.6,0.01953125,0.01953125
249.9,0.029296875,0.029296875
250.2,0.01953125,0.01953125
250.5,0.01953125,0.01953125
250.8,0.0146484375,0.0146484375
251.1,0.0146484375,0.0146484375
251.4,0.0048828125,0.0048828125
251.7,0.01953125,0.01953125
252.0,0.01953125,0.01953125
252.3,0.0244140625,0.0244140625
252.6,0.009765625,0.009765625
252.9,0.009765625,0.009765625
253.2,0.009765625,0.009765625
253.5,0.01953125,0.01953125
253.8,0.01953125,0.01953125
254.1,0.0146484375,0.0146484375
254.4,0.01953125,0.01953125
254.7,0.009765625,0.009765625
255.0,0.0146484375,0.0146484375
255.3,0.01953125,0.01953125
255.6,0.01953125,0.01953125
255.9,0.0146484375,0.0146484375
256.2,0.0244140625,0.0244140625
256.5,0.009765625,0.009765625
256.8,0.01953125,0.01953125
257.1,0.009765625,0.009765625
257.4,0.009765625,0.009765625
257.7,0.009765625,0.009765625
258.0,0.0244140625,0.0244140625
258.3,0.01953125,0.01953125
258.6,0.0146484375,0.0146484375
258.9,0.009765625,0.009765625
259.2,0.0146484375,0.0146484375
259.5,0.0,0.0
259.8,0.01953125,0.01953125
260.1,0.01953125,0.01953125
260.4,0.0146484375,0.0146484375
260.7,0.0146484375,0.0146484375
261.0,0.0146484375,0.0146484375
261.3,0.01953125,0.01953125
261.6,0.0244140625,0.0244140625
261.9,0.0146484375,0.0146484375
262.2,0.0146484375,0.0146484375
262.5,0.0146484375,0.0146484375
262.8,0.0146484375,0.0146484375
263.1,0.009765625,0.009765625
263.4,0.009765625,0.009765625
263.7,0.0244140625,0.0244140625
264.0,0.0146484375,0.0146484375
264.3,0.0146484375,0.0146484375
264.6,0.029296875,0.029296875
264.9,0.01953125,0.01953125
265.2,0.0146484375,0.0146484375
265.5,0.0048828125,0.0048828125
265.8,0.0048828125,0.0048828125
266.1,0.009765625,0.009765625
266.4,0.009765625,0.009765625
266.7,0.009765625,0.009765625
267.0,0.01953125,0.01953125
267.3,0.0146484375,0.0146484375
267.6,0.01953125,0.01953125
267.9,0.0146484375,0.0146484375
268.2,0.01953125,0.01953125
268.5,0.01953125,0.01953125
268.8,0.009765625,0.009765625
269.1,0.009765625,0.009765625
269.4,0.0146484375,0.0146484375
269.7,0.01953125,0.01953125
270.0,0.0146484375,0.0146484375
270.3,0.0146484375,0.0146484375
270.6,0.0244140625,0.0244140625
270.9,0.0048828125,0.0048828125
271.2,0.009765625,0.009765625
271.5,0.01953125,0.01953125
271.8,0.009765625,0.009765625
272.1,0.01953125,0.01953125
272.4,0.01953125,0.01953125
272.7,0.01953125,0.01953125
273.0,0.01953125,0.01953125
273.3,0.009765625,0.009765625
273.6,0.01953125,0.01953125
273.9,0.0146484375,0.0146484375
274.2,0.0048828125,0.0048828125
274.5,0.01953125,0.01953125
274.8,0.009765625,0.009765625
275.1,0.0146484375,0.0146484375
275.4,0.009765625,0.009765625
275.7,0.0146484375,0.0146484375
276.0,0.009765625,0.009765625
276.3,0.01953125,0.01953125
276.6,0.009765625,0.009765625
276.9,0.009765625,0.009765625
277.2,0.0244140625,0.0244140625
277.5,0.0341796875,0.0341796875
277.8,0.0146484375,0.0146484375
278.1,0.0146484375,0.0146484375
278.4,0.0146484375,0.0146484375
278.7,0.01953125,0.01953125
279.0,0.0146484375,0.0146484375
279.3,0.0146484375,0.0146484375
279.6,0.009765625,0.009765625
279.9,0.01953125,0.01953125
280.2,0.01953125,0.01953125
280.5,0.01953125,0.01953125
280.8,0.009765625,0.009765625
281.1,0.0244140625,0.0244140625
281.4,0.0146484375,0.0146484375
281.7,0.01953125,0.01953125
282.0,0.0146484375,0.0146484375
282.3,0.01953125,0.01953125
282.6,0.0244140625,0.0244140625
282.9,0.029296875,0.029296875
283.2,0.0,0.0
283.5,0.0146484375,0.0146484375
283.8,0.009765625,0.009765625
284.1,0.0048828125,0.0048828125
284.4,0.009765625,0.009765625
284.7,0.0146484375,0.0146484375
285.0,0.0244140625,0.0244140625
285.3,0.0146484375,0.0146484375
285.6,0.01953125,0.01953125
285.9,0.0146484375,0.0146484375
286.2,0.009765625,0.009765625
286.5,0.01953125,0.01953125
286.8,0.0048828125,0.0048828125
287.1,0.0146484375,0.0146484375
287.4,0.009765625,0.009765625
287.7,0.009765625,0.009765625
288.0,0.029296875,0.029296875
288.3,0.009765625,0.009765625
288.6,0.009765625,0.009765625
288.9,0.0146484375,0.0146484375
289.2,0.01953125,0.01953125
289.5,0.0146484375,0.0146484375
289.8,0.029296875,0.029296875
290.1,0.0048828125,0.0048828125
290.4,0.009765625,0.009765625
290.7,0.009765625,0.009765625
291.0,0.0146484375,0.0146484375
291.3,0.0146484375,0.0146484375
291.6,0.01953125,0.01953125
291.9,0.009765625,0.009765625
292.2,0.009765625,0.009765625
292.5,0.009765625,0.009765625
292.8,0.009765625,0.009765625
293.1,0.01953125,0.01953125
293.4,0.0146484375,0.0146484375
293.7,0.009765625,0.009765625
294.0,0.0146484375,0.0146484375
294.3,0.029296875,0.029296875
294.6,0.0146484375,0.0146484375
294.9,0.01953125,0.01953125
295.2,0.01953125,0.01953125
295.5,0.009765625,0.009765625
295.8,0.01953125,0.01953125
296.1,0.009765625,0.009765625
296.4,0.0146484375,0.0146484375
296.7,0.009765625,0.009765625
297.0,0.009765625,0.009765625
297.3,0.0048828125,0.0048828125
297.6,0.0244140625,0.0244140625
297.9,0.0146484375,0.0146484375
298.2,0.0146484375,0.0146484375
298.5,0.01953125,0.01953125
298.8,0.009765625,0.009765625
299.1,0.01953125,0.01953125
299.4,0.0146484375,0.0146484375
299.7,0.009765625,0.009765625
300.0,0.01953125,0.01953125
300.3,0.0146484375,0.0146484375
300.6,0.01953125,0.01953125
300.9,0.0146484375,0.0146484375
301.2,0.0146484375,0.0146484375
301.5,0.0244140625,0.0244140625
301.8,0.0048828125,0.0048828125
302.1,0.009765625,0.009765625
302.4,0.009765625,0.009765625
302.7,0.009765625,0.009765625
303.0,0.0244140625,0.0244140625
303.3,0.009765625,0.009765625
303.6,0.0146484375,0.0146484375
303.9,0.0048828125,0.0048828125
304.2,0.009765625,0.009765625
304.5,0.01953125,0.01953125
304.8,0.0146484375,0.0146484375
305.1,0.009765625,0.009765625
305.4,0.0146484375,0.0146484375
305.7,0.009765625,0.009765625
306.0,0.0146484375,0.0146484375
306.3,0.0146484375,0.0146484375
306.6,0.0244140625,0.0244140625
306.9,0.0146484375,0.0146484375
307.2,0.009765625,0.009765625
307.5,0.0146484375,0.0146484375
307.8,0.0,0.0
308.1,0.009765625,0.009765625
308.4,0.01953125,0.01953125
308.7,0.01953125,0.01953125
309.0,0.0048828125,0.0048828125
309.3,0.0048828125,0.0048828125
309.6,0.009765625,0.009765625
309.9,0.0244140625,0.0244140625
310.2,-0.009765625,-0.009765625
310.5,0.01953125,0.01953125
310.8,0.01953125,0.01953125
311.1,0.01953125,0.01953125
311.4,0.01953125,0.01953125
311.7,0.0244140625,0.0244140625
312.0,0.01953125,0.01953125
312.3,0.0244140625,0.0244140625
312.6,0.009765625,0.009765625
312.9,0.01953125,0.01953125
313.2,0.0146484375,0.0146484375
313.5,0.0146484375,0.0146484375
313.8,0.0048828125,0.0048828125
314.1,0.0146484375,0.0146484375
314.4,0.0146484375,0.0146484375
314.7,0.01953125,0.01953125
315.0,0.01953125,0.01953125
315.3,0.0244140625,0.0244140625
315.6,0.01953125,0.01953125
315.9,0.01953125,0.01953125
316.2,0.009765625,0.009765625
316.5,0.0244140625,0.0244140625
316.8,0.0,0.0
317.1,0.009765625,0.009765625
317.4,0.0146484375,0.0146484375
317.7,0.0146484375,0.0146484375
318.0,0.0146484375,0.0146484375
318.3,0.01953125,0.01953125
318.6,0.0146484375,0.0146484375
318.9,0.009765625,0.009765625
319.2,0.009765625,0.009765625
319.5,0.01953125,0.01953125
319.8,0.0146484375,0.0146484375
320.1,0.0146484375,0.0146484375
320.4,0.01953125,0.01953125
320.7,0.0146484375,0.0146484375
321.0,0.0146484375,0.0146484375
321.3,0.01953125,0.01953125
321.6,0.0244140625,0.0244140625
321.9,0.0146484375,0.0146484375
322.2,0.0244140625,0.0244140625
322.5,0.0244140625,0.0244140625
322.8,0.0244140625,0.0244140625
323.1,0.01953125,0.01953125
323.4,0.0244140625,0.0244140625
323.7,0.009765625,0.009765625
324.0,0.0244140625,0.0244140625
324.3,0.009765625,0.009765625
324.6,0.01953125,0.01953125
324.9,0.0048828125,0.0048828125
325.2,0.029296875,0.029296875
325.5,0.0146484375,0.0146484375
325.8,0.009765625,0.009765625
326.1,0.0146484375,0.0146484375
326.4,0.0146484375,0.0146484375
326.7,0.01953125,0.01953125
327.0,0.009765625,0.009765625
327.3,0.01953125,0.01953125
327.6,0.009765625,0.009765625
327.9,0.0146484375,0.0146484375
328.2,0.0048828125,0.0048828125
328.5,0.01953125,0.01953125
328.8,0.009765625,0.009765625
329.1,0.01953125,0.01953125
329.4,0.0146484375,0.0146484375
329.7,0.009765625,0.009765625
330.0,0.009765625,0.009765625
330.3,0.009765625,0.009765625
330.6,0.009765625,0.009765625
330.9,0.0244140625,0.0244140625
331.2,0.0048828125,0.0048828125
331.5,0.009765625,0.009765625
331.8,0.009765625,0.009765625
332.1,0.0048828125,0.0048828125
332.4,0.0146484375,0.0146484375
332.7,0.0146484375,0.0146484375
333.0,0.01953125,0.01953125
333.3,0.0146484375,0.0146484375
333.6,0.0146484375,0.0146484375
333.9,0.0244140625,0.0244140625
334.2,0.0146484375,0.0146484375
334.5,0.0244140625,0.0244140625
334.8,0.009765625,0.009765625
335.1,0.0244140625,0.0244140625
335.4,0.0244140625,0.0244140625
335.7,0.0048828125,0.0048828125
336.0,0.0146484375,0.0146484375
336.3,0.0146484375,0.0146484375
336.6,0.01953125,0.01953125
336.9,0.0146484375,0.0146484375
337.2,0.0146484375,0.0146484375
337.5,0.01953125,0.01953125
337.8,0.0146484375,0.0146484375
338.1,0.0146484375,0.0146484375
338.4,0.0146484375,0.0146484375
338.7,0.0146484375,0.0146484375
339.0,0.009765625,0.009765625
339.3,0.01953125,0.01953125
339.6,0.01953125,0.01953125
339.9,0.009765625,0.009765625
340.2,0.0146484375,0.0146484375
340.5,0.0146484375,0.0146484375
340.8,0.01953125,0.01953125
341.1,0.029296875,0.029296875
341.4,0.0146484375,0.0146484375
341.7,0.0146484375,0.0146484375
342.0,0.0048828125,0.0048828125
342.3,0.0146484375,0.0146484375
342.6,0.0146484375,0.0146484375
342.9,0.0146484375,0.0146484375
343.2,0.009765625,0.009765625
343.5,0.0244140625,0.0244140625
343.8,0.0146484375,0.0146484375
344.1,0.0146484375,0.0146484375
344.4,0.0146484375,0.0146484375
344.7,0.029296875,0.029296875
345.0,0.0146484375,0.0146484375
345.3,0.0146484375,0.0146484375
345.6,0.0146484375,0.0146484375
345.9,0.0146484375,0.0146484375
346.2,0.0048828125,0.0048828125
346.5,0.0146484375,0.0146484375
346.8,0.01953125,0.01953125
347.1,0.0146484375,0.0146484375
347.4,0.0146484375,0.0146484375
347.7,0.0146484375,0.0146484375
348.0,0.0146484375,0.0146484375
348.3,0.0048828125,0.0048828125
348.6,0.009765625,0.009765625
348.9,0.0146484375,0.0146484375
349.2,0.01953125,0.01953125
349.5,0.0244140625,0.0244140625
349.8,0.009765625,0.009765625
350.1,0.01953125,0.01953125
350.4,0.009765625,0.009765625
350.7,0.0146484375,0.0146484375
351.0,0.0146484375,0.0146484375
351.3,0.0,0.0
351.6,0.01953125,0.01953125
351.9,0.0244140625,0.0244140625
352.2,0.0244140625,0.0244140625
352.5,0.009765625,0.009765625
352.8,0.0244140625,0.0244140625
353.1,0.029296875,0.029296875
353.4,0.01953125,0.01953125
353.7,0.0146484375,0.0146484375
354.0,0.0048828125,0.0048828125
354.3,0.009765625,0.009765625
354.6,0.0244140625,0.0244140625
354.9,0.01953125,0.01953125
355.2,0.009765625,0.009765625
355.5,0.0048828125,0.0048828125
355.8,0.0146484375,0.0146484375
356.1,0.0146484375,0.0146484375
356.4,0.01953125,0.01953125
356.7,0.0146484375,0.0146484375
357.0,0.009765625,0.009765625
357.3,0.01953125,0.01953125
357.6,0.01953125,0.01953125
357.9,0.009765625,0.009765625
358.2,0.0146484375,0.0146484375
358.5,0.0244140625,0.0244140625
358.8,0.0146484375,0.0146484375
359.1,0.0146484375,0.0146484375
359.4,0.009765625,0.009765625
359.7,0.0146484375,0.0146484375
360.0,0.0244140625,0.0244140625
360.3,0.0146484375,0.0146484375
360.6,0.0244140625,0.0244140625
360.9,0.01953125,0.01953125
361.2,0.01953125,0.01953125
361.5,0.0146484375,0.0146484375
361.8,0.0146484375,0.0146484375
362.1,0.01953125,0.01953125
362.4,0.0146484375,0.0146484375
362.7,0.0146484375,0.0146484375
363.0,0.009765625,0.009765625
363.3,0.01953125,0.01953125
363.6,0.0146484375,0.0146484375
363.9,0.01953125,0.01953125
364.2,0.01953125,0.01953125
364.5,0.0146484375,0.0146484375
364.8,0.009765625,0.009765625
365.1,0.01953125,0.01953125
365.4,0.01953125,0.01953125
365.7,0.0146484375,0.0146484375
366.0,0.01953125,0.01953125
366.3,0.01953125,0.01953125
366.6,0.029296875,0.029296875
366.9,0.01953125,0.01953125
367.2,0.01953125,0.01953125
367.5,0.01953125,0.01953125
367.8,0.0146484375,0.0146484375
368.1,0.0048828125,0.0048828125
368.4,0.01953125,0.01953125
368.7,0.0146484375,0.0146484375
369.0,0.0341796875,0.0341796875
369.3,0.0146484375,0.0146484375
369.6,0.0146484375,0.0146484375
369.9,0.0048828125,0.0048828125
370.2,0.01953125,0.01953125
370.5,0.0146484375,0.0146484375
370.8,0.0146484375,0.0146484375
371.1,0.0146484375,0.0146484375
371.4,0.009765625,0.009765625
371.7,0.0048828125,0.0048828125
372.0,0.0244140625,0.0244140625
372.3,0.01953125,0.01953125
372.6,0.009765625,0.009765625
372.9,0.0146484375,0.0146484375
373.2,0.01953125,0.01953125
373.5,0.009765625,0.009765625
373.8,0.009765625,0.009765625
374.1,0.01953125,0.01953125
374.4,0.0146484375,0.0146484375
374.7,0.0146484375,0.0146484375
375.0,0.0048828125,0.0048828125
375.3,0.01953125,0.01953125
375.6,0.0146484375,0.0146484375
375.9,0.01953125,0.01953125
376.2,0.0048828125,0.0048828125
376.5,0.0146484375,0.0146484375
376.8,0.0146484375,0.0146484375
377.1,0.01953125,0.01953125
377.4,0.01953125,0.01953125
377.7,0.009765625,0.009765625
378.0,0.0244140625,0.0244140625
378.3,0.0146484375,0.0146484375
378.6,0.0244140625,0.0244140625
378.9,0.01953125,0.01953125
379.2,0.01953125,0.01953125
379.5,0.0146484375,0.0146484375
379.8,0.0146484375,0.0146484375
380.1,0.0146484375,0.0146484375
380.4,0.009765625,0.009765625
380.7,0.009765625,0.009765625
381.0,0.0244140625,0.0244140625
381.3,0.0146484375,0.0146484375
381.6,0.01953125,0.01953125
381.9,0.0048828125,0.0048828125
382.2,0.0146484375,0.0146484375
382.5,0.0146484375,0.0146484375
382.8,0.009765625,0.009765625
383.1,0.0146484375,0.0146484375
383.4,0.01953125,0.01953125
383.7,0.0146484375,0.0146484375
384.0,0.0244140625,0.0244140625
384.3,0.009765625,0.009765625
384.6,0.01953125,0.01953125
384.9,0.01953125,0.01953125
385.2,0.0146484375,0.0146484375
385.5,0.01953125,0.01953125
385.8,0.009765625,0.009765625
386.1,0.009765625,0.009765625
386.4,0.009765625,0.009765625
386.7,0.0244140625,0.0244140625
387.0,0.0146484375,0.0146484375
387.3,0.01953125,0.01953125
387.6,0.0146484375,0.0146484375
387.9,0.0146484375,0.0146484375
388.2,0.01953125,0.01953125
388.5,0.009765625,0.009765625
388.8,0.01953125,0.01953125
389.1,0.01953125,0.01953125
389.4,0.0244140625,0.0244140625
389.7,0.009765625,0.009765625
390.0,0.009765625,0.009765625
390.3,0.01953125,0.01953125
390.6,0.009765625,0.009765625
390.9,0.0048828125,0.0048828125
391.2,0.0,0.0
391.5,0.01953125,0.01953125
391.8,0.0244140625,0.0244140625
392.1,0.01953125,0.01953125
392.4,0.01953125,0.01953125
392.7,0.0146484375,0.0146484375
393.0,0.0048828125,0.0048828125
393.3,0.009765625,0.009765625
393.6,0.0244140625,0.0244140625
393.9,0.0146484375,0.0146484375
394.2,0.0244140625,0.0244140625
394.5,0.0244140625,0.0244140625
394.8,0.01953125,0.01953125
395.1,0.009765625,0.009765625
395.4,0.01953125,0.01953125
395.7,0.01953125,0.01953125
396.0,0.01953125,0.01953125
396.3,0.0146484375,0.0146484375
396.6,0.01953125,0.01953125
396.9,0.009765625,0.009765625
397.2,0.009765625,0.009765625
397.5,0.009765625,0.009765625
397.8,0.0146484375,0.0146484375
398.1,0.0,0.0
398.4,0.0244140625,0.0244140625
398.7,0.0048828125,0.0048828125
399.0,0.0048828125,0.0048828125
399.3,0.0146484375,0.0146484375
399.6,0.009765625,0.009765625
399.9,0.009765625,0.009765625
400.2,0.0146484375,0.0146484375
400.5,0.0146484375,0.0146484375
400.8,0.0048828125,0.0048828125
401.1,0.029296875,0.029296875
401.4,0.01953125,0.01953125
401.7,0.0244140625,0.0244140625
402.0,0.0146484375,0.0146484375
402.3,0.0146484375,0.0146484375
402.6,0.0146484375,0.0146484375
402.9,0.0244140625,0.0244140625
403.2,0.01953125,0.01953125
403.5,0.009765625,0.009765625
403.8,0.0244140625,0.0244140625
404.1,0.0244140625,0.0244140625
404.4,0.0146484375,0.0146484375
404.7,0.009765625,0.009765625
405.0,0.0146484375,0.0146484375
405.3,0.0146484375,0.0146484375
405.6,0.0244140625,0.0244140625
405.9,0.0146484375,0.0146484375
406.2,0.009765625,0.009765625
406.5,0.01953125,0.01953125
406.8,0.0146484375,0.0146484375
407.1,0.0244140625,0.0244140625
407.4,0.0146484375,0.0146484375
407.7,0.009765625,0.009765625
408.0,0.0146484375,0.0146484375
408.3,0.0244140625,0.0244140625
408.6,0.0146484375,0.0146484375
408.9,0.0146484375,0.0146484375
409.2,0.01953125,0.01953125
409.5,0.01953125,0.01953125
409.8,0.009765625,0.009765625
410.1,0.0244140625,0.0244140625
410.4,0.009765625,0.009765625
410.7,0.029296875,0.029296875
411.0,0.029296875,0.029296875
411.3,0.009765625,0.009765625
411.6,0.0244140625,0.0244140625
411.9,0.01953125,0.01953125
412.2,0.01953125,0.01953125
412.5,0.009765625,0.009765625
412.8,0.01953125,0.01953125
413.1,0.009765625,0.009765625
413.4,0.0146484375,0.0146484375
413.7,0.0146484375,0.0146484375
414.0,0.0146484375,0.0146484375
414.3,0.0146484375,0.0146484375
414.6,0.009765625,0.009765625
414.9,0.009765625,0.009765625
415.2,0.0244140625,0.0244140625
415.5,0.0146484375,0.0146484375
415.8,0.009765625,0.009765625
416.1,0.0244140625,0.0244140625
416.4,0.029296875,0.029296875
416.7,0.0244140625,0.0244140625
417.0,0.01953125,0.01953125
417.3,0.0146484375,0.0146484375
417.6,0.0146484375,0.0146484375
417.9,0.01953125,0.01953125
418.2,0.0244140625,0.0244140625
418.5,0.01953125,0.01953125
418.8,0.0,0.0
419.1,0.01953125,0.01953125
419.4,0.01953125,0.01953125
419.7,0.009765625,0.009765625
420.0,0.0146484375,0.0146484375
420.3,0.01953125,0.01953125
420.6,0.01953125,0.01953125
420.9,0.0146484375,0.0146484375
421.2,0.0146484375,0.0146484375
421.5,0.0146484375,0.0146484375
421.8,0.0146484375,0.0146484375
422.1,0.0146484375,0.0146484375
422.4,0.0146484375,0.0146484375
422.7,0.009765625,0.009765625
423.0,0.0146484375,0.0146484375
423.3,0.0146484375,0.0146484375
423.6,0.0146484375,0.0146484375
423.9,0.0244140625,0.0244140625
424.2,0.01953125,0.01953125
424.5,0.0146484375,0.0146484375
424.8,0.0244140625,0.0244140625
425.1,0.01953125,0.01953125
425.4,0.0244140625,0.0244140625
425.7,0.0146484375,0.0146484375
426.0,0.0244140625,0.0244140625
426.3,0.0146484375,0.0146484375
426.6,0.0146484375,0.0146484375
426.9,0.0244140625,0.0244140625
427.2,0.01953125,0.01953125
427.5,0.029296875,0.029296875
427.8,0.0146484375,0.0146484375
428.1,0.0244140625,0.0244140625
428.4,0.0146484375,0.0146484375
428.7,0.0146484375,0.0146484375
429.0,0.0146484375,0.0146484375
429.3,0.0146484375,0.0146484375
429.6,0.0048828125,0.0048828125
429.9,0.0048828125,0.0048828125
430.2,0.0146484375,0.0146484375
430.5,0.0146484375,0.0146484375
430.8,0.01953125,0.01953125
431.1,0.01953125,0.01953125
431.4,0.009765625,0.009765625
431.7,0.01953125,0.01953125
432.0,0.01953125,0.01953125
432.3,0.01953125,0.01953125
432.6,0.009765625,0.009765625
432.9,0.0146484375,0.0146484375
433.2,0.0146484375,0.0146484375
433.5,0.029296875,0.029296875
433.8,0.0146484375,0.0146484375
434.1,0.0244140625,0.0244140625
434.4,0.01953125,0.01953125
434.7,0.0244140625,0.0244140625
435.0,0.009765625,0.009765625
435.3,0.01953125,0.01953125
435.6,0.0146484375,0.0146484375
435.9,0.0146484375,0.0146484375
436.2,0.01953125,0.01953125
436.5,0.009765625,0.009765625
436.8,0.009765625,0.009765625
437.1,0.009765625,0.009765625
437.4,0.009765625,0.009765625
437.7,0.01953125,0.01953125
438.0,0.01953125,0.01953125
438.3,0.0146484375,0.0146484375
438.6,0.01953125,0.01953125
438.9,0.0146484375,0.0146484375
439.2,0.009765625,0.009765625
439.5,0.0146484375,0.0146484375
439.8,0.01953125,0.01953125
440.1,0.0244140625,0.0244140625
440.4,0.01953125,0.01953125
440.7,0.009765625,0.009765625
441.0,0.0146484375,0.0146484375
441.3,0.01953125,0.01953125
441.6,0.0146484375,0.0146484375
441.9,0.01953125,0.01953125
442.2,0.0146484375,0.0146484375
442.5,0.01953125,0.01953125
442.8,0.0146484375,0.0146484375
443.1,0.01953125,0.01953125
443.4,0.0146484375,0.0146484375
443.7,0.01953125,0.01953125
444.0,0.009765625,0.009765625
444.3,0.0146484375,0.0146484375
444.6,0.01953125,0.01953125
444.9,0.0,0.0
445.2,0.0146484375,0.0146484375
445.5,0.0048828125,0.0048828125
445.8,0.0146484375,0.0146484375
446.1,0.0244140625,0.0244140625
446.4,0.0146484375,0.0146484375
446.7,0.029296875,0.029296875
447.0,0.01953125,0.01953125
447.3,0.009765625,0.009765625
447.6,0.0146484375,0.0146484375
447.9,0.009765625,0.009765625
448.2,0.009765625,0.009765625
448.5,0.009765625,0.009765625
448.8,0.0146484375,0.0146484375
449.1,0.0146484375,0.0146484375
449.4,0.0146484375,0.0146484375
449.7,0.01953125,0.01953125
450.0,0.01953125,0.01953125
450.3,0.009765625,0.009765625
450.6,0.009765625,0.009765625
450.9,0.0146484375,0.0146484375
451.2,0.009765625,0.009765625
451.5,0.0146484375,0.0146484375
451.8,0.01953125,0.01953125
452.1,0.009765625,0.009765625
452.4,0.0146484375,0.0146484375
452.7,0.01953125,0.01953125
453.0,0.0244140625,0.0244140625
453.3,0.0146484375,0.0146484375
453.6,0.0146484375,0.0146484375
453.9,0.01953125,0.01953125
454.2,0.0048828125,0.0048828125
454.5,0.01953125,0.01953125
454.8,0.0244140625,0.0244140625
455.1,0.0244140625,0.0244140625
455.4,0.0146484375,0.0146484375
455.7,0.0146484375,0.0146484375
456.0,0.0048828125,0.0048828125
456.3,0.0244140625,0.0244140625
456.6,0.01953125,0.01953125
456.9,0.0146484375,0.0146484375
457.2,0.0,0.0
457.5,0.009765625,0.009765625
457.8,0.01953125,0.01953125
458.1,0.0146484375,0.0146484375
458.4,0.0244140625,0.0244140625
458.7,0.009765625,0.009765625
459.0,0.01953125,0.01953125
459.3,0.0146484375,0.0146484375
459.6,0.01953125,0.01953125
459.9,0.0146484375,0.0146484375
460.2,0.009765625,0.009765625
460.5,0.009765625,0.009765625
460.8,0.0048828125,0.0048828125
461.1,0.009765625,0.009765625
461.4,0.01953125,0.01953125
461.7,0.01953125,0.01953125
462.0,0.01953125,0.01953125
462.3,0.0244140625,0.0244140625
462.6,0.009765625,0.009765625
462.9,0.0244140625,0.0244140625
463.2,0.0244140625,0.0244140625
463.5,0.0244140625,0.0244140625
463.8,0.009765625,0.009765625
464.1,0.01953125,0.01953125
464.4,0.01953125,0.01953125
464.7,0.0146484375,0.0146484375
465.0,0.0048828125,0.0048828125
465.3,0.0048828125,0.0048828125
465.6,0.0146484375,0.0146484375
465.9,0.01953125,0.01953125
466.2,0.009765625,0.009765625
466.5,0.01953125,0.01953125
466.8,0.0146484375,0.0146484375
467.1,0.009765625,0.009765625
467.4,0.0244140625,0.0244140625
467.7,0.0244140625,0.0244140625
468.0,0.009765625,0.009765625
468.3,0.0146484375,0.0146484375
468.6,0.009765625,0.009765625
468.9,0.0146484375,0.0146484375
469.2,0.01953125,0.01953125
469.5,0.0048828125,0.0048828125
469.8,0.0244140625,0.0244140625
470.1,0.01953125,0.01953125
470.4,0.009765625,0.009765625
470.7,0.009765625,0.009765625
471.0,0.0146484375,0.0146484375
471.3,0.009765625,0.009765625
471.6,0.009765625,0.009765625
471.9,0.0048828125,0.0048828125
472.2,0.0146484375,0.0146484375
472.5,0.009765625,0.009765625
472.8,0.0146484375,0.0146484375
473.1,0.009765625,0.009765625
473.4,0.009765625,0.009765625
473.7,0.01953125,0.01953125
474.0,0.01953125,0.01953125
474.3,0.0146484375,0.0146484375
474.6,0.0146484375,0.0146484375
474.9,0.009765625,0.009765625
475.2,0.0146484375,0.0146484375
475.5,0.009765625,0.009765625
475.8,0.01953125,0.01953125
476.1,0.01953125,0.01953125
476.4,0.01953125,0.01953125
476.7,0.009765625,0.009765625
477.0,0.0244140625,0.0244140625
477.3,0.0146484375,0.0146484375
477.6,0.01953125,0.01953125
477.9,0.0146484375,0.0146484375
478.2,0.01953125,0.01953125
478.5,0.009765625,0.009765625
478.8,0.009765625,0.009765625
479.1,0.01953125,0.01953125
479.4,0.0146484375,0.0146484375
479.7,0.0146484375,0.0146484375
480.0,0.0146484375,0.0146484375
480.3,0.01953125,0.01953125
480.6,0.01953125,0.01953125
480.9,0.0146484375,0.0146484375
481.2,0.009765625,0.009765625
481.5,0.0048828125,0.0048828125
481.8,0.0146484375,0.0146484375
482.1,-0.0048828125,-0.0048828125
482.4,0.0244140625,0.0244140625
482.7,0.0146484375,0.0146484375
483.0,0.01953125,0.01953125
483.3,0.0048828125,0.0048828125
483.6,0.009765625,0.009765625
483.9,0.009765625,0.009765625
484.2,-0.0048828125,-0.0048828125
484.5,0.009765625,0.009765625
484.8,1.5283203125,1.5283203125
485.1,1.5234375,1.5234375
485.4,1.5380859375,1.5380859375
485.7,1.533203125,1.533203125
486.0,1.5283203125,1.5283203125
486.3,1.533203125,1.533203125
486.6,1.5234375,1.5234375
486.9,1.5380859375,1.5380859375
487.2,1.54296875,1.54296875
487.5,1.5283203125,1.5283203125
487.8,1.5283203125,1.5283203125
488.1,1.5283203125,1.5283203125
488.4,0.009765625,0.009765625
488.7,0.0146484375,0.0146484375
489.0,0.0146484375,0.0146484375
489.3,0.01953125,0.01953125
489.6,-0.0048828125,-0.0048828125
489.9,0.009765625,0.009765625
490.2,0.0146484375,0.0146484375
490.5,0.01953125,0.01953125
490.8,0.009765625,0.009765625
491.1,0.0244140625,0.0244140625
491.4,0.009765625,0.009765625
491.7,0.0146484375,0.0146484375
492.0,0.009765625,0.009765625
492.3,0.0146484375,0.0146484375
492.6,0.0,0.0
492.9,0.009765625,0.009765625
493.2,0.0048828125,0.0048828125
493.5,0.009765625,0.009765625
493.8,0.0146484375,0.0146484375
494.1,0.0048828125,0.0048828125
494.4,0.01953125,0.01953125
494.7,0.0146484375,0.0146484375
495.0,0.0146484375,0.0146484375
495.3,0.0146484375,0.0146484375
495.6,-0.009765625,-0.009765625
495.9,0.009765625,0.009765625
496.2,0.01953125,0.01953125
496.5,0.01953125,0.01953125
496.8,0.0,0.0
497.1,0.0146484375,0.0146484375
497.4,0.01953125,0.01953125
497.7,0.009765625,0.009765625
498.0,0.0048828125,0.0048828125
498.3,0.0146484375,0.0146484375
498.6,0.009765625,0.009765625
498.9,-0.0048828125,-0.0048828125
499.2,1.533203125,1.533203125
499.5,1.5380859375,1.5380859375
499.8,0.0146484375,0.0146484375
500.1,1.5234375,1.5234375
500.4,0.0146484375,0.0146484375
500.7,0.0146484375,0.0146484375
501.0,0.0146484375,0.0146484375
501.3,0.009765625,0.009765625
501.6,0.009765625,0.009765625
501.9,0.0146484375,0.0146484375
502.2,0.0048828125,0.0048828125
502.5,0.0146484375,0.0146484375
502.8,0.009765625,0.009765625
503.1,0.0146484375,0.0146484375
503.4,0.0146484375,0.0146484375
503.7,0.0146484375,0.0146484375
504.0,0.009765625,0.009765625
504.3,0.0048828125,0.0048828125
504.6,0.0146484375,0.0146484375
504.9,0.01953125,0.01953125
505.2,0.0146484375,0.0146484375
505.5,0.009765625,0.009765625
505.8,0.0048828125,0.0048828125
506.1,1.533203125,1.533203125
506.4,0.009765625,0.009765625
506.7,0.0146484375,0.0146484375
507.0,0.009765625,0.009765625
507.3,0.009765625,0.009765625
507.6,0.0146484375,0.0146484375
507.9,0.009765625,0.009765625
508.2,0.01953125,0.01953125
508.5,0.009765625,0.009765625
508.8,0.009765625,0.009765625
509.1,0.0146484375,0.0146484375
509.4,0.0048828125,0.0048828125
509.7,0.01953125,0.01953125
510.0,0.0146484375,0.0146484375
510.3,0.0048828125,0.0048828125
510.6,0.009765625,0.009765625
510.9,0.0244140625,0.0244140625
511.2,0.0244140625,0.0244140625
511.5,0.009765625,0.009765625
511.8,0.009765625,0.009765625
512.1,1.533203125,1.533203125
512.4,1.533203125,1.533203125
512.7,1.54296875,1.54296875
513.0,1.5380859375,1.5380859375
513.3,1.533203125,1.533203125
513.6,1.5380859375,1.5380859375
513.9,1.54296875,1.54296875
514.2,1.5380859375,1.5380859375
514.5,1.533203125,1.533203125
514.8,1.5283203125,1.5283203125
515.1,1.5380859375,1.5380859375
515.4,1.5283203125,1.5283203125
515.7,1.5283203125,1.5283203125
516.0,1.533203125,1.533203125
516.3,1.5478515625,1.5478515625
516.6,1.5380859375,1.5380859375
516.9,1.533203125,1.533203125
517.2,1.533203125,1.533203125
517.5,1.5234375,1.5234375
517.8,1.5283203125,1.5283203125
518.1,1.54296875,1.54296875
518.4,1.533203125,1.533203125
518.7,1.5283203125,1.5283203125
519.0,1.533203125,1.533203125
519.3,1.533203125,1.533203125
519.6,1.5380859375,1.5380859375
519.9,1.533203125,1.533203125
520.2,1.5283203125,1.5283203125
520.5,1.533203125,1.533203125
520.8,1.5283203125,1.5283203125
521.1,1.5380859375,1.5380859375
521.4,1.533203125,1.533203125
521.7,1.5283203125,1.5283203125
522.0,1.5380859375,1.5380859375
522.3,1.5380859375,1.5380859375
522.6,1.54296875,1.54296875
522.9,1.5283203125,1.5283203125
523.2,1.5087890625,1.5087890625
523.5,1.533203125,1.533203125
523.8,1.5380859375,1.5380859375
524.1,1.5283203125,1.5283203125
524.4,1.5283203125,1.5283203125
524.7,1.5380859375,1.5380859375
525.0,1.5283203125,1.5283203125
525.3,1.5380859375,1.5380859375
525.6,1.54296875,1.54296875
525.9,1.5283203125,1.5283203125
526.2,1.533203125,1.533203125
526.5,1.533203125,1.533203125
526.8,1.5283203125,1.5283203125
527.1,1.5380859375,1.5380859375
527.4,1.5283203125,1.5283203125
527.7,1.5283203125,1.5283203125
528.0,1.5234375,1.5234375
528.3,1.533203125,1.533203125
528.6,1.533203125,1.533203125
528.9,1.533203125,1.533203125
529.2,1.5283203125,1.5283203125
529.5,1.54296875,1.54296875
529.8,1.533203125,1.533203125
530.1,1.5380859375,1.5380859375
530.4,1.5380859375,1.5380859375
530.7,1.5380859375,1.5380859375
531.0,1.5380859375,1.5380859375
531.3,1.533203125,1.533203125
531.6,1.5234375,1.5234375
531.9,1.533203125,1.533203125
532.2,1.533203125,1.533203125
532.5,1.5185546875,1.5185546875
532.8,1.513671875,1.513671875
533.1,1.5478515625,1.5478515625
533.4,1.54296875,1.54296875
533.7,1.54296875,1.54296875
534.0,1.533203125,1.533203125
534.3,0.0146484375,0.0146484375
534.6,0.01953125,0.01953125
534.9,0.0146484375,0.0146484375
535.2,0.0,0.0
535.5,0.576171875,0.576171875
535.8,1.533203125,1.533203125
536.1,1.5185546875,1.5185546875
536.4,1.533203125,1.533203125
536.7,1.5283203125,1.5283203125
537.0,1.533203125,1.533203125
537.3,1.533203125,1.533203125
537.6,1.5234375,1.5234375
537.9,1.5234375,1.5234375
538.2,1.533203125,1.533203125
538.5,1.5283203125,1.5283203125
538.8,1.5380859375,1.5380859375
539.1,1.5283203125,1.5283203125
539.4,1.533203125,1.533203125
539.7,1.533203125,1.533203125
540.0,1.5283203125,1.5283203125
540.3,1.533203125,1.533203125
540.6,1.533203125,1.533203125
540.9,1.54296875,1.54296875
541.2,1.5478515625,1.5478515625
541.5,1.5283203125,1.5283203125
541.8,1.5234375,1.5234375
542.1,1.533203125,1.533203125
542.4,1.5283203125,1.5283203125
542.7,1.5478515625,1.5478515625
543.0,1.5380859375,1.5380859375
543.3,1.533203125,1.533203125
543.6,1.5380859375,1.5380859375
543.9,1.5380859375,1.5380859375
544.2,1.533203125,1.533203125
544.5,0.009765625,0.009765625
544.8,1.5283203125,1.5283203125
545.1,1.5283203125,1.5283203125
545.4,0.478515625,0.478515625
545.7,1.5283203125,1.5283203125
546.0,0.01953125,0.01953125
546.3,0.0048828125,0.0048828125
546.6,0.0146484375,0.0146484375
546.9,0.0146484375,0.0146484375
547.2,0.0048828125,0.0048828125
547.5,0.0244140625,0.0244140625
547.8,0.009765625,0.009765625
548.1,0.0146484375,0.0146484375
548.4,0.01953125,0.01953125
548.7,0.0048828125,0.0048828125
549.0,0.009765625,0.009765625
549.3,0.0146484375,0.0146484375
549.6,0.0244140625,0.0244140625
549.9,0.009765625,0.009765625
550.2,0.009765625,0.009765625
550.5,0.009765625,0.009765625
550.8,0.0146484375,0.0146484375
551.1,0.0146484375,0.0146484375
551.4,-0.0048828125,-0.0048828125
551.7,0.0146484375,0.0146484375
552.0,0.009765625,0.009765625
552.3,0.0146484375,0.0146484375
552.6,0.0146484375,0.0146484375
552.9,0.01953125,0.01953125
553.2,0.0,0.0
553.5,0.0146484375,0.0146484375
553.8,0.0048828125,0.0048828125
554.1,0.0048828125,0.0048828125
554.4,0.01953125,0.01953125
554.7,0.0048828125,0.0048828125
555.0,0.0244140625,0.0244140625
555.3,0.009765625,0.009765625
555.6,0.0146484375,0.0146484375
555.9,0.009765625,0.009765625
556.2,0.01953125,0.01953125
556.5,0.009765625,0.009765625
556.8,0.0146484375,0.0146484375
557.1,0.0244140625,0.0244140625
557.4,0.009765625,0.009765625
557.7,0.009765625,0.009765625
558.0,0.01953125,0.01953125
558.3,0.0146484375,0.0146484375
558.6,0.01953125,0.01953125
558.9,0.0244140625,0.0244140625
559.2,0.009765625,0.009765625
559.5,0.0146484375,0.0146484375
559.8,0.009765625,0.009765625
560.1,0.0146484375,0.0146484375
560.4,0.0048828125,0.0048828125
560.7,0.01953125,0.01953125
561.0,0.009765625,0.009765625
561.3,0.0146484375,0.0146484375
561.6,0.009765625,0.009765625
561.9,0.0146484375,0.0146484375
562.2,0.01953125,0.01953125
562.5,0.009765625,0.009765625
562.8,0.009765625,0.009765625
563.1,0.0146484375,0.0146484375
563.4,0.0146484375,0.0146484375
563.7,0.009765625,0.009765625
564.0,0.009765625,0.009765625
564.3,0.009765625,0.009765625
564.6,0.0048828125,0.0048828125
564.9,0.0048828125,0.0048828125
565.2,0.0048828125,0.0048828125
565.5,0.0146484375,0.0146484375
565.8,0.0048828125,0.0048828125
566.1,0.01953125,0.01953125
566.4,0.0146484375,0.0146484375
566.7,0.01953125,0.01953125
567.0,0.0048828125,0.0048828125
567.3,0.01953125,0.01953125
567.6,0.009765625,0.009765625
567.9,0.0146484375,0.0146484375
568.2,0.01953125,0.01953125
568.5,0.0146484375,0.0146484375
568.8,0.009765625,0.009765625
569.1,0.0048828125,0.0048828125
569.4,0.0146484375,0.0146484375
569.7,0.01953125,0.01953125
570.0,0.0146484375,0.0146484375
570.3,0.0048828125,0.0048828125
570.6,0.0048828125,0.0048828125
570.9,0.0244140625,0.0244140625
571.2,0.01953125,0.01953125
571.5,0.01953125,0.01953125
