0.0,-9.47265625,-2.0556640625
0.3,-9.4677734375,-2.3291015625
0.6,-9.4775390625,-2.041015625
0.9,-9.4775390625,-1.640625
1.2,-9.47265625,-1.5625
1.5,-9.4580078125,-1.62109375
1.8,-9.4677734375,-1.259765625
2.1,-9.4775390625,-1.5234375
2.4,-9.4775390625,-1.30859375
2.7,-9.47265625,-1.4208984375
3.0,-9.4677734375,-1.2939453125
3.3,-9.4677734375,-1.0400390625
3.6,-9.4677734375,-1.1279296875
3.9,-9.47265625,-1.3720703125
4.2,-9.462890625,-1.7724609375
4.5,-9.4677734375,-1.162109375
4.8,-9.47265625,-0.712890625
5.1,-9.47265625,-0.3076171875
5.4,-9.482421875,-0.6298828125
5.7,-9.462890625,-0.078125
6.0,-9.4677734375,0.8447265625
6.3,-9.4677734375,0.5615234375
6.6,-9.4677734375,-0.1025390625
6.9,-9.4775390625,-0.37109375
7.2,-9.47265625,-0.029296875
7.5,-9.4677734375,-0.439453125
7.8,-9.4775390625,-0.4248046875
8.1,-9.4677734375,0.1318359375
8.4,-9.482421875,-0.05859375
8.7,-9.462890625,-0.4345703125
9.0,-9.4873046875,-0.791015625
9.3,-9.4677734375,-0.751953125
9.6,-9.47265625,-1.42578125
9.9,-9.4775390625,-0.80078125
10.2,-9.4873046875,-0.7421875
10.5,-9.47265625,-0.791015625
10.8,-9.47265625,-1.2109375
11.1,-9.47265625,-1.7138671875
11.4,-9.47265625,-2.24609375
11.7,-9.47265625,-1.7724609375
12.0,-9.4677734375,-1.6845703125
12.3,-9.47265625,-1.8798828125
12.6,-9.482421875,-1.4453125
12.9,-9.4873046875,-0.8154296875
13.2,-9.4677734375,-1.0986328125
13.5,-9.47265625,-0.7568359375
13.8,-9.47265625,-1.2353515625
14.1,-9.4775390625,-1.4892578125
14.4,-9.482421875,-1.2060546875
14.7,-9.4775390625,-0.83984375
15.0,-9.482421875,-1.298828125
15.3,-9.4775390625,-1.6064453125
15.6,-9.47265625,-2.16796875
15.9,-9.47265625,-2.333984375
16.2,-9.47265625,-2.0703125
16.5,-9.4775390625,-2.1142578125
16.8,-9.4921875,-1.93359375
17.1,-9.4921875,-1.484375
17.4,-9.4970703125,-1.9482421875
17.7,-9.4873046875,-1.708984375
18.0,-9.4970703125,-1.1181640625
18.3,-9.51171875,-1.1474609375
18.6,-9.4970703125,-1.6943359375
18.9,-9.501953125,-1.8408203125
19.2,-9.501953125,-2.20703125
19.5,-9.51171875,-2.158203125
19.8,-9.5068359375,-1.650390625
20.1,-9.5068359375,-0.498046875
20.4,-9.51171875,-0.908203125
20.7,-9.5166015625,-0.6005859375
21.0,-9.5263671875,-0.7470703125
21.3,-9.5166015625,-1.0693359375
21.6,-9.5361328125,-1.34765625
21.9,-9.5458984375,-1.2939453125
22.2,-9.53125,-0.72265625
22.5,-9.53125,-0.1806640625
22.8,-9.5361328125,-0.400390625
23.1,-9.5361328125,-0.15625
23.4,-9.5458984375,-0.41015625
23.7,-9.55078125,-1.0888671875
24.0,-9.5458984375,-1.162109375
24.3,-9.560546875,-0.5029296875
24.6,-9.5458984375,-0.0341796875
24.9,-9.5654296875,-0.3271484375
25.2,-9.5654296875,-0.6884765625
25.5,-9.560546875,-1.0107421875
25.8,-9.560546875,-1.0595703125
26.1,-9.5654296875,-0.7861328125
26.4,-9.5654296875,-0.869140625
26.7,-9.580078125,-1.30859375
27.0,-9.580078125,-0.849609375
27.3,-9.5751953125,-0.830078125
27.6,-9.580078125,-0.439453125
27.9,-9.5703125,-0.7666015625
28.2,-9.5947265625,-1.7041015625
28.5,-9.58984375,-1.806640625
28.8,-9.599609375,-1.6943359375
29.1,-9.599609375,-1.6162109375
29.4,-9.599609375,-1.46484375
29.7,-9.6142578125,-1.123046875
30.0,-9.609375,-1.0498046875
30.3,-9.609375,-1.1328125
30.6,-9.599609375,-0.9375
30.9,-9.6142578125,-0.771484375
31.2,-9.609375,-1.0205078125
31.5,-9.6240234375,-1.015625
31.8,-9.62890625,-1.103515625
32.1,-9.6142578125,-0.888671875
32.4,-9.62890625,-0.830078125
32.7,-9.6337890625,-0.5908203125
33.0,-9.6337890625,-1.220703125
33.3,-9.619140625,-2.0556640625
33.6,-9.6435546875,-3.681640625
33.9,-9.62890625,-3.5400390625
34.2,-9.6435546875,-3.33984375
34.5,-9.638671875,-3.5498046875
34.8,-9.6533203125,-2.216796875
35.1,-9.6533203125,-0.3369140625
35.4,-9.658203125,-0.76171875
35.7,-9.6484375,-2.24609375
36.0,-9.658203125,-1.2939453125
36.3,-9.658203125,-1.4501953125
36.6,-9.6630859375,-1.5869140625
36.9,-9.6728515625,-1.9482421875
37.2,-9.677734375,-1.357421875
37.5,-9.66796875,-2.265625
37.8,-9.6728515625,-1.767578125
38.1,-9.6875,-1.845703125
38.4,-9.66796875,-1.7333984375
38.7,-9.677734375,-1.845703125
39.0,-9.6826171875,-1.7236328125
39.3,-9.697265625,-1.46484375
39.6,-9.6923828125,-1.171875
39.9,-9.6923828125,-0.1904296875
40.2,-9.6875,0.6884765625
40.5,-9.6923828125,0.9228515625
40.8,-9.6923828125,0.25390625
41.1,-9.70703125,-0.078125
41.4,-9.716796875,-0.5908203125
41.7,-9.716796875,-0.7958984375
42.0,-9.70703125,-0.5078125
42.3,-9.7265625,-1.0498046875
42.6,-9.7265625,-2.05078125
42.9,-9.716796875,-2.3046875
43.2,-9.7216796875,-1.845703125
43.5,-9.736328125,-0.517578125
43.8,-9.7265625,-0.3662109375
44.1,-9.7216796875,-0.41015625
44.4,-9.74609375,0.087890625
44.7,-9.7314453125,-0.9619140625
45.0,-9.7412109375,-1.357421875
45.3,-9.7509765625,-1.6796875
45.6,-9.74609375,-0.9228515625
45.9,-9.7509765625,-0.8837890625
46.2,-9.7509765625,-0.732421875
46.5,-9.74609375,-1.4404296875
46.8,-9.7607421875,-1.9482421875
47.1,-9.755859375,-2.0068359375
47.4,-9.755859375,-2.578125
47.7,-9.755859375,-1.93359375
48.0,-9.7705078125,-1.884765625
48.3,-9.765625,-1.845703125
48.6,-9.7607421875,-1.6845703125
48.9,-9.775390625,-0.9765625
49.2,-9.765625,-0.1171875
49.5,-9.7802734375,-0.72265625
49.8,-9.7705078125,-1.0205078125
50.1,-9.775390625,-1.25
50.4,-9.78515625,-0.83984375
50.7,-9.775390625,-1.2939453125
51.0,-9.7900390625,-1.474609375
51.3,-9.7900390625,-1.591796875
51.6,-9.7900390625,-2.265625
51.9,-9.7900390625,-2.1923828125
52.2,-9.78515625,-2.646484375
52.5,-9.8046875,-2.2509765625
52.8,-9.8095703125,-2.1337890625
53.1,-9.8095703125,-2.0703125
53.4,-9.8046875,-2.1923828125
53.7,-9.7998046875,-1.89453125
54.0,-9.8193359375,-1.7578125
54.3,-9.82421875,-2.1826171875
54.6,-9.8193359375,-1.7626953125
54.9,-9.82421875,-1.4794921875
55.2,-9.82421875,-1.6357421875
55.5,-9.8291015625,-1.8994140625
55.8,-9.82421875,-1.875
56.1,-9.833984375,-1.6357421875
56.4,-9.833984375,-1.11328125
56.7,-9.833984375,-1.26953125
57.0,-9.84375,-1.4794921875
57.3,-9.84375,-1.3232421875
57.6,-9.84375,-1.2255859375
57.9,-9.853515625,-0.7666015625
58.2,-9.84375,-0.6201171875
58.5,-9.84375,-0.4296875
58.8,-9.8681640625,-0.5859375
59.1,-9.8681640625,-0.6005859375
59.4,-9.86328125,-0.3564453125
59.7,-9.873046875,0.078125
60.0,-9.873046875,-0.33203125
60.3,-9.873046875,-0.1953125
60.6,-9.873046875,-0.908203125
60.9,-9.873046875,-0.87890625
61.2,-9.873046875,-1.26953125
61.5,-9.8828125,-1.5673828125
61.8,-9.8876953125,-2.16796875
62.1,-9.8828125,-2.275390625
62.4,-9.892578125,-1.875
62.7,-9.90234375,-1.4892578125
63.0,-9.892578125,-1.4208984375
63.3,-9.90234375,-1.30859375
63.6,-9.9072265625,-1.0595703125
63.9,-9.892578125,0.1611328125
64.2,-9.9072265625,0.927734375
64.5,-9.8974609375,1.3916015625
64.8,-9.931640625,1.162109375
65.1,-9.9169921875,0.72265625
65.4,-9.90234375,-0.0927734375
65.7,-9.912109375,0.4345703125
66.0,-9.921875,0.5322265625
66.3,-9.9267578125,0.1953125
66.6,-9.9267578125,0.2001953125
66.9,-9.9267578125,0.2197265625
67.2,-9.9072265625,0.25390625
67.5,-9.90234375,0.1220703125
67.8,-9.8974609375,0.390625
68.1,-9.8974609375,-0.56640625
68.4,-9.90234375,-1.201171875
68.7,-9.9072265625,-1.34765625
69.0,-9.94140625,-1.083984375
69.3,-9.94140625,-0.732421875
69.6,-9.9365234375,-0.1220703125
69.9,-9.9462890625,-0.2392578125
70.2,-9.951171875,0.60546875
70.5,-9.9658203125,0.888671875
70.8,-9.9658203125,0.21484375
71.1,-9.951171875,-0.400390625
71.4,-9.931640625,-0.6298828125
71.7,-9.9658203125,-0.78125
72.0,-9.482421875,-0.6396484375
72.3,-9.47265625,-1.73828125
72.6,-9.47265625,-2.1923828125
72.9,-9.82421875,-2.392578125
73.2,-9.8974609375,-3.18359375
73.5,-9.9072265625,-3.88671875
73.8,-9.90234375,-4.3603515625
74.1,-9.8974609375,-4.052734375
74.4,-9.9072265625,-3.9794921875
74.7,-9.8876953125,-3.9599609375
75.0,-9.8974609375,-3.92578125
75.3,-9.4677734375,-4.189453125
75.6,-9.47265625,-3.9990234375
75.9,-9.4775390625,-3.1298828125
76.2,-9.4873046875,-3.3154296875
76.5,-9.4677734375,-3.642578125
76.8,-9.4580078125,-3.662109375
77.1,-9.462890625,-3.6474609375
77.4,-9.482421875,-3.8623046875
77.7,-9.462890625,-3.5009765625
78.0,-9.4482421875,-3.251953125
78.3,-9.4580078125,-2.2412109375
78.6,-9.4580078125,-2.216796875
78.9,-9.4677734375,-1.7724609375
79.2,-9.453125,-1.279296875
79.5,-9.4775390625,-1.3525390625
79.8,-9.4677734375,-0.7568359375
80.1,-9.462890625,-0.8349609375
80.4,-9.462890625,-0.9814453125
80.7,-9.462890625,-1.0205078125
81.0,-9.4580078125,-0.83984375
81.3,-9.453125,-0.4638671875
81.6,-9.462890625,-0.6689453125
81.9,-9.462890625,-0.5126953125
82.2,-9.4677734375,-0.7470703125
82.5,-9.462890625,-0.2294921875
82.8,-9.47265625,0.2783203125
83.1,-9.4775390625,0.09765625
83.4,-9.47265625,-0.44921875
83.7,-9.482421875,-0.2294921875
84.0,-9.4970703125,0.0244140625
84.3,-9.4873046875,-0.0048828125
84.6,-9.4921875,-0.234375
84.9,-9.4921875,-0.703125
85.2,-9.4921875,-1.083984375
85.5,-9.4970703125,-1.0595703125
85.8,-9.4873046875,-1.591796875
86.1,-9.51171875,-1.4404296875
86.4,-9.51171875,-1.201171875
86.7,-9.5068359375,-0.380859375
87.0,-9.51171875,-0.5615234375
87.3,-9.5068359375,-0.5126953125
87.6,-9.521484375,-1.1328125
87.9,-9.51171875,-0.3076171875
88.2,-9.51171875,-0.361328125
88.5,-9.521484375,0.078125
88.8,-9.5263671875,-0.3125
89.1,-9.5263671875,-0.439453125
89.4,-9.53125,-0.205078125
89.7,-9.5361328125,-0.5517578125
90.0,-9.5361328125,-0.1318359375
90.3,-9.53125,-0.2685546875
90.6,-9.5361328125,-0.1171875
90.9,-9.55078125,-0.2880859375
91.2,-9.5458984375,-0.48828125
91.5,-9.55078125,-0.72265625
91.8,-9.560546875,-0.60546875
92.1,-9.55078125,-0.986328125
92.4,-9.5556640625,-0.654296875
92.7,-9.55078125,-0.6884765625
93.0,-9.55078125,-0.95703125
93.3,-9.5751953125,-1.4990234375
93.6,-9.5654296875,-1.650390625
93.9,-9.580078125,-1.630859375
94.2,-9.580078125,-1.513671875
94.5,-9.580078125,-1.2451171875
94.8,-9.580078125,-1.162109375
95.1,-9.580078125,-1.201171875
95.4,-9.580078125,-1.0595703125
95.7,-9.58984375,-0.87890625
96.0,-9.580078125,-0.888671875
96.3,-9.580078125,-0.7958984375
96.6,-9.599609375,-0.751953125
96.9,-9.6044921875,-0.4443359375
97.2,-9.5947265625,-0.5078125
97.5,-9.609375,-0.5126953125
97.8,-9.599609375,-0.537109375
98.1,-9.6044921875,-0.751953125
98.4,-9.6142578125,-0.7861328125
98.7,-9.609375,-0.80078125
99.0,-9.609375,-0.7568359375
99.3,-9.6142578125,-0.8154296875
99.6,-9.619140625,-0.7763671875
99.9,-9.619140625,-0.8837890625
100.2,-9.609375,-0.986328125
100.5,-9.6240234375,-1.2548828125
100.8,-9.6337890625,-1.2939453125
101.1,-9.6337890625,-1.5283203125
101.4,-9.638671875,-1.494140625
101.7,-9.6435546875,-1.58203125
102.0,-9.6435546875,-1.4599609375
102.3,-9.6337890625,-1.07421875
102.6,-9.6533203125,-1.2646484375
102.9,-9.6484375,-1.0791015625
103.2,-9.6533203125,-1.03515625
103.5,-9.6533203125,-1.005859375
103.8,-9.6630859375,-0.634765625
104.1,-9.658203125,-0.91796875
104.4,-9.66796875,-0.87890625
104.7,-9.6630859375,-1.328125
105.0,-9.6630859375,-1.3037109375
105.3,-9.677734375,-1.2744140625
105.6,-9.6728515625,-0.9375
105.9,-9.66796875,-0.7666015625
106.2,-9.66796875,-0.6689453125
106.5,-9.677734375,-0.7763671875
106.8,-9.677734375,-0.3466796875
107.1,-9.697265625,-0.37109375
107.4,-9.6875,-0.6298828125
107.7,-9.697265625,-0.6787109375
108.0,-9.697265625,-0.5126953125
108.3,-9.6826171875,-0.3076171875
108.6,-9.6923828125,-0.263671875
108.9,-9.7119140625,-0.5859375
109.2,-9.7021484375,-0.927734375
109.5,-9.7119140625,-0.654296875
109.8,-9.7216796875,-0.498046875
110.1,-9.716796875,-0.6201171875
110.4,-9.716796875,-1.171875
110.7,-9.716796875,-0.6396484375
111.0,-9.7265625,-0.76171875
111.3,-9.716796875,-0.2685546875
111.6,-9.7412109375,-0.1123046875
111.9,-9.7412109375,-0.3759765625
112.2,-9.7216796875,-0.498046875
112.5,-9.7314453125,-0.830078125
112.8,-9.7314453125,-0.5908203125
113.1,-9.7314453125,-0.4296875
113.4,-9.7509765625,-0.5078125
113.7,-9.74609375,-0.244140625
114.0,-9.736328125,-0.5224609375
114.3,-9.7509765625,-0.6787109375
114.6,-9.7509765625,-0.8544921875
114.9,-9.765625,-0.341796875
115.2,-9.765625,-0.126953125
115.5,-9.775390625,0.087890625
115.8,-9.765625,0.1318359375
116.1,-9.7607421875,-0.1025390625
116.4,-9.7705078125,-0.458984375
116.7,-9.775390625,-0.5029296875
117.0,-9.7705078125,-0.2783203125
117.3,-9.7802734375,-0.634765625
117.6,-9.7802734375,-0.68359375
117.9,-9.775390625,-0.8056640625
118.2,-9.7802734375,-0.9326171875
118.5,-9.7900390625,-0.654296875
118.8,-9.794921875,-0.6640625
119.1,-9.794921875,-0.517578125
119.4,-9.7900390625,-0.3125
119.7,-9.7900390625,-0.13671875
120.0,-9.7998046875,0.146484375
120.3,-9.8046875,-0.087890625
120.6,-9.8046875,-0.166015625
120.9,-9.8095703125,-0.029296875
121.2,-9.814453125,0.21484375
121.5,-9.8095703125,0.1123046875
121.8,-9.8046875,0.1513671875
122.1,-9.8193359375,0.2392578125
122.4,-9.814453125,0.41015625
122.7,-9.8193359375,0.1708984375
123.0,-9.833984375,-0.0390625
123.3,-9.84375,-0.068359375
123.6,-9.833984375,-0.4248046875
123.9,-9.833984375,-0.48828125
124.2,-9.833984375,-0.8056640625
124.5,-9.833984375,-0.8154296875
124.8,-9.8291015625,-0.83984375
125.1,-9.8486328125,-0.869140625
125.4,-9.833984375,-0.7763671875
125.7,-9.84375,-0.400390625
126.0,-9.853515625,-0.1904296875
126.3,-9.8486328125,-0.3857421875
126.6,-9.8583984375,-0.2587890625
126.9,-9.86328125,0.048828125
127.2,-9.8828125,-0.146484375
127.5,-9.8681640625,-0.6396484375
127.8,-9.873046875,-0.537109375
128.1,-9.86328125,-0.576171875
128.4,-9.8779296875,-0.849609375
128.7,-9.8876953125,-1.2109375
129.0,-9.8876953125,-0.8984375
129.3,-9.8828125,-1.0205078125
129.6,-9.8876953125,-1.328125
129.9,-9.8876953125,-1.5185546875
130.2,-9.892578125,-1.54296875
130.5,-9.892578125,-1.4892578125
130.8,-9.8876953125,-1.2890625
131.1,-9.8974609375,-1.3916015625
131.4,-9.9072265625,-1.26953125
131.7,-9.912109375,-1.5185546875
132.0,-9.90234375,-1.58203125
132.3,-9.9169921875,-1.708984375
132.6,-9.912109375,-1.19140625
132.9,-9.9169921875,-0.8056640625
133.2,-9.9169921875,-0.80078125
133.5,-9.9267578125,-0.76171875
133.8,-9.921875,-0.693359375
134.1,-9.9267578125,-0.5810546875
134.4,-9.9072265625,-0.72265625
134.7,-9.931640625,-0.7666015625
135.0,-9.9365234375,-0.849609375
135.3,-9.9365234375,-0.986328125
135.6,-9.94140625,-1.064453125
135.9,-9.931640625,-0.6396484375
136.2,-9.9462890625,-0.478515625
136.5,-9.9560546875,-0.791015625
136.8,-9.9365234375,-0.517578125
137.1,-9.9560546875,-0.8935546875
137.4,-9.951171875,-1.3916015625
137.7,-9.9560546875,-1.318359375
138.0,-9.9560546875,-1.11328125
138.3,-9.9658203125,-1.0546875
138.6,-9.9609375,-1.11328125
138.9,-9.9755859375,-1.3330078125
139.2,-9.9755859375,-1.25
139.5,-9.9755859375,-1.4306640625
139.8,-9.9755859375,-1.484375
140.1,-9.98046875,-1.8408203125
140.4,-9.9951171875,-1.8212890625
140.7,-9.98046875,-1.767578125
141.0,-9.990234375,-1.3916015625
141.3,-10.0,-1.25
141.6,-9.9951171875,-1.15234375
141.9,-9.990234375,-1.1376953125
142.2,-9.9951171875,-1.26953125
142.5,-10.0,-1.396484375
142.8,-9.9951171875,-1.279296875
143.1,-9.990234375,-1.3525390625
143.4,-10.0048828125,-0.9326171875
143.7,-10.009765625,-1.2646484375
144.0,-10.0146484375,-1.201171875
144.3,-10.01953125,-0.9033203125
144.6,-9.4775390625,-0.859375
144.9,-9.47265625,-0.7958984375
145.2,-9.4775390625,-0.2197265625
145.5,-9.4775390625,-0.1806640625
145.8,-9.4775390625,-0.107421875
146.1,-9.4775390625,0.3759765625
146.4,-9.47265625,0.400390625
146.7,-9.4775390625,-0.1220703125
147.0,-9.482421875,-0.46875
147.3,-9.4921875,-0.400390625
147.6,-9.5068359375,-0.1708984375
147.9,-9.501953125,-0.625
148.2,-9.501953125,-0.6884765625
148.5,-9.5068359375,-0.8740234375
148.8,-9.5068359375,-0.5908203125
149.1,-9.501953125,-1.0009765625
149.4,-9.5068359375,-1.09375
149.7,-9.5166015625,-0.95703125
150.0,-9.521484375,-0.95703125
150.3,-9.5166015625,-0.8740234375
150.6,-9.5263671875,-0.6005859375
150.9,-9.5166015625,-0.771484375
151.2,-9.5166015625,-0.7470703125
151.5,-9.541015625,-0.8447265625
151.8,-9.53125,-1.3623046875
152.1,-9.53125,-1.259765625
152.4,-9.541015625,-1.572265625
152.7,-9.5458984375,-1.9091796875
153.0,-9.5458984375,-1.7822265625
153.3,-9.55078125,-1.416015625
153.6,-9.5556640625,-1.650390625
153.9,-9.5556640625,-1.845703125
154.2,-9.55078125,-1.7822265625
154.5,-9.5458984375,-1.5673828125
154.8,-9.560546875,-1.73828125
155.1,-9.560546875,-1.572265625
155.4,-9.5849609375,-1.8017578125
155.7,-9.5654296875,-1.728515625
156.0,-9.5654296875,-1.7822265625
156.3,-9.5751953125,-1.884765625
156.6,-9.5849609375,-1.5771484375
156.9,-9.580078125,-1.3818359375
157.2,-9.5751953125,-1.396484375
157.5,-9.580078125,-0.95703125
157.8,-9.580078125,-0.732421875
158.1,-9.580078125,-0.888671875
158.4,-9.5703125,-0.52734375
158.7,-9.58984375,-0.2001953125
159.0,-9.599609375,-0.1904296875
159.3,-9.599609375,0.0439453125
159.6,-9.6044921875,-0.068359375
159.9,-9.609375,-0.13671875
160.2,-9.609375,-0.3369140625
160.5,-9.609375,-0.615234375
160.8,-9.6142578125,-0.6494140625
161.1,-9.609375,-1.015625
161.4,-9.6142578125,-0.6787109375
161.7,-9.619140625,-0.8837890625
162.0,-9.619140625,-1.11328125
162.3,-9.619140625,-0.95703125
162.6,-9.62890625,-0.78125
162.9,-9.6240234375,-0.791015625
163.2,-9.638671875,-1.1669921875
163.5,-9.6435546875,-1.4794921875
163.8,-9.62890625,-1.4892578125
164.1,-9.6533203125,-1.3330078125
164.4,-9.6484375,-1.30859375
164.7,-9.6484375,-1.0107421875
165.0,-9.6630859375,-0.5419921875
165.3,-9.658203125,-0.5322265625
165.6,-9.6484375,-0.80078125
165.9,-9.6630859375,-0.7958984375
166.2,-9.66796875,-0.966796875
166.5,-9.66796875,-0.7470703125
166.8,-9.6630859375,-0.2783203125
167.1,-9.6728515625,-0.52734375
167.4,-9.6630859375,-0.3662109375
167.7,-9.6728515625,-0.48828125
168.0,-9.677734375,-0.703125
168.3,-9.677734375,-0.6201171875
168.6,-9.677734375,-0.615234375
168.9,-9.6875,-0.6103515625
169.2,-9.6875,-0.52734375
169.5,-9.6875,-0.44921875
169.8,-9.697265625,-0.625
170.1,-9.697265625,-0.7275390625
170.4,-9.6923828125,-0.927734375
170.7,-9.697265625,-0.8349609375
171.0,-9.70703125,-0.751953125
171.3,-9.697265625,-0.869140625
171.6,-9.7119140625,-0.9228515625
171.9,-9.7119140625,-0.91796875
172.2,-9.7021484375,-1.005859375
172.5,-9.716796875,-0.8740234375
172.8,-9.7216796875,-1.0009765625
173.1,-9.7314453125,-1.0009765625
173.4,-9.7314453125,-0.6494140625
173.7,-9.7265625,-1.11328125
174.0,-9.7314453125,-1.1328125
174.3,-9.7314453125,-2.6220703125
174.6,-9.7509765625,-2.3193359375
174.9,-9.736328125,-2.109375
175.2,-9.7412109375,-1.5966796875
175.5,-9.7265625,-1.4111328125
175.8,-9.755859375,-1.630859375
176.1,-9.7412109375,-1.4306640625
176.4,-9.74609375,-1.42578125
176.7,-9.7509765625,-0.3857421875
177.0,-9.7509765625,-0.390625
177.3,-9.775390625,-0.7861328125
177.6,-9.755859375,-1.0546875
177.9,-9.775390625,-1.3671875
178.2,-9.765625,-1.748046875
178.5,-9.765625,-1.6455078125
178.8,-9.775390625,-2.099609375
179.1,-9.7705078125,-1.5966796875
179.4,-9.775390625,-1.9140625
179.7,-9.78515625,-2.3583984375
180.0,-9.775390625,-2.001953125
180.3,-9.7705078125,-2.5
180.6,-9.775390625,-2.2021484375
180.9,-9.7998046875,-1.884765625
181.2,-9.7998046875,-1.611328125
181.5,-9.7998046875,-1.3818359375
181.8,-9.794921875,-1.1865234375
182.1,-9.7998046875,-2.08984375
182.4,-9.814453125,-2.1630859375
182.7,-9.7998046875,-1.953125
183.0,-9.8095703125,-1.728515625
183.3,-9.814453125,-1.6650390625
183.6,-9.8095703125,-1.298828125
183.9,-9.8193359375,-1.38671875
184.2,-9.8388671875,-0.8349609375
184.5,-9.8193359375,-1.572265625
184.8,-9.8193359375,-1.7578125
185.1,-9.8388671875,-1.93359375
185.4,-9.833984375,-2.2607421875
185.7,-9.8291015625,-3.1103515625
186.0,-9.82421875,-3.92578125
186.3,-9.8291015625,-3.73046875
186.6,-9.84375,-3.4619140625
186.9,-9.84375,-3.6376953125
187.2,-9.8388671875,-3.8916015625
187.5,-9.8388671875,-3.876953125
187.8,-9.853515625,-4.0625
188.1,-9.853515625,-3.6474609375
188.4,-9.8583984375,-3.4716796875
188.7,-9.873046875,-3.0322265625
189.0,-9.86328125,-2.421875
189.3,-9.86328125,-2.1044921875
189.6,-9.86328125,-10.0
189.9,-9.8681640625,-1.4794921875
190.2,-9.8681640625,-1.1572265625
190.5,-9.873046875,-1.396484375
190.8,-9.8681640625,-1.2451171875
191.1,-9.8876953125,-0.48828125
191.4,-9.8828125,0.3955078125
191.7,-9.8876953125,3.4130859375
192.0,-9.8974609375,7.01171875
192.3,-9.892578125,2.83203125
192.6,-9.892578125,-4.7607421875
192.9,-9.90234375,-10.009765625
193.2,-9.912109375,-0.6689453125
193.5,-9.8974609375,-0.087890625
193.8,-9.912109375,-1.0302734375
194.1,-9.8974609375,-0.478515625
194.4,-9.912109375,-0.947265625
194.7,-9.912109375,-1.3623046875
195.0,-9.9169921875,-1.240234375
195.3,-9.90234375,-1.8017578125
195.6,-9.9365234375,-2.373046875
195.9,-9.921875,-2.197265625
196.2,-9.9267578125,-1.62109375
196.5,-9.912109375,-1.0107421875
196.8,-9.921875,-0.5517578125
197.1,-9.931640625,-0.2294921875
197.4,-9.94140625,-0.1123046875
197.7,-9.9365234375,0.087890625
198.0,-9.921875,-0.3271484375
198.3,-9.951171875,-0.546875
198.6,-9.951171875,-0.0146484375
198.9,-9.951171875,-0.33203125
199.2,-9.9658203125,-0.46875
199.5,-9.9609375,0.1904296875
199.8,-9.9609375,-1.0400390625
200.1,-9.9609375,-0.380859375
200.4,-9.9560546875,-0.6982421875
200.7,-9.9609375,-1.5673828125
201.0,-9.9658203125,-1.1474609375
201.3,-9.98046875,-1.2646484375
201.6,-9.98046875,-1.2939453125
201.9,-9.98046875,-0.4541015625
202.2,-9.970703125,-0.7177734375
202.5,-9.9755859375,-0.6005859375
202.8,-9.98046875,8.0615234375
203.1,-9.9853515625,4.4775390625
203.4,-9.990234375,2.2900390625
203.7,-9.9755859375,1.005859375
204.0,-9.990234375,0.224609375
204.3,-10.0,0.05859375
204.6,-9.9951171875,-0.0048828125
204.9,-10.0,-0.05859375
205.2,-10.0146484375,-0.029296875
205.5,-10.0048828125,-0.2587890625
205.8,-10.0048828125,-0.4052734375
206.1,-10.0244140625,-0.56640625
206.4,-10.0146484375,-0.791015625
206.7,-9.47265625,-1.025390625
207.0,-9.47265625,-0.986328125
207.3,-9.47265625,-0.849609375
207.6,-9.47265625,-1.025390625
207.9,-9.4775390625,-1.201171875
208.2,-9.482421875,-1.396484375
208.5,-9.4873046875,-1.3818359375
208.8,-9.482421875,-0.9765625
209.1,-9.4873046875,-0.8203125
209.4,-9.4970703125,-0.9033203125
209.7,-9.4873046875,-0.6982421875
210.0,-9.4921875,-1.4208984375
210.3,-9.501953125,-1.81640625
210.6,-9.501953125,-1.8115234375
210.9,-9.501953125,-2.2998046875
211.2,-9.51171875,-2.3876953125
211.5,-9.5068359375,-2.802734375
211.8,-9.5263671875,-2.646484375
212.1,-9.51171875,-3.0078125
212.4,-9.501953125,-3.14453125
212.7,-9.53125,-2.822265625
213.0,-9.5263671875,-3.0224609375
213.3,-9.53125,-3.1591796875
213.6,-9.521484375,-2.2314453125
213.9,-9.5068359375,-2.119140625
214.2,-9.541015625,-1.953125
214.5,-9.53125,-1.62109375
214.8,-9.55078125,-1.7431640625
215.1,-9.541015625,-1.3037109375
215.4,-9.5556640625,-1.8017578125
215.7,-9.5458984375,-1.4111328125
216.0,-9.55078125,-1.8798828125
216.3,-9.5556640625,-0.9912109375
216.6,-9.541015625,-1.1328125
216.9,-9.5654296875,-0.732421875
217.2,-9.560546875,-1.259765625
217.5,-9.580078125,-1.318359375
217.8,-9.55078125,-1.4013671875
218.1,-9.580078125,-1.46484375
218.4,-9.5703125,-1.4599609375
218.7,-9.5849609375,-1.474609375
219.0,-9.580078125,-1.220703125
219.3,-9.5751953125,-1.9580078125
219.6,-9.58984375,-1.025390625
219.9,-9.599609375,-0.546875
220.2,-9.58984375,-0.8740234375
220.5,-9.5947265625,-0.888671875
220.8,-9.5849609375,-0.3271484375
221.1,-9.6044921875,-0.3271484375
221.4,-9.599609375,-0.6298828125
221.7,-9.599609375,-0.4052734375
222.0,-9.5947265625,-1.015625
222.3,-9.6044921875,-0.791015625
222.6,-9.619140625,-1.0888671875
222.9,-9.6142578125,0.263671875
223.2,-9.609375,-0.3173828125
223.5,-9.619140625,-0.576171875
223.8,-9.619140625,-1.0595703125
224.1,-9.619140625,-0.7080078125
224.4,-9.619140625,-0.2978515625
224.7,-9.6240234375,-1.2841796875
225.0,-9.62890625,-2.44140625
225.3,-9.6337890625,-2.3046875
225.6,-9.6337890625,-1.97265625
225.9,-9.6435546875,-1.953125
226.2,-9.62890625,-1.9775390625
226.5,-9.6435546875,-1.7333984375
226.8,-9.6484375,-1.8212890625
227.1,-9.6533203125,-1.162109375
227.4,-9.658203125,-0.7861328125
227.7,-9.658203125,-0.712890625
228.0,-9.6630859375,-0.5126953125
228.3,-9.6533203125,-0.68359375
228.6,-9.6630859375,-0.5712890625
228.9,-9.6630859375,0.2392578125
229.2,-9.6728515625,0.2587890625
229.5,-9.6728515625,-0.7470703125
229.8,-9.677734375,-1.5869140625
230.1,-9.677734375,-2.1044921875
230.4,-9.6728515625,-2.05078125
230.7,-9.6875,-1.3427734375
231.0,-9.6923828125,-1.5185546875
231.3,-9.70703125,-1.6650390625
231.6,-9.6923828125,-1.7529296875
231.9,-9.677734375,-1.630859375
232.2,-9.6875,-1.77734375
232.5,-9.70703125,-1.2353515625
232.8,-9.6923828125,-1.1474609375
233.1,-9.6923828125,-0.634765625
233.4,-9.716796875,-0.478515625
233.7,-9.70703125,0.25390625
234.0,-9.7119140625,0.5859375
234.3,-9.7119140625,-0.1123046875
234.6,-9.70703125,-0.1416015625
234.9,-9.716796875,-0.810546875
235.2,-9.7119140625,-1.162109375
235.5,-9.7216796875,-0.9912109375
235.8,-9.716796875,-1.0546875
236.1,-9.736328125,-0.625
236.4,-9.7314453125,-0.400390625
236.7,-9.736328125,-1.0498046875
237.0,-9.7314453125,-1.611328125
237.3,-9.7412109375,-1.7333984375
237.6,-9.7412109375,-2.2705078125
237.9,-9.74609375,-1.6845703125
238.2,-9.7412109375,-1.73828125
238.5,-9.7509765625,-1.220703125
238.8,-9.74609375,-1.8359375
239.1,-9.755859375,-2.060546875
239.4,-9.755859375,-2.0166015625
239.7,-9.7607421875,-1.279296875
240.0,-9.7607421875,-0.91796875
240.3,-9.765625,-0.5712890625
240.6,-9.775390625,-0.9814453125
240.9,-9.765625,-0.498046875
241.2,-9.7705078125,-0.7421875
241.5,-9.7607421875,-1.0693359375
241.8,-9.7705078125,-1.0009765625
242.1,-9.7705078125,-1.09375
242.4,-9.78515625,-0.7421875
242.7,-9.7998046875,-0.6689453125
243.0,-9.794921875,-0.361328125
243.3,-9.7998046875,0.1904296875
243.6,-9.8046875,-0.29296875
243.9,-9.7900390625,-0.15625
244.2,-9.8046875,-0.205078125
244.5,-9.7900390625,-0.4541015625
244.8,-9.7900390625,-0.8251953125
245.1,-9.8046875,-0.5908203125
245.4,-9.814453125,-0.5615234375
245.7,-9.8095703125,-0.478515625
246.0,-9.8193359375,-1.07421875
246.3,-9.8046875,-1.376953125
246.6,-9.8193359375,-1.5625
246.9,-9.82421875,-2.3095703125
247.2,-9.82421875,-2.8076171875
247.5,-9.8291015625,-2.08984375
247.8,-9.82421875,-2.021484375
248.1,-9.8291015625,-1.845703125
248.4,-9.8291015625,-1.4208984375
248.7,-9.84375,-1.8310546875
249.0,-9.8388671875,-1.845703125
249.3,-9.84375,-1.9873046875
249.6,-9.8486328125,-2.138671875
249.9,-9.8583984375,-2.265625
250.2,-9.8486328125,-2.9638671875
250.5,-9.833984375,-2.666015625
250.8,-9.47265625,-2.4951171875
251.1,-9.462890625,-1.5966796875
251.4,-9.4677734375,-1.1572265625
251.7,-9.462890625,-0.9375
252.0,-9.4677734375,-0.9619140625
252.3,-9.462890625,-1.1572265625
252.6,-9.4580078125,-0.869140625
252.9,-9.4677734375,-0.7080078125
253.2,-9.47265625,-0.8642578125
253.5,-9.482421875,-1.81640625
253.8,-9.47265625,-1.30859375
254.1,-9.4580078125,-0.732421875
254.4,-9.4580078125,0.13671875
254.7,-9.482421875,-0.4296875
255.0,-9.462890625,-0.4345703125
255.3,-9.47265625,-0.4150390625
255.6,-9.4677734375,-0.7177734375
255.9,-9.47265625,-0.9619140625
256.2,-9.47265625,-1.103515625
256.5,-9.4677734375,-1.2939453125
256.8,-9.462890625,-0.95703125
257.1,-9.453125,-0.5908203125
257.4,-9.462890625,-1.1474609375
257.7,-9.4677734375,-1.2548828125
258.0,-9.4580078125,-0.9814453125
258.3,-9.462890625,-1.923828125
258.6,-9.4677734375,-1.923828125
258.9,-9.47265625,-1.748046875
259.2,-9.47265625,-1.73828125
259.5,-9.4677734375,-2.3046875
259.8,-9.462890625,-2.998046875
260.1,-9.462890625,-2.8955078125
260.4,-9.47265625,-3.125
260.7,-9.462890625,-3.10546875
261.0,-9.47265625,-3.65234375
261.3,-9.47265625,-3.681640625
261.6,-9.462890625,-3.33984375
261.9,-9.4677734375,-3.2861328125
262.2,-9.4775390625,-2.998046875
262.5,-9.462890625,-3.0029296875
262.8,-9.4775390625,-2.5390625
263.1,-9.462890625,-1.7724609375
263.4,-9.4677734375,-0.8642578125
263.7,-9.4580078125,-1.318359375
264.0,-9.4677734375,-1.66015625
264.3,-9.4775390625,-1.69921875
264.6,-9.47265625,-1.7919921875
264.9,-9.462890625,-1.8359375
265.2,-9.4677734375,-2.0263671875
265.5,-9.4677734375,-2.4365234375
265.8,-9.4677734375,-1.904296875
266.1,-9.4677734375,-1.3671875
266.4,-9.4580078125,-1.2841796875
266.7,-9.462890625,-1.4599609375
267.0,-9.4677734375,-2.0458984375
267.3,-9.482421875,-2.0458984375
267.6,-9.462890625,-1.4794921875
267.9,-9.462890625,-1.9140625
268.2,-9.4775390625,-2.021484375
268.5,-9.482421875,-1.4453125
268.8,-9.462890625,-0.9375
269.1,-9.462890625,-0.9033203125
269.4,-9.4775390625,-0.8251953125
269.7,-9.4580078125,-1.2060546875
270.0,-9.482421875,-1.5234375
270.3,-9.4580078125,-1.2548828125
270.6,-9.4677734375,-1.2646484375
270.9,-9.4677734375,-1.884765625
271.2,-9.47265625,-2.0068359375
271.5,-9.4677734375,-2.119140625
271.8,-9.4580078125,-2.1875
272.1,-9.4677734375,-1.81640625
272.4,-9.4677734375,-1.0205078125
272.7,-9.4775390625,-0.2783203125
273.0,-9.4677734375,-0.712890625
273.3,-9.4677734375,-1.162109375
273.6,-9.4580078125,-1.2353515625
273.9,-9.4677734375,-0.5029296875
274.2,-9.4677734375,-0.0732421875
274.5,-9.47265625,-0.380859375
274.8,-9.4775390625,-0.859375
275.1,-9.4580078125,-0.9033203125
275.4,-9.4580078125,-1.4599609375
275.7,-9.4775390625,-1.1181640625
276.0,-9.462890625,-1.0546875
276.3,-9.4677734375,-1.4892578125
276.6,-9.4775390625,-0.8203125
276.9,-9.4775390625,-0.830078125
277.2,-9.462890625,-1.474609375
277.5,-9.4677734375,-1.3232421875
277.8,-9.4775390625,-1.2109375
278.1,-9.462890625,-1.748046875
278.4,-9.4775390625,-2.16796875
278.7,-10.048828125,-1.7578125
279.0,-10.05859375,-1.97265625
279.3,-10.0537109375,-1.4697265625
279.6,-10.0537109375,-0.6787109375
279.9,-10.0439453125,-0.33203125
280.2,-10.0537109375,-0.0439453125
280.5,-10.0537109375,-0.5224609375
280.8,-10.0537109375,-0.1123046875
281.1,-10.048828125,0.05859375
281.4,-10.0439453125,-0.44921875
281.7,-10.048828125,-1.1181640625
282.0,-10.0537109375,-0.8837890625
282.3,-10.0390625,-1.728515625
282.6,-10.05859375,-1.97265625
282.9,-10.0537109375,-1.8994140625
283.2,-10.0537109375,-1.953125
283.5,-10.0439453125,-1.4892578125
283.8,-10.048828125,-1.4111328125
284.1,-10.0537109375,-1.845703125
284.4,-9.4677734375,-2.3876953125
284.7,-9.462890625,-2.8466796875
285.0,-9.462890625,-2.9833984375
285.3,-9.4677734375,-3.69140625
285.6,-9.4677734375,-3.6279296875
285.9,-9.4677734375,-3.18359375
286.2,-9.47265625,-3.22265625
286.5,-9.4775390625,-3.4033203125
286.8,-9.4775390625,-2.6123046875
287.1,-9.453125,-3.1298828125
287.4,-9.4677734375,-3.720703125
287.7,-9.4775390625,-2.939453125
288.0,-9.4775390625,-2.666015625
288.3,-9.462890625,-2.2998046875
288.6,-9.462890625,-2.587890625
288.9,-9.4677734375,-2.3779296875
289.2,-9.4677734375,-2.1337890625
289.5,-9.4677734375,-1.5478515625
289.8,-9.4580078125,-1.103515625
290.1,-9.4677734375,-1.9580078125
290.4,-9.4677734375,-2.20703125
290.7,-9.4677734375,-1.181640625
291.0,-9.4580078125,-1.9189453125
291.3,-9.4775390625,-2.1533203125
291.6,-9.47265625,-2.4365234375
291.9,-9.4677734375,-2.841796875
292.2,-9.4677734375,-3.7841796875
292.5,-9.4677734375,-2.8857421875
292.8,-9.462890625,-1.9921875
293.1,-9.462890625,-1.5966796875
293.4,-9.4580078125,-2.2900390625
293.7,-9.47265625,-2.646484375
294.0,-9.462890625,-2.3193359375
294.3,-9.47265625,-2.51953125
294.6,-9.4580078125,-2.12890625
294.9,-9.462890625,-1.8701171875
295.2,-9.4482421875,-1.40625
295.5,-9.4580078125,-1.8017578125
295.8,-9.4677734375,-1.5185546875
296.1,-9.4677734375,-1.7822265625
296.4,-9.4775390625,-2.0556640625
296.7,-9.4580078125,-2.6025390625
297.0,-9.47265625,-3.0029296875
297.3,-9.4677734375,-2.392578125
297.6,-9.462890625,-1.8115234375
297.9,-9.462890625,-1.689453125
298.2,-9.4677734375,-1.6796875
298.5,-9.453125,-1.9189453125
298.8,-9.4677734375,-2.0458984375
299.1,-9.4775390625,-2.1142578125
299.4,-9.4677734375,-1.357421875
299.7,-9.4677734375,-1.572265625
300.0,-9.462890625,-1.953125
300.3,-9.47265625,-1.943359375
300.6,-9.47265625,-2.1484375
300.9,-9.4580078125,-1.40625
301.2,-9.4677734375,-1.30859375
301.5,-9.4775390625,-1.5673828125
301.8,-9.4580078125,-1.240234375
302.1,-9.462890625,-0.3076171875
302.4,-9.4677734375,-0.4736328125
302.7,-9.47265625,-1.1376953125
303.0,-9.4775390625,-1.4013671875
303.3,-9.47265625,-1.15234375
303.6,-9.4677734375,-1.5771484375
303.9,-9.453125,-1.162109375
304.2,-9.4677734375,-0.7568359375
304.5,-9.4580078125,-1.1767578125
304.8,-9.47265625,-1.845703125
305.1,-9.47265625,-1.8603515625
305.4,-9.4677734375,-2.1337890625
305.7,-9.90234375,-2.177734375
306.0,-9.8974609375,-2.6513671875
306.3,-9.4677734375,-1.8310546875
306.6,-9.4677734375,-1.7578125
306.9,-9.47265625,-1.7724609375
307.2,-9.4677734375,-2.1923828125
307.5,-9.4580078125,-2.373046875
307.8,-9.462890625,-2.158203125
308.1,-9.4775390625,-2.255859375
308.4,-9.4677734375,-1.962890625
308.7,-9.462890625,-2.1337890625
309.0,-9.47265625,-1.8798828125
309.3,-9.4775390625,-1.669921875
309.6,-9.482421875,-1.85546875
309.9,-9.4677734375,-1.9287109375
310.2,-9.4775390625,-1.2744140625
310.5,-9.4775390625,-0.7177734375
310.8,-9.4677734375,-0.3955078125
311.1,-9.482421875,-0.60546875
311.4,-9.47265625,-0.56640625
311.7,-9.47265625,-0.654296875
312.0,-9.4775390625,-1.171875
312.3,-9.4677734375,-1.6796875
312.6,-9.4677734375,-1.4453125
312.9,-9.4677734375,-1.0693359375
313.2,-9.462890625,-1.15234375
313.5,-9.4873046875,-1.2109375
313.8,-9.4775390625,-1.181640625
314.1,-9.47265625,-0.8349609375
314.4,-9.4677734375,-0.283203125
314.7,-9.47265625,-0.2392578125
315.0,-9.47265625,-0.5029296875
315.3,-9.4677734375,-1.09375
315.6,-9.47265625,-1.15234375
315.9,-9.4580078125,-1.0888671875
316.2,-9.47265625,-2.041015625
316.5,-9.4677734375,-2.4560546875
316.8,-9.47265625,-1.4599609375
317.1,-9.4775390625,-1.1376953125
317.4,-9.462890625,-1.3671875
317.7,-9.47265625,-1.8505859375
318.0,-9.4775390625,-2.177734375
318.3,-9.462890625,-1.9189453125
318.6,-9.47265625,-2.2314453125
318.9,-9.4677734375,-2.216796875
319.2,-9.4775390625,-2.275390625
319.5,-9.4775390625,-1.533203125
319.8,-9.462890625,-1.689453125
320.1,-9.4775390625,-1.73828125
320.4,-9.4677734375,-2.2314453125
320.7,-9.462890625,-2.1533203125
321.0,-9.4580078125,-1.97265625
321.3,-9.4677734375,-2.05078125
321.6,-9.4677734375,-1.8994140625
321.9,-9.4677734375,-2.265625
322.2,-9.47265625,-1.9873046875
322.5,-9.4677734375,-1.7138671875
322.8,-9.4677734375,-1.4794921875
323.1,-9.4677734375,-1.435546875
323.4,-9.4677734375,-1.494140625
323.7,-9.47265625,-2.0361328125
324.0,-9.462890625,-1.9189453125
324.3,-9.4775390625,-0.8544921875
324.6,-9.47265625,-0.99609375
324.9,-9.462890625,-0.78125
325.2,-9.47265625,-0.2880859375
325.5,-9.462890625,-0.517578125
325.8,-9.4580078125,-1.298828125
326.1,-9.4677734375,-1.3427734375
326.4,-9.462890625,-1.484375
326.7,-9.4775390625,-1.591796875
327.0,-9.47265625,-1.2109375
327.3,-9.462890625,-1.171875
327.6,-9.47265625,-1.30859375
327.9,-9.47265625,-1.787109375
328.2,-9.4677734375,-1.396484375
328.5,-9.47265625,-1.044921875
328.8,-9.47265625,-1.2841796875
329.1,-9.4677734375,-0.9033203125
329.4,-9.47265625,-1.298828125
329.7,-9.47265625,-1.572265625
330.0,-9.4775390625,-1.015625
330.3,-9.4873046875,-1.0595703125
330.6,-9.462890625,-1.2158203125
330.9,-9.47265625,-1.2060546875
331.2,-9.4580078125,-0.7373046875
331.5,-9.4775390625,-0.13671875
331.8,-9.4677734375,0.01953125
332.1,-9.462890625,-0.6396484375
332.4,-9.4677734375,-0.5908203125
332.7,-9.4775390625,-0.6982421875
333.0,-9.4775390625,-1.181640625
333.3,-9.462890625,-1.572265625
333.6,-9.462890625,-1.97265625
333.9,-9.462890625,-2.3388671875
334.2,-9.462890625,-2.3046875
334.5,-9.4677734375,-2.7197265625
334.8,-9.4775390625,-3.30078125
335.1,-9.462890625,-3.2080078125
335.4,-9.47265625,-3.1640625
335.7,-9.4677734375,-3.876953125
336.0,-9.4677734375,-3.447265625
336.3,-9.4677734375,-3.3447265625
336.6,-9.453125,-3.154296875
336.9,-9.4677734375,-2.841796875
337.2,-9.47265625,-3.1201171875
337.5,-9.47265625,-2.939453125
337.8,-9.4677734375,-2.890625
338.1,-9.4677734375,-2.3681640625
338.4,-9.4580078125,-2.197265625
338.7,-9.4677734375,-2.5244140625
339.0,-9.47265625,-1.5869140625
339.3,-9.462890625,-1.3818359375
339.6,-9.462890625,-1.181640625
339.9,-9.47265625,-1.669921875
340.2,-9.47265625,-1.6259765625
340.5,-9.4677734375,-1.533203125
340.8,-9.4580078125,-1.7822265625
341.1,-9.4677734375,-2.1435546875
341.4,-9.482421875,-2.2802734375
341.7,-9.47265625,-1.9287109375
342.0,-9.4775390625,-1.7626953125
342.3,-9.4677734375,-2.7001953125
342.6,-9.47265625,-3.193359375
342.9,-9.4677734375,-3.2861328125
343.2,-9.4677734375,-2.94921875
343.5,-9.4677734375,-2.9736328125
343.8,-9.4775390625,-2.9150390625
344.1,-9.4677734375,-2.7880859375
344.4,-9.47265625,-2.3681640625
344.7,-9.4775390625,-2.509765625
345.0,-9.4677734375,-2.0947265625
345.3,-9.462890625,-1.5283203125
345.6,-9.47265625,-1.1572265625
345.9,-9.47265625,-0.9033203125
346.2,-9.462890625,-1.015625
346.5,-9.4677734375,-0.8984375
346.8,-9.4677734375,-1.1865234375
347.1,-9.4580078125,-1.5380859375
347.4,-9.47265625,-2.0654296875
347.7,-9.47265625,-2.3095703125
348.0,-9.4580078125,-2.6806640625
348.3,-9.4775390625,-1.8798828125
348.6,-9.4677734375,-1.4111328125
348.9,-9.462890625,-1.875
349.2,-9.47265625,-1.73828125
349.5,-9.462890625,-2.265625
349.8,-9.47265625,-1.904296875
350.1,-9.4775390625,-1.6943359375
350.4,-9.4580078125,-1.806640625
350.7,-9.4677734375,-2.802734375
351.0,-9.47265625,-2.51953125
351.3,-9.482421875,-2.63671875
351.6,-9.4677734375,-2.3193359375
351.9,-9.47265625,-2.5341796875
352.2,-9.47265625,-2.8125
352.5,-9.47265625,-2.1630859375
352.8,-9.462890625,-1.552734375
353.1,-9.4677734375,-1.4892578125
353.4,-9.4677734375,-2.5537109375
353.7,-9.462890625,-2.96875
354.0,-9.462890625,-2.5341796875
354.3,-9.4677734375,-2.0263671875
354.6,-9.47265625,-2.3779296875
354.9,-9.462890625,-2.8271484375
355.2,-9.4677734375,-2.7099609375
355.5,-9.4775390625,-2.548828125
355.8,-9.47265625,-2.3828125
356.1,-9.4677734375,-1.5625
356.4,-9.47265625,-1.9775390625
356.7,-9.47265625,-1.6748046875
357.0,-9.4677734375,-1.5185546875
357.3,-9.4677734375,-1.5185546875
357.6,-9.4580078125,-1.3525390625
357.9,-9.4775390625,-2.119140625
358.2,-9.47265625,-2.275390625
358.5,-9.4677734375,-1.5966796875
358.8,-9.4677734375,-1.611328125
359.1,-9.462890625,-1.5869140625
359.4,-9.47265625,-1.0546875
359.7,-9.4677734375,-1.42578125
360.0,-9.4775390625,-1.669921875
360.3,-9.462890625,-1.5185546875
360.6,-9.4677734375,-1.3720703125
360.9,-9.47265625,-1.2109375
361.2,-9.47265625,-1.15234375
361.5,-9.462890625,-0.9765625
361.8,-9.4677734375,-0.654296875
362.1,-9.4775390625,-0.673828125
362.4,-9.482421875,-0.72265625
362.7,-9.4677734375,-0.7568359375
363.0,-9.4775390625,-0.087890625
363.3,-9.4580078125,-0.751953125
363.6,-9.47265625,-0.4833984375
363.9,-9.47265625,-0.5419921875
364.2,-9.453125,-0.3759765625
364.5,-9.462890625,0.1025390625
364.8,-9.4677734375,-0.2587890625
365.1,-9.4775390625,-0.3173828125
365.4,-9.462890625,-0.2587890625
365.7,-9.4580078125,-1.03515625
366.0,-9.462890625,-1.8212890625
366.3,-9.47265625,-2.1142578125
366.6,-9.47265625,-2.314453125
366.9,-9.4580078125,-2.0263671875
367.2,-9.47265625,-1.728515625
367.5,-9.462890625,-1.85546875
367.8,-9.47265625,-2.48046875
368.1,-9.47265625,-2.8173828125
368.4,-9.4580078125,-2.4169921875
368.7,-9.4677734375,-2.890625
369.0,-9.462890625,-2.79296875
369.3,-9.47265625,-2.7294921875
369.6,-9.4580078125,-2.9443359375
369.9,-9.47265625,-3.017578125
370.2,-9.47265625,-2.4169921875
370.5,-9.462890625,-1.8701171875
370.8,-9.4677734375,-2.0458984375
371.1,-9.4775390625,-2.5927734375
371.4,-9.4677734375,-2.353515625
371.7,-9.4775390625,-2.138671875
372.0,-9.47265625,-2.12890625
372.3,-9.4775390625,-2.3388671875
372.6,-9.462890625,-2.3291015625
372.9,-9.47265625,-2.822265625
373.2,-9.4775390625,-2.5439453125
373.5,-9.4580078125,-2.40234375
373.8,-9.4677734375,-2.900390625
374.1,-9.47265625,-2.6416015625
374.4,-9.462890625,-2.001953125
374.7,-9.462890625,-2.1435546875
375.0,-9.4677734375,-1.8896484375
375.3,-9.4677734375,-1.8408203125
375.6,-9.4677734375,-1.2841796875
375.9,-9.47265625,-0.966796875
376.2,-9.462890625,-0.8984375
376.5,-9.4677734375,-1.142578125
376.8,-9.482421875,-1.3232421875
377.1,-9.4677734375,-1.4013671875
377.4,-9.47265625,-1.4892578125
377.7,-9.4677734375,-1.4794921875
378.0,-9.4677734375,-1.8505859375
378.3,-9.4677734375,-2.1875
378.6,-9.4775390625,-1.025390625
378.9,-9.4677734375,-0.888671875
379.2,-9.4580078125,-1.2548828125
379.5,-9.4677734375,-1.81640625
379.8,-9.4677734375,-2.6806640625
380.1,-9.462890625,-2.8662109375
380.4,-9.462890625,-3.0078125
380.7,-9.4677734375,-2.802734375
381.0,-9.4677734375,-2.5244140625
381.3,-9.4677734375,-2.2314453125
381.6,-9.47265625,-1.7626953125
381.9,-9.462890625,-1.9287109375
382.2,-9.47265625,-1.7578125
382.5,-9.4775390625,-2.0361328125
382.8,-9.453125,-2.12890625
383.1,-9.462890625,-1.8896484375
383.4,-9.47265625,-2.0458984375
383.7,-9.4775390625,-2.4365234375
384.0,-9.47265625,-1.66015625
384.3,-9.47265625,-2.0361328125
384.6,-9.482421875,-1.8603515625
384.9,-9.4677734375,-1.962890625
385.2,-9.462890625,-2.236328125
385.5,-9.4580078125,-1.5625
385.8,-9.4677734375,-1.591796875
386.1,-9.47265625,-1.4111328125
386.4,-9.4677734375,-0.986328125
386.7,-9.462890625,-1.396484375
387.0,-9.4775390625,-1.1474609375
387.3,-9.4677734375,-1.494140625
387.6,-9.4580078125,-1.8701171875
387.9,-9.462890625,-2.431640625
388.2,-9.47265625,-2.5732421875
388.5,-9.4677734375,-2.1826171875
388.8,-9.47265625,-1.4599609375
389.1,-9.482421875,-1.46484375
389.4,-9.47265625,-1.0009765625
389.7,-9.4775390625,-0.95703125
390.0,-9.4677734375,-1.2353515625
390.3,-9.462890625,-1.25
390.6,-9.4775390625,-0.91796875
390.9,-9.47265625,-0.615234375
391.2,-9.4677734375,-1.2646484375
391.5,-9.4677734375,-1.8994140625
391.8,-9.47265625,-1.77734375
392.1,-9.4921875,-2.0947265625
392.4,-9.4775390625,-2.2119140625
392.7,-9.462890625,-1.953125
393.0,-9.47265625,-1.875
393.3,-9.453125,-1.6064453125
393.6,-9.4775390625,-1.1865234375
393.9,-9.47265625,-0.95703125
394.2,-9.47265625,-1.8359375
394.5,-9.4677734375,-2.3681640625
394.8,-9.462890625,-2.05078125
395.1,-9.462890625,-2.0849609375
395.4,-9.4677734375,-2.2119140625
395.7,-9.47265625,-2.578125
396.0,-9.462890625,-2.9736328125
396.3,-9.462890625,-2.7294921875
396.6,-9.4677734375,-2.40234375
396.9,-9.4677734375,-2.0458984375
397.2,-9.4677734375,-1.8896484375
397.5,-9.4775390625,-2.5439453125
397.8,-9.47265625,-1.611328125
398.1,-9.47265625,-2.08984375
398.4,-9.4677734375,-1.875
398.7,-9.4775390625,-1.9580078125
399.0,-9.4775390625,-1.62109375
399.3,-9.4677734375,-2.099609375
399.6,-9.4580078125,-1.7236328125
399.9,-9.47265625,-1.8505859375
400.2,-9.4580078125,-1.7822265625
400.5,-9.4677734375,-1.8994140625
400.8,-9.462890625,-1.2353515625
401.1,-9.4775390625,-1.3134765625
401.4,-9.4677734375,-1.50390625
401.7,-9.4677734375,-2.2216796875
402.0,-9.4775390625,-1.7236328125
402.3,-9.4677734375,-1.9873046875
402.6,-9.4677734375,-1.962890625
402.9,-9.47265625,-1.6455078125
403.2,-9.462890625,-1.54296875
403.5,-9.47265625,-1.26953125
403.8,-9.47265625,-0.8447265625
404.1,-9.4677734375,-0.46875
404.4,-9.47265625,-0.341796875
404.7,-9.4580078125,-0.91796875
405.0,-9.47265625,-1.083984375
405.3,-9.4775390625,-0.9619140625
405.6,-9.4873046875,-1.89453125
405.9,-9.47265625,-1.8505859375
406.2,-9.462890625,-1.0400390625
406.5,-9.47265625,-0.3515625
406.8,-9.4677734375,-0.8349609375
407.1,-9.47265625,-0.5615234375
407.4,-9.4677734375,-0.625
407.7,-9.462890625,-0.9765625
408.0,-9.47265625,-1.5625
408.3,-9.47265625,-1.8798828125
408.6,-9.462890625,-2.275390625
408.9,-9.453125,-2.94921875
409.2,-9.462890625,-2.138671875
409.5,-9.47265625,-2.55859375
409.8,-9.462890625,-2.490234375
410.1,-9.47265625,-2.1728515625
410.4,-9.4677734375,-1.5185546875
410.7,-9.4775390625,-1.6064453125
411.0,-9.4775390625,-1.3232421875
411.3,-9.4677734375,-1.1181640625
411.6,-9.4677734375,-1.11328125
411.9,-9.4677734375,-1.0888671875
412.2,-9.47265625,-0.7568359375
412.5,-9.47265625,-1.5869140625
412.8,-9.4677734375,-1.875
413.1,-9.4677734375,-1.8896484375
413.4,-9.4677734375,-1.9384765625
413.7,-9.47265625,-1.8310546875
414.0,-9.482421875,-1.9921875
414.3,-9.4580078125,-1.806640625
414.6,-9.4775390625,-1.640625
414.9,-9.482421875,-1.58203125
415.2,-9.4677734375,-1.9970703125
415.5,-9.4775390625,-1.7919921875
415.8,-9.4677734375,-1.66015625
416.1,-9.47265625,-1.728515625
416.4,-9.4775390625,-1.728515625
416.7,-9.47265625,-1.3818359375
417.0,-9.4677734375,-1.7822265625
417.3,-9.47265625,-1.865234375
417.6,-9.4677734375,-2.353515625
417.9,-9.4775390625,-2.2900390625
418.2,-9.4677734375,-2.0654296875
418.5,-9.4677734375,-2.080078125
418.8,-9.47265625,-2.03125
419.1,-9.4677734375,-1.9482421875
419.4,-9.47265625,-1.669921875
419.7,-9.4677734375,-1.6015625
420.0,-9.4677734375,-1.4453125
420.3,-9.47265625,-0.6201171875
420.6,-9.4677734375,-0.8447265625
420.9,-9.462890625,-1.1474609375
421.2,-9.462890625,-0.830078125
421.5,-9.47265625,-0.6689453125
421.8,-9.4775390625,-1.15234375
422.1,-9.47265625,-1.2890625
422.4,-9.4677734375,-1.3671875
422.7,-9.4677734375,-1.5234375
423.0,-9.47265625,-0.9130859375
423.3,-9.462890625,-0.9033203125
423.6,-9.47265625,-0.6103515625
423.9,-9.462890625,-1.1376953125
424.2,-9.462890625,-0.76171875
424.5,-9.4677734375,-0.72265625
424.8,-9.47265625,0.654296875
425.1,-9.47265625,0.6640625
425.4,-9.4775390625,0.498046875
425.7,-9.4873046875,0.44921875
426.0,-9.453125,0.13671875
426.3,-9.4775390625,-0.3759765625
426.6,-9.462890625,-0.8447265625
426.9,-9.47265625,-0.8349609375
427.2,-9.4775390625,-1.1474609375
427.5,-9.4677734375,-1.81640625
427.8,-9.47265625,-2.59765625
428.1,-9.482421875,-2.3583984375
428.4,-9.47265625,-2.9248046875
428.7,-9.4677734375,-3.447265625
429.0,-9.47265625,-3.3203125
429.3,-9.462890625,-2.7587890625
429.6,-9.4775390625,-2.16796875
429.9,-9.462890625,-3.0419921875
430.2,-9.4775390625,-2.4951171875
430.5,-9.4677734375,-1.9921875
430.8,-9.4677734375,-2.392578125
431.1,-9.4775390625,-2.7880859375
431.4,-9.4775390625,-2.7783203125
431.7,-9.4677734375,-2.7294921875
432.0,-9.4775390625,-2.96875
432.3,-9.4775390625,-3.232421875
432.6,-9.4677734375,-2.8955078125
432.9,-9.4677734375,-3.49609375
433.2,-9.4677734375,-3.0517578125
433.5,-9.4677734375,-1.9287109375
433.8,-9.47265625,-1.4599609375
434.1,-9.462890625,-1.4501953125
434.4,-9.4677734375,-1.73828125
434.7,-9.47265625,-1.4404296875
435.0,-9.47265625,-0.4931640625
435.3,-9.47265625,-0.9130859375
435.6,-9.462890625,-1.8212890625
435.9,-9.47265625,-2.2705078125
436.2,-9.4677734375,-2.1728515625
436.5,-9.462890625,-1.5625
436.8,-9.47265625,-1.455078125
437.1,-9.47265625,-1.93359375
437.4,-9.47265625,-1.7578125
437.7,-9.462890625,-1.484375
438.0,-9.462890625,-1.982421875
438.3,-9.4677734375,-1.9482421875
438.6,-9.4677734375,-1.1328125
438.9,-9.4775390625,-1.5966796875
439.2,-9.47265625,-2.0751953125
439.5,-9.47265625,-2.0556640625
439.8,-9.4677734375,-2.8564453125
440.1,-9.4580078125,-3.41796875
440.4,-9.462890625,-3.7255859375
440.7,-9.482421875,-3.41796875
441.0,-9.4775390625,-3.203125
441.3,-9.4677734375,-2.9296875
441.6,-9.462890625,-2.9052734375
441.9,-9.4775390625,-2.861328125
442.2,-9.4677734375,-2.9443359375
442.5,-9.4775390625,-2.8466796875
442.8,-9.4677734375,-2.265625
443.1,-9.462890625,-2.20703125
443.4,-9.4775390625,-2.5048828125
443.7,-9.482421875,-2.0458984375
444.0,-9.4580078125,-2.1923828125
444.3,-9.462890625,-1.89453125
444.6,-9.47265625,-1.787109375
444.9,-9.4677734375,-1.1865234375
445.2,-9.482421875,-0.95703125
445.5,-9.4775390625,-1.3134765625
445.8,-9.4873046875,-1.0986328125
446.1,-9.4677734375,-1.2939453125
446.4,-9.462890625,-0.9619140625
446.7,-9.482421875,-0.8056640625
447.0,-9.4677734375,-1.064453125
447.3,-9.4677734375,-0.751953125
447.6,-9.47265625,-0.8154296875
447.9,-9.462890625,-0.99609375
448.2,-9.482421875,-0.52734375
448.5,-9.4775390625,-0.3271484375
448.8,-9.4580078125,-0.41015625
449.1,-9.47265625,-0.1953125
449.4,-9.462890625,-0.25390625
449.7,-9.4677734375,-0.537109375
450.0,-9.4775390625,-1.3427734375
450.3,-9.4677734375,-1.279296875
450.6,-9.47265625,-1.1279296875
450.9,-9.47265625,-1.142578125
451.2,-9.482421875,-0.7666015625
451.5,-9.47265625,-1.005859375
451.8,-9.4775390625,-1.2890625
452.1,-9.4677734375,-1.0107421875
452.4,-9.47265625,-1.1474609375
452.7,-9.4677734375,-1.0546875
453.0,-9.4775390625,-1.376953125
453.3,-9.47265625,-1.4794921875
453.6,-9.4677734375,-1.533203125
453.9,-9.4677734375,-1.3916015625
454.2,-9.4775390625,-1.1962890625
454.5,-9.4775390625,-1.171875
454.8,-9.4677734375,-1.0400390625
455.1,-9.47265625,-0.8837890625
455.4,-9.4677734375,-0.80078125
455.7,-9.462890625,-0.68359375
456.0,-9.47265625,-0.5322265625
456.3,-9.482421875,-0.4345703125
456.6,-9.47265625,-0.3955078125
456.9,-9.4677734375,-0.361328125
457.2,-9.462890625,-0.3662109375
457.5,-9.47265625,-0.3857421875
457.8,-9.4677734375,-0.3955078125
458.1,-9.47265625,-0.37109375
458.4,-9.462890625,-0.322265625
458.7,-9.462890625,-0.3125
459.0,-9.4580078125,-0.2392578125
459.3,-9.462890625,-0.2099609375
459.6,-9.47265625,-0.146484375
459.9,-9.462890625,-0.166015625
460.2,-9.47265625,-0.1416015625
460.5,-9.462890625,-0.1318359375
460.8,-9.4775390625,-0.13671875
461.1,-9.47265625,-0.1025390625
461.4,-9.4677734375,-0.1025390625
461.7,-9.4677734375,-0.0830078125
462.0,-9.4775390625,-0.0732421875
462.3,-9.4677734375,-0.05859375
462.6,-9.462890625,-0.078125
462.9,-9.47265625,-0.0341796875
463.2,-9.4775390625,-0.0390625
463.5,-9.47265625,-0.0439453125
463.8,-9.4775390625,-0.0341796875
464.1,-9.4677734375,-0.0341796875
464.4,-9.4775390625,-0.0537109375
464.7,-9.4775390625,-0.087890625
465.0,-9.4677734375,-0.126953125
465.3,-9.4775390625,-0.1416015625
465.6,-9.462890625,-0.1416015625
465.9,-9.462890625,-0.13671875
466.2,-9.47265625,-0.1513671875
466.5,-9.4677734375,-0.166015625
466.8,-9.4677734375,-0.1513671875
467.1,-9.4580078125,-0.1318359375
467.4,-9.4677734375,1.123046875
467.7,-9.47265625,1.1279296875
468.0,-9.47265625,-0.087890625
468.3,-9.47265625,-0.0732421875
468.6,-9.4677734375,-0.0537109375
468.9,-9.462890625,-0.0390625
469.2,-9.482421875,-0.0732421875
469.5,-9.4580078125,-0.7666015625
469.8,-9.4677734375,-1.0205078125
470.1,-9.4677734375,-0.859375
470.4,-9.47265625,-0.83984375
470.7,-9.4677734375,-1.6943359375
471.0,-9.462890625,-1.572265625
471.3,-9.4580078125,-1.9140625
471.6,-9.4677734375,-0.5078125
471.9,-9.4775390625,-0.7373046875
472.2,-9.462890625,-0.185546875
472.5,-9.462890625,0.0439453125
472.8,-9.4677734375,0.3955078125
473.1,-9.47265625,0.09765625
473.4,-9.4677734375,1.4208984375
473.7,-9.4677734375,1.103515625
474.0,-9.4677734375,-0.224609375
474.3,-9.462890625,-0.9375
474.6,-9.47265625,-1.07421875
474.9,-9.47265625,-1.4208984375
475.2,-9.4775390625,-0.7177734375
475.5,-9.462890625,-0.5419921875
475.8,-9.47265625,-0.361328125
476.1,-9.47265625,0.2587890625
476.4,-9.4775390625,-0.361328125
476.7,-9.4677734375,-0.6494140625
477.0,-9.4677734375,-0.283203125
477.3,-9.47265625,-0.8935546875
477.6,-9.47265625,-1.2451171875
477.9,-9.4677734375,-1.2890625
478.2,-9.4677734375,-1.8115234375
478.5,-9.4775390625,-1.5283203125
478.8,-9.4775390625,-1.708984375
479.1,-9.462890625,-1.9580078125
479.4,-9.47265625,-1.85546875
479.7,-9.47265625,-1.4794921875
480.0,-9.47265625,-1.4306640625
480.3,-9.47265625,-1.5625
480.6,-9.4775390625,-1.611328125
480.9,-9.482421875,-1.591796875
481.2,-9.47265625,-1.5966796875
481.5,-9.47265625,-1.5966796875
481.8,-9.4775390625,-1.552734375
482.1,-9.4677734375,-1.54296875
482.4,-9.47265625,-1.5185546875
482.7,-9.4677734375,-1.533203125
483.0,-9.4677734375,-1.435546875
483.3,-9.462890625,-1.3916015625
483.6,-9.462890625,-1.4111328125
483.9,-9.47265625,-1.3720703125
484.2,-9.47265625,-1.396484375
484.5,-9.4677734375,-1.4599609375
484.8,-9.462890625,-1.4990234375
485.1,-9.47265625,-1.4453125
485.4,-9.4775390625,-1.4404296875
485.7,-9.4677734375,-1.455078125
486.0,-9.4580078125,-1.279296875
486.3,-9.462890625,-1.3671875
486.6,-9.47265625,-1.4013671875
486.9,-9.4775390625,-1.4306640625
487.2,-9.47265625,-0.9912109375
487.5,-9.47265625,-1.796875
487.8,-9.47265625,3.662109375
488.1,-9.4677734375,-3.5595703125
488.4,-9.47265625,-3.486328125
488.7,-9.47265625,-1.2939453125
489.0,-9.462890625,-2.646484375
489.3,-9.47265625,3.4130859375
489.6,-9.4677734375,2.724609375
489.9,-9.47265625,2.216796875
490.2,-9.47265625,1.5283203125
490.5,-9.47265625,0.9716796875
490.8,-9.4677734375,0.1025390625
491.1,-9.4677734375,-0.0439453125
491.4,-9.47265625,-0.478515625
491.7,-9.4775390625,-0.6103515625
492.0,-9.47265625,-1.23046875
492.3,-9.4677734375,-1.4794921875
492.6,-9.4580078125,-1.279296875
492.9,-9.47265625,-1.640625
493.2,-9.47265625,-1.4599609375
493.5,-9.4677734375,-1.4892578125
493.8,-9.462890625,-1.767578125
494.1,-9.4580078125,-1.240234375
494.4,-9.47265625,-1.9677734375
494.7,-9.4775390625,-1.884765625
495.0,-9.47265625,-1.748046875
495.3,-9.4677734375,-2.216796875
495.6,-9.47265625,-3.0224609375
495.9,-9.482421875,-3.1787109375
496.2,-9.482421875,-3.0908203125
496.5,-9.4775390625,-2.314453125
496.8,-9.462890625,-2.0263671875
497.1,-9.462890625,-1.46484375
497.4,-9.4775390625,-1.38671875
497.7,-9.4677734375,-1.416015625
498.0,-9.4677734375,-1.630859375
498.3,-9.4677734375,-1.142578125
498.6,-9.462890625,-1.181640625
498.9,-9.47265625,-0.6005859375
499.2,-9.4482421875,0.0
499.5,-9.462890625,-0.21484375
499.8,-9.4677734375,-0.5419921875
500.1,-9.4677734375,-0.5908203125
500.4,-9.47265625,-0.322265625
500.7,-9.4873046875,-0.732421875
501.0,-9.453125,-0.52734375
501.3,-9.4580078125,-1.0107421875
501.6,-9.4775390625,-1.25
501.9,-9.4677734375,-1.2548828125
502.2,-9.47265625,-1.4794921875
502.5,-9.4775390625,-1.826171875
502.8,-9.462890625,-1.4013671875
503.1,-9.47265625,-1.3037109375
503.4,-9.4677734375,-1.4990234375
503.7,-9.4677734375,-1.669921875
504.0,-9.4677734375,-1.748046875
504.3,-9.4775390625,-1.0888671875
504.6,-9.4677734375,-0.791015625
504.9,-9.4677734375,-0.9716796875
505.2,-9.47265625,-0.615234375
505.5,-9.4677734375,-0.7373046875
505.8,-9.4677734375,-1.162109375
506.1,-9.47265625,-0.76171875
506.4,-9.4677734375,-0.244140625
506.7,-9.4677734375,0.09765625
507.0,-9.4775390625,-0.244140625
507.3,-9.47265625,-0.302734375
507.6,-9.4775390625,-0.4541015625
507.9,-9.4677734375,-0.5908203125
508.2,-9.4873046875,-0.703125
508.5,-9.47265625,-0.8056640625
508.8,-9.47265625,-0.888671875
509.1,-9.462890625,-0.9765625
509.4,-9.462890625,-1.0400390625
509.7,-9.4677734375,-1.09375
510.0,-9.47265625,-1.1279296875
510.3,-9.4580078125,-1.181640625
510.6,-9.47265625,-1.2158203125
510.9,-9.4677734375,-1.2548828125
511.2,-9.47265625,-1.2744140625
511.5,-9.4775390625,-1.298828125
511.8,-9.47265625,-1.3037109375
512.1,-9.462890625,-1.318359375
512.4,-9.47265625,-1.3330078125
512.7,-9.462890625,-1.328125
513.0,-9.4677734375,-1.357421875
513.3,-9.4775390625,-1.357421875
513.6,-9.4677734375,-1.3916015625
513.9,-9.4775390625,-1.3818359375
514.2,-9.4775390625,-1.376953125
514.5,-9.4775390625,-1.396484375
514.8,-9.47265625,-1.4013671875
515.1,-9.482421875,-1.396484375
515.4,-9.47265625,-1.416015625
515.7,-9.462890625,-1.435546875
516.0,-9.4677734375,-1.4599609375
516.3,-9.4775390625,-1.4501953125
516.6,-9.4580078125,-1.4599609375
516.9,-9.47265625,-1.4599609375
517.2,-9.4775390625,-1.46484375
517.5,-9.4873046875,-1.46484375
517.8,-9.4677734375,-1.46484375
518.1,-9.462890625,-1.46484375
518.4,-9.4775390625,-1.4599609375
518.7,-9.47265625,-1.474609375
519.0,-9.4677734375,-1.4501953125
519.3,-0.99609375,-1.42578125
519.6,-0.9326171875,-1.4111328125
519.9,-0.9130859375,-1.4013671875
520.2,-0.9033203125,-1.3916015625
520.5,-0.9130859375,-0.5029296875
520.8,-0.91796875,-0.5908203125
521.1,-0.9228515625,-0.625
521.4,-0.9130859375,-0.6494140625
521.7,-0.91796875,-0.6689453125
522.0,-0.9130859375,-0.6982421875
522.3,-0.9228515625,-0.7080078125
522.6,-0.9130859375,-0.732421875
522.9,-0.91796875,-0.76171875
523.2,-0.9228515625,-0.751953125
523.5,-0.9228515625,-0.76171875
523.8,-0.9228515625,-0.771484375
524.1,-0.9033203125,-0.76171875
524.4,-0.9130859375,-0.771484375
524.7,-0.9228515625,-0.7861328125
525.0,-0.9228515625,-0.7763671875
525.3,-0.91796875,-0.771484375
525.6,-0.9228515625,-0.7763671875
525.9,-0.9130859375,-0.771484375
526.2,-0.9228515625,-0.7763671875
526.5,-0.927734375,-0.7763671875
526.8,-0.927734375,-0.7763671875
527.1,-0.927734375,-0.78125
527.4,-0.9228515625,-0.78125
527.7,-0.9130859375,-0.7763671875
528.0,-0.9228515625,-0.7958984375
528.3,-0.9228515625,-0.771484375
528.6,-0.927734375,-0.7763671875
528.9,-0.9228515625,-0.78125
529.2,-0.927734375,-0.78125
529.5,-0.91796875,-0.7763671875
529.8,-0.9033203125,-0.791015625
530.1,-0.9228515625,-0.7763671875
530.4,-0.91796875,-0.771484375
530.7,-0.91796875,-0.7861328125
531.0,-0.927734375,-0.791015625
531.3,-0.9326171875,-0.78125
531.6,-0.9326171875,-0.78125
531.9,-0.927734375,-0.791015625
532.2,-0.927734375,-0.7861328125
532.5,-0.9130859375,-0.7861328125
532.8,-0.927734375,-0.7763671875
533.1,-0.9228515625,-0.78125
533.4,-0.9130859375,-0.7861328125
533.7,-0.9130859375,-0.78125
534.0,-0.9130859375,-0.791015625
534.3,-0.91796875,-0.810546875
534.6,-0.9228515625,-0.791015625
534.9,-0.9228515625,-0.7763671875
535.2,-0.91796875,-0.791015625
535.5,-0.91796875,-0.7861328125
535.8,-0.9228515625,-0.7861328125
536.1,-0.927734375,-0.78125
536.4,-0.9228515625,-0.7861328125
536.7,-0.9228515625,-0.80078125
537.0,-0.91796875,-0.791015625
537.3,-0.9130859375,-0.7958984375
537.6,-0.91796875,-0.791015625
537.9,-0.91796875,-0.791015625
538.2,-0.91796875,-0.7861328125
538.5,-0.9228515625,-0.7958984375
538.8,-0.91796875,-0.7958984375
539.1,-0.9130859375,-0.791015625
539.4,-0.91796875,-0.791015625
539.7,-0.927734375,-0.7958984375
540.0,-0.9375,-0.80078125
540.3,-0.9228515625,-0.78125
540.6,-0.9228515625,-0.80078125
540.9,-0.91796875,-0.7958984375
541.2,-0.927734375,-0.7958984375
541.5,-0.927734375,-0.791015625
541.8,-0.91796875,-0.7861328125
542.1,-0.9130859375,-0.7958984375
542.4,-0.9130859375,-0.7861328125
542.7,-0.908203125,-0.80078125
543.0,-0.91796875,-0.791015625
543.3,-0.9228515625,-0.7958984375
543.6,-0.9130859375,-0.7958984375
543.9,-0.91796875,-0.7958984375
544.2,-0.91796875,-0.791015625
544.5,-0.908203125,-0.8056640625
544.8,-0.91796875,-0.7861328125
545.1,-0.91796875,-0.8056640625
545.4,-0.9228515625,-0.7958984375
545.7,-0.91796875,-0.791015625
546.0,-0.927734375,-0.80078125
546.3,-0.91796875,-0.7958984375
546.6,-0.91796875,-0.7958984375
546.9,-0.9228515625,-0.7958984375
547.2,-0.9228515625,-0.80078125
547.5,-0.9228515625,-0.7958984375
547.8,-0.91796875,-0.791015625
548.1,-0.9228515625,-0.80078125
548.4,-0.927734375,-0.8056640625
548.7,-0.9228515625,-0.7958984375
549.0,-0.9326171875,-0.791015625
549.3,-0.9130859375,-0.791015625
549.6,-0.91796875,-0.80078125
549.9,-0.9228515625,-0.80078125
550.2,-0.91796875,-0.791015625
550.5,-0.9228515625,-0.80078125
550.8,-0.91796875,-0.80078125
551.1,-0.91796875,-0.7958984375
551.4,-0.9228515625,-0.7958984375
551.7,-0.908203125,-0.80078125
552.0,-0.91796875,-0.8056640625
552.3,-0.9130859375,-0.791015625
552.6,-0.9130859375,-0.80078125
552.9,-0.9130859375,-0.80078125
553.2,-0.9130859375,-0.810546875
553.5,-0.91796875,-0.80078125
553.8,-0.9228515625,-0.791015625
554.1,-0.9228515625,-0.8056640625
554.4,-0.9228515625,-0.7958984375
554.7,-0.91796875,-0.8056640625
555.0,-0.9228515625,-0.80078125
555.3,-0.9228515625,-0.791015625
555.6,-0.9130859375,-0.80078125
555.9,-0.9130859375,-0.80078125
556.2,-0.9228515625,-0.7958984375
556.5,-0.9130859375,-0.8056640625
