0.0,0.0244140625,33.203125,0.109990234375,0.966796875
0.3,0.01953125,33.203125,0.109990234375,0.0048828125
0.6,0.01953125,33.203125,0.109990234375,0.537109375
0.9,0.0244140625,33.203125,0.1233203125,11.8115234375
1.2,0.01953125,33.203125,0.1233203125,-0.009765625
1.5,0.01953125,33.203125,0.1233203125,-0.8349609375
1.8,0.0244140625,33.203125,0.109990234375,1.11328125
2.1,0.0244140625,33.203125,0.1233203125,1.0009765625
2.4,0.0244140625,33.203125,0.109990234375,-0.078125
2.7,0.0244140625,33.203125,0.136650390625,-1.357421875
3.0,0.0244140625,33.203125,0.1233203125,0.0439453125
3.3,0.01953125,33.203125,0.109990234375,-0.0390625
3.6,0.01953125,33.203125,0.136650390625,-10.517578125
3.9,0.0146484375,33.203125,0.1233203125,0.01953125
4.2,0.01953125,33.203125,0.14998046875,-1.2353515625
4.5,0.0244140625,32.2265625,0.1233203125,0.2783203125
4.8,0.0244140625,33.203125,0.1233203125,0.0439453125
5.1,0.01953125,33.203125,0.109990234375,-1.1474609375
5.4,0.0244140625,33.203125,0.1233203125,0.0
5.7,0.0244140625,33.203125,0.136650390625,1.9140625
6.0,0.01953125,33.203125,0.1233203125,-3.720703125
6.3,0.01953125,33.203125,0.1233203125,0.048828125
6.6,0.01953125,33.203125,0.1233203125,-1.09375
6.9,0.01953125,33.203125,0.1233203125,-0.09765625
7.2,0.01953125,33.203125,0.109990234375,0.0
7.5,0.0244140625,33.203125,0.14998046875,-0.966796875
7.8,0.01953125,33.203125,0.109990234375,0.029296875
8.1,0.0146484375,33.203125,0.09666015625,0.009765625
8.4,0.0244140625,33.203125,0.09666015625,-1.4306640625
8.7,0.01953125,33.203125,0.1233203125,0.126953125
9.0,0.0244140625,33.203125,0.1233203125,-0.087890625
9.3,0.01953125,33.203125,0.1233203125,1.0693359375
9.6,0.0244140625,33.203125,0.1233203125,0.087890625
9.9,0.0244140625,33.203125,0.1233203125,-1.25
10.2,0.01953125,33.203125,0.1233203125,0.7763671875
10.5,0.029296875,33.203125,0.1233203125,0.0390625
10.8,0.01953125,33.203125,0.09666015625,2.3974609375
11.1,0.01953125,33.203125,0.136650390625,-6.2158203125
11.4,0.0244140625,33.203125,0.1233203125,-0.087890625
11.7,0.0244140625,33.203125,0.1233203125,-0.9521484375
12.0,0.01953125,33.203125,0.136650390625,0.0
12.3,0.01953125,33.203125,0.109990234375,1.8798828125
12.6,0.01953125,33.203125,0.136650390625,-5.0244140625
12.9,0.01953125,33.203125,0.136650390625,0.0927734375
13.2,0.01953125,33.203125,0.109990234375,-0.6982421875
13.5,0.0146484375,33.203125,0.109990234375,0.01953125
13.8,0.01953125,33.203125,0.136650390625,1.4892578125
14.1,0.01953125,33.203125,0.1233203125,-0.95703125
14.4,0.0146484375,33.203125,0.1233203125,-0.48828125
14.7,0.0244140625,32.2265625,0.136650390625,-0.4541015625
15.0,0.01953125,33.203125,0.1233203125,-0.0146484375
15.3,0.01953125,33.203125,0.109990234375,1.4990234375
15.6,0.01953125,33.203125,0.1233203125,0.009765625
15.9,0.01953125,33.203125,0.1233203125,-1.015625
16.2,0.0244140625,33.203125,0.1233203125,-0.205078125
16.5,0.0146484375,33.203125,0.1233203125,0.0146484375
16.8,0.01953125,33.203125,0.1233203125,1.279296875
17.1,0.01953125,33.203125,0.136650390625,-0.0390625
17.4,0.0244140625,33.203125,0.136650390625,-1.6650390625
17.7,0.0244140625,33.203125,0.1233203125,5.0048828125
18.0,0.01953125,33.203125,0.1233203125,-0.009765625
18.3,0.01953125,33.203125,0.1233203125,0.8642578125
18.6,0.01953125,33.203125,0.1233203125,0.009765625
18.9,0.01953125,33.203125,0.136650390625,-1.58203125
19.2,0.01953125,33.203125,0.109990234375,3.388671875
19.5,0.01953125,33.203125,0.14998046875,0.0
19.8,0.0244140625,33.203125,0.1233203125,0.595703125
20.1,0.0244140625,32.2265625,0.136650390625,0.0390625
20.4,0.0244140625,33.203125,0.1233203125,-1.279296875
20.7,0.0244140625,33.203125,0.136650390625,0.0146484375
21.0,0.029296875,33.203125,0.1233203125,0.703125
21.3,0.0244140625,33.203125,0.136650390625,0.126953125
21.6,0.029296875,33.203125,0.109990234375,-0.048828125
21.9,0.0244140625,33.203125,0.109990234375,-1.1474609375
22.2,0.0244140625,33.203125,0.109990234375,0.0146484375
22.5,0.01953125,33.203125,0.136650390625,2.3681640625
22.8,0.0244140625,33.203125,0.109990234375,-6.123046875
23.1,0.01953125,33.203125,0.136650390625,0.078125
23.4,0.0244140625,33.203125,0.1233203125,-0.95703125
23.7,0.01953125,33.203125,0.1233203125,0.0390625
24.0,0.01953125,33.203125,0.1233203125,1.38671875
24.3,0.0146484375,33.203125,0.1233203125,-0.791015625
24.6,0.0244140625,33.203125,0.136650390625,-0.5859375
24.9,0.01953125,33.203125,0.1233203125,-0.478515625
25.2,0.0244140625,33.203125,0.136650390625,0.0634765625
25.5,0.01953125,33.203125,0.1233203125,1.318359375
25.8,0.01953125,33.203125,0.109990234375,-0.01953125
26.1,0.01953125,33.203125,0.1233203125,-1.1962890625
26.4,0.01953125,33.203125,0.1233203125,1.62109375
26.7,0.01953125,33.203125,0.136650390625,-0.0048828125
27.0,0.0244140625,33.203125,0.109990234375,1.0302734375
27.3,0.0244140625,33.203125,0.1233203125,-0.0146484375
27.6,0.0244140625,33.203125,0.109990234375,-1.640625
27.9,0.01953125,33.203125,0.109990234375,5.9521484375
28.2,0.01953125,33.203125,0.1233203125,-0.0927734375
28.5,0.01953125,33.203125,0.1233203125,0.8984375
28.8,0.0146484375,32.2265625,0.1233203125,-0.0244140625
29.1,0.01953125,33.203125,0.136650390625,-1.484375
29.4,0.0244140625,33.203125,0.1233203125,0.48828125
29.7,0.01953125,33.203125,0.1233203125,0.0048828125
30.0,0.0244140625,33.203125,0.1233203125,0.6396484375
30.3,0.01953125,33.203125,0.1233203125,0.0732421875
30.6,0.0146484375,33.203125,0.109990234375,-1.25
30.9,0.01953125,33.203125,0.109990234375,0.0146484375
31.2,0.01953125,33.203125,0.109990234375,1.044921875
31.5,0.01953125,33.203125,0.109990234375,-1.3330078125
31.8,0.029296875,33.203125,0.109990234375,-0.01953125
32.1,0.01953125,33.203125,0.109990234375,-1.162109375
32.4,0.01953125,33.203125,0.109990234375,0.029296875
32.7,0.01953125,33.203125,0.136650390625,2.2802734375
33.0,0.01953125,33.203125,0.1233203125,-5.9228515625
33.3,0.01953125,33.203125,0.109990234375,0.126953125
33.6,0.01953125,33.203125,0.1233203125,-0.7666015625
33.9,0.01953125,33.203125,0.1233203125,0.078125
34.2,0.0244140625,33.203125,0.1233203125,1.650390625
34.5,0.01953125,33.203125,0.136650390625,-0.048828125
34.8,0.01953125,33.203125,0.1233203125,-0.8251953125
35.1,0.0244140625,33.203125,0.1233203125,-0.3564453125
35.4,0.0146484375,33.203125,0.1233203125,0.0
35.7,0.01953125,32.2265625,0.1233203125,-1.3525390625
36.0,0.0244140625,33.203125,0.09666015625,-0.009765625
36.3,0.029296875,33.203125,0.1233203125,0.80078125
36.6,0.01953125,33.203125,0.1233203125,-0.595703125
36.9,0.01953125,33.203125,0.109990234375,-0.0390625
37.2,0.0244140625,33.203125,0.136650390625,-1.142578125
37.5,0.01953125,33.203125,0.1233203125,-0.0439453125
37.8,0.01953125,33.203125,0.1233203125,2.2265625
38.1,0.01953125,33.203125,0.136650390625,-5.927734375
38.4,0.0244140625,33.203125,0.1233203125,0.0390625
38.7,0.01953125,33.203125,0.1233203125,-0.6982421875
39.0,0.01953125,33.203125,0.136650390625,0.0341796875
39.3,0.0244140625,33.203125,0.1233203125,2.3779296875
39.6,0.01953125,33.203125,0.1233203125,-6.1572265625
39.9,0.0244140625,33.203125,0.1233203125,0.1220703125
40.2,0.01953125,33.203125,0.109990234375,-0.8935546875
40.5,0.0244140625,33.203125,0.109990234375,0.0927734375
40.8,0.01953125,33.203125,0.1233203125,1.4990234375
41.1,0.0146484375,33.203125,0.1233203125,-0.087890625
41.4,0.0244140625,33.203125,0.109990234375,-0.6298828125
41.7,0.01953125,33.203125,0.1233203125,-0.4150390625
42.0,0.01953125,33.203125,0.136650390625,-0.029296875
42.3,0.0244140625,33.203125,0.1233203125,1.337890625
42.6,0.01953125,33.203125,0.1233203125,0.0244140625
42.9,0.0244140625,33.203125,0.1233203125,-1.494140625
43.2,0.0244140625,33.203125,0.1233203125,4.8974609375
43.5,0.01953125,33.203125,0.136650390625,-0.1025390625
43.8,0.0146484375,33.203125,0.1233203125,1.005859375
44.1,0.01953125,33.203125,0.136650390625,0.0
44.4,0.0244140625,33.203125,0.1233203125,-1.5771484375
44.7,0.01953125,33.203125,0.1233203125,2.2607421875
45.0,0.01953125,33.203125,0.136650390625,-0.068359375
45.3,0.0244140625,33.203125,0.136650390625,0.5517578125
45.6,0.0244140625,33.203125,0.136650390625,0.0341796875
45.9,0.01953125,32.2265625,0.1233203125,-1.2353515625
46.2,0.01953125,33.203125,0.109990234375,-0.0048828125
46.5,0.01953125,33.203125,0.109990234375,1.4306640625
46.8,0.0244140625,33.203125,0.109990234375,-2.1826171875
47.1,0.0244140625,33.203125,0.1233203125,0.009765625
47.4,0.01953125,33.203125,0.136650390625,-1.044921875
47.7,0.0244140625,33.203125,0.109990234375,0.029296875
48.0,0.0244140625,33.203125,0.1233203125,1.7822265625
48.3,0.01953125,33.203125,0.109990234375,-3.681640625
48.6,0.01953125,33.203125,0.1233203125,-0.3271484375
48.9,0.029296875,33.203125,0.136650390625,-0.498046875
49.2,0.0244140625,33.203125,0.1233203125,-0.15625
49.5,0.0244140625,33.203125,0.1233203125,-1.6015625
49.8,0.01953125,33.203125,0.1233203125,6.15234375
50.1,0.01953125,33.203125,0.1233203125,-0.0048828125
50.4,0.01953125,33.203125,0.136650390625,0.8251953125
50.7,0.01953125,33.203125,0.1233203125,0.068359375
51.0,0.0244140625,33.203125,0.109990234375,-1.4208984375
51.3,0.0244140625,33.203125,0.136650390625,0.0439453125
51.6,0.0244140625,33.203125,0.1233203125,0.380859375
51.9,0.0244140625,33.203125,0.1233203125,0.1611328125
52.2,0.01953125,33.203125,0.109990234375,0.0048828125
52.5,0.0244140625,33.203125,0.136650390625,-1.201171875
52.8,0.01953125,33.203125,0.1233203125,-0.0341796875
53.1,0.0244140625,33.203125,0.09666015625,2.40234375
53.4,0.01953125,33.203125,0.1233203125,-6.1669921875
53.7,0.0244140625,33.203125,0.109990234375,0.15625
54.0,0.01953125,33.203125,0.109990234375,-0.810546875
54.3,0.0244140625,33.203125,0.1233203125,0.048828125
54.6,0.01953125,33.203125,0.1233203125,1.484375
54.9,0.01953125,33.203125,0.136650390625,0.0244140625
55.2,0.0244140625,33.203125,0.1233203125,-0.7666015625
55.5,0.0244140625,33.203125,0.14998046875,-0.4443359375
55.8,0.0244140625,33.203125,0.136650390625,0.0390625
56.1,0.01953125,33.203125,0.1233203125,1.2158203125
56.4,0.01953125,33.203125,0.1233203125,-0.0341796875
56.7,0.0244140625,33.203125,0.14998046875,-1.4111328125
57.0,0.01953125,33.203125,0.1233203125,3.8720703125
57.3,0.0244140625,33.203125,0.1233203125,-0.0634765625
57.6,0.0244140625,33.203125,0.1233203125,1.123046875
57.9,0.01953125,33.203125,0.109990234375,0.009765625
58.2,0.01953125,33.203125,0.1233203125,-1.6259765625
58.5,0.01953125,33.203125,0.1233203125,4.1552734375
58.8,0.01953125,33.203125,0.109990234375,-0.078125
59.1,0.029296875,33.203125,0.1233203125,0.712890625
59.4,0.0244140625,33.203125,0.109990234375,0.0439453125
59.7,0.0146484375,33.203125,0.109990234375,-1.3427734375
60.0,0.01953125,33.203125,0.109990234375,-0.0390625
60.3,0.0244140625,33.203125,0.1233203125,0.5029296875
60.6,0.01953125,33.203125,0.136650390625,0.2392578125
60.9,0.029296875,33.203125,0.109990234375,0.0
61.2,0.0244140625,33.203125,0.1233203125,-1.2255859375
61.5,0.0244140625,33.203125,0.1233203125,0.0048828125
61.8,0.01953125,33.203125,0.1233203125,1.962890625
62.1,0.01953125,33.203125,0.109990234375,-3.88671875
62.4,0.0244140625,33.203125,0.109990234375,0.009765625
62.7,0.01953125,33.203125,0.109990234375,-1.025390625
63.0,0.0244140625,33.203125,0.109990234375,-0.0537109375
63.3,0.01953125,33.203125,0.1233203125,2.119140625
63.6,0.0244140625,33.203125,0.109990234375,-5.7763671875
63.9,0.01953125,33.203125,0.136650390625,-0.0146484375
64.2,0.01953125,33.203125,0.109990234375,1.11328125
64.5,0.01953125,33.203125,0.163310546875,0.0439453125
64.8,0.0244140625,33.203125,0.1233203125,-1.7919921875
65.1,0.01953125,33.203125,0.14998046875,5.302734375
65.4,0.01953125,33.203125,0.136650390625,-0.166015625
65.7,0.0146484375,33.203125,0.1233203125,0.8447265625
66.0,0.01953125,33.203125,0.1233203125,-0.009765625
66.3,0.01953125,33.203125,0.14998046875,-1.58203125
66.6,0.0244140625,33.203125,0.109990234375,1.708984375
66.9,0.01953125,33.203125,0.136650390625,-0.087890625
67.2,0.01953125,33.203125,0.1233203125,0.5859375
67.5,0.0244140625,33.203125,0.136650390625,0.009765625
67.8,0.01953125,33.203125,0.1233203125,-1.376953125
68.1,0.01953125,33.203125,0.109990234375,0.0537109375
68.4,0.01953125,33.203125,0.109990234375,-0.09765625
68.7,0.01953125,33.203125,0.109990234375,0.5126953125
69.0,0.01953125,33.203125,0.109990234375,-0.009765625
69.3,0.0244140625,33.203125,0.109990234375,-1.484375
69.6,0.0244140625,33.203125,0.109990234375,-0.0048828125
69.9,0.01953125,33.203125,0.1233203125,0.0732421875
70.2,0.01953125,33.203125,0.109990234375,0.4833984375
70.5,0.0244140625,33.203125,0.1233203125,-0.0537109375
70.8,0.01953125,33.203125,0.14998046875,-1.4453125
71.1,0.0146484375,33.203125,0.1233203125,-0.0927734375
71.4,0.01953125,33.203125,0.109990234375,0.126953125
71.7,0.0244140625,33.203125,0.109990234375,0.5419921875
72.0,0.01953125,33.203125,0.1233203125,0.0390625
72.3,0.0244140625,33.203125,0.109990234375,-1.4794921875
72.6,0.0244140625,33.203125,0.109990234375,1.279296875
72.9,0.01953125,33.203125,0.109990234375,-0.0732421875
73.2,0.01953125,33.203125,0.109990234375,0.7177734375
73.5,0.029296875,33.203125,0.109990234375,-0.0146484375
73.8,0.0244140625,33.203125,0.1233203125,-1.533203125
74.1,0.0146484375,33.203125,0.109990234375,5.1025390625
74.4,0.0146484375,33.203125,0.109990234375,-0.05859375
74.7,0.01953125,33.203125,0.1233203125,0.9326171875
75.0,0.01953125,33.203125,0.136650390625,0.05859375
75.3,0.01953125,33.203125,0.109990234375,-1.6015625
75.6,0.01953125,33.203125,0.109990234375,6.162109375
75.9,0.0244140625,33.203125,0.109990234375,-0.0732421875
76.2,0.01953125,33.203125,0.136650390625,1.1083984375
76.5,0.01953125,33.203125,0.1233203125,0.0
76.8,0.0244140625,33.203125,0.1233203125,-1.66015625
77.1,0.0244140625,33.203125,0.1233203125,3.4375
77.4,0.0244140625,33.203125,0.136650390625,-0.087890625
77.7,0.01953125,33.203125,0.109990234375,1.1572265625
78.0,0.0244140625,33.203125,0.1233203125,0.0341796875
78.3,0.01953125,33.203125,0.1233203125,-1.484375
78.6,0.01953125,32.2265625,0.136650390625,0.91796875
78.9,0.0244140625,33.203125,0.1233203125,-0.01953125
79.2,0.0244140625,33.203125,0.136650390625,1.2158203125
79.5,0.01953125,33.203125,0.136650390625,0.0048828125
79.8,0.01953125,33.203125,0.136650390625,-1.1865234375
80.1,0.01953125,33.203125,0.1233203125,0.205078125
80.4,0.01953125,33.203125,0.136650390625,0.1171875
80.7,0.0244140625,33.203125,0.1233203125,1.34765625
81.0,0.01953125,33.203125,0.1233203125,0.009765625
81.3,0.0244140625,33.203125,0.109990234375,-1.19140625
81.6,0.01953125,33.203125,0.1233203125,-0.0732421875
81.9,0.01953125,33.203125,0.083330078125,0.0439453125
82.2,0.01953125,33.203125,0.1233203125,1.2548828125
82.5,0.0146484375,33.203125,0.1233203125,0.0146484375
82.8,0.0244140625,32.2265625,0.1233203125,-1.142578125
83.1,0.0244140625,33.203125,0.136650390625,-0.1806640625
83.4,0.0244140625,32.2265625,0.136650390625,0.068359375
83.7,0.01953125,33.203125,0.1233203125,-1.6455078125
84.0,0.01953125,32.2265625,0.136650390625,6.1279296875
84.3,0.009765625,33.203125,0.1233203125,-0.05859375
84.6,0.01953125,33.203125,0.136650390625,1.1181640625
84.9,0.0244140625,33.203125,0.14998046875,-0.01953125
85.2,0.0244140625,33.203125,0.1233203125,-1.6552734375
85.5,0.0244140625,33.203125,0.109990234375,5.7861328125
85.8,0.01953125,33.203125,0.136650390625,-0.0927734375
86.1,0.0146484375,33.203125,0.14998046875,1.1669921875
86.4,0.01953125,33.203125,0.136650390625,0.048828125
86.7,0.029296875,32.2265625,0.109990234375,-1.7138671875
87.0,0.0244140625,33.203125,0.109990234375,5.1513671875
87.3,0.01953125,33.203125,0.136650390625,0.0146484375
87.6,0.0244140625,33.203125,0.1233203125,1.0546875
87.9,0.01953125,33.203125,0.14998046875,0.0341796875
88.2,0.0244140625,33.203125,0.1233203125,-1.5087890625
88.5,0.0244140625,33.203125,0.1233203125,3.6962890625
88.8,0.01953125,33.203125,0.136650390625,0.029296875
89.1,0.0244140625,33.203125,0.1233203125,1.171875
89.4,0.0244140625,33.203125,0.1233203125,0.0390625
89.7,0.01953125,33.203125,0.109990234375,-0.13671875
90.0,0.01953125,33.203125,0.136650390625,0.6396484375
90.3,0.01953125,33.203125,0.1233203125,0.0439453125
90.6,0.029296875,33.203125,0.136650390625,0.9423828125
90.9,0.0244140625,33.203125,0.109990234375,0.0341796875
91.2,0.01953125,33.203125,0.136650390625,0.0244140625
91.5,0.0244140625,33.203125,0.163310546875,-1.2109375
91.8,0.0244140625,33.203125,0.109990234375,0.009765625
92.1,0.0244140625,33.203125,0.1233203125,0.966796875
92.4,0.01953125,33.203125,0.1233203125,-0.05859375
92.7,0.0244140625,33.203125,0.1233203125,0.048828125
93.0,0.0244140625,33.203125,0.1233203125,-1.3037109375
93.3,0.0244140625,33.203125,0.1233203125,-0.0537109375
93.6,0.0244140625,33.203125,0.1233203125,0.9228515625
93.9,0.0244140625,33.203125,0.1233203125,0.1220703125
94.2,0.0244140625,33.203125,0.136650390625,0.0634765625
94.5,0.0244140625,33.203125,0.1233203125,-1.181640625
94.8,0.0244140625,33.203125,0.1233203125,0.0244140625
95.1,0.01953125,32.2265625,0.109990234375,0.7080078125
95.4,0.0244140625,33.203125,0.1233203125,0.166015625
95.7,0.01953125,33.203125,0.109990234375,0.029296875
96.0,0.0244140625,33.203125,0.136650390625,-1.3623046875
96.3,0.0244140625,33.203125,0.109990234375,0.087890625
96.6,0.029296875,33.203125,0.14998046875,0.33203125
96.9,0.0146484375,33.203125,0.136650390625,0.4150390625
97.2,0.0244140625,33.203125,0.1233203125,0.166015625
97.5,0.0146484375,33.203125,0.1233203125,-1.474609375
97.8,0.0244140625,33.203125,0.136650390625,0.01953125
98.1,0.0244140625,33.203125,0.1233203125,0.05859375
98.4,0.01953125,33.203125,0.1233203125,-1.0498046875
98.7,0.0244140625,33.203125,0.109990234375,0.01953125
99.0,0.01953125,33.203125,0.1233203125,2.1923828125
99.3,0.01953125,33.203125,0.14998046875,-2.98828125
99.6,0.0244140625,33.203125,0.09666015625,0.029296875
99.9,0.01953125,33.203125,0.1233203125,-1.591796875
100.2,0.01953125,33.203125,0.109990234375,5.9716796875
100.5,0.0244140625,32.2265625,0.1233203125,0.0830078125
100.8,0.0244140625,33.203125,0.109990234375,-1.6552734375
101.1,0.0244140625,33.203125,0.1233203125,0.95703125
101.4,0.01953125,33.203125,0.1233203125,-0.0732421875
101.7,0.01953125,33.203125,0.109990234375,0.6689453125
102.0,0.0244140625,33.203125,0.109990234375,0.0634765625
102.3,0.01953125,33.203125,0.136650390625,-1.6162109375
102.6,0.0244140625,33.203125,0.1233203125,4.580078125
102.9,0.0244140625,33.203125,0.1233203125,-0.078125
103.2,0.0244140625,33.203125,0.1233203125,-1.455078125
103.5,0.0244140625,33.203125,0.09666015625,0.0537109375
103.8,0.01953125,33.203125,0.1233203125,0.17578125
104.1,0.01953125,33.203125,0.109990234375,0.5419921875
104.4,0.0244140625,33.203125,0.109990234375,0.0048828125
104.7,0.0244140625,33.203125,0.109990234375,-1.474609375
105.0,0.0244140625,33.203125,0.109990234375,2.548828125
105.3,0.01953125,33.203125,0.136650390625,-0.1025390625
105.6,0.0244140625,33.203125,0.1233203125,0.830078125
105.9,0.01953125,33.203125,0.109990234375,0.0341796875
106.2,0.01953125,33.203125,0.109990234375,-1.5869140625
106.5,0.0244140625,33.203125,0.09666015625,6.0498046875
106.8,0.01953125,33.203125,0.14998046875,0.01953125
107.1,0.0244140625,33.203125,0.1233203125,1.0302734375
107.4,0.01953125,33.203125,0.1233203125,0.0390625
107.7,0.01953125,33.203125,0.1233203125,-1.279296875
108.0,0.0146484375,33.203125,0.1233203125,2.861328125
108.3,0.01953125,33.203125,0.1233203125,-0.0537109375
108.6,0.01953125,33.203125,0.1233203125,1.2353515625
108.9,0.01953125,33.203125,0.1233203125,0.0244140625
109.2,0.0244140625,33.203125,0.1233203125,-1.162109375
109.5,0.0244140625,33.203125,0.1233203125,-0.2001953125
109.8,0.01953125,33.203125,0.09666015625,0.0439453125
110.1,0.01953125,33.203125,0.1233203125,1.474609375
110.4,0.01953125,33.203125,0.14998046875,-0.0048828125
110.7,0.0244140625,33.203125,0.109990234375,-0.4248046875
111.0,0.0244140625,33.203125,0.1233203125,-0.654296875
111.3,0.01953125,33.203125,0.1233203125,-0.0390625
111.6,0.0244140625,33.203125,0.1233203125,1.689453125
111.9,0.01953125,33.203125,0.1233203125,-4.8974609375
112.2,0.0244140625,33.203125,0.109990234375,0.0439453125
112.5,0.0244140625,32.2265625,0.109990234375,-0.9814453125
112.8,0.01953125,33.203125,0.1233203125,0.107421875
113.1,0.01953125,33.203125,0.109990234375,2.2216796875
113.4,0.01953125,33.203125,0.109990234375,-4.8388671875
113.7,0.0146484375,33.203125,0.1233203125,0.0732421875
114.0,0.0244140625,33.203125,0.1233203125,-1.15234375
114.3,0.0146484375,33.203125,0.136650390625,0.009765625
114.6,0.01953125,32.2265625,0.109990234375,0.8935546875
114.9,0.0244140625,33.203125,0.1233203125,0.2099609375
115.2,0.0244140625,33.203125,0.1233203125,0.0146484375
115.5,0.01953125,33.203125,0.1233203125,-1.46484375
115.8,0.01953125,33.203125,0.1233203125,-0.0244140625
116.1,0.0146484375,33.203125,0.136650390625,0.0341796875
116.4,0.01953125,33.203125,0.1233203125,0.556640625
116.7,0.01953125,33.203125,0.1233203125,0.0146484375
117.0,0.01953125,33.203125,0.09666015625,-1.5185546875
117.3,0.0146484375,33.203125,0.109990234375,4.7900390625
117.6,0.01953125,33.203125,0.1233203125,-0.2490234375
117.9,0.01953125,33.203125,0.1233203125,1.03515625
118.2,0.01953125,33.203125,0.136650390625,0.0
118.5,0.0146484375,33.203125,0.1233203125,-1.650390625
118.8,0.01953125,32.2265625,0.136650390625,3.193359375
119.1,0.01953125,33.203125,0.1233203125,0.0146484375
119.4,0.0146484375,33.203125,0.136650390625,1.2939453125
119.7,0.01953125,33.203125,0.14998046875,-0.0341796875
120.0,0.01953125,33.203125,0.1233203125,-0.99609375
120.3,0.0244140625,33.203125,0.1233203125,-0.478515625
120.6,0.01953125,33.203125,0.136650390625,-0.0146484375
120.9,0.0244140625,33.203125,0.1233203125,-5.5322265625
121.2,0.01953125,33.203125,0.1233203125,-3.310546875
121.5,0.0244140625,33.203125,0.1233203125,0.009765625
121.8,0.0244140625,33.203125,0.136650390625,2.0068359375
122.1,0.01953125,33.203125,0.1233203125,-6.1865234375
122.4,0.0244140625,33.203125,0.109990234375,-0.0146484375
122.7,0.0244140625,33.203125,0.136650390625,-1.0888671875
123.0,0.01953125,33.203125,0.1233203125,-0.009765625
123.3,0.0244140625,33.203125,0.1233203125,0.986328125
123.6,0.0146484375,33.203125,0.1233203125,0.302734375
123.9,0.0244140625,33.203125,0.1233203125,0.0927734375
124.2,0.0244140625,32.2265625,0.09666015625,-1.4501953125
124.5,0.0244140625,33.203125,0.1233203125,0.5810546875
124.8,0.01953125,33.203125,0.1233203125,-0.05859375
125.1,0.0244140625,33.203125,0.1233203125,0.8251953125
125.4,0.0244140625,33.203125,0.1233203125,-0.029296875
125.7,0.01953125,33.203125,0.109990234375,-1.708984375
126.0,0.01953125,33.203125,0.136650390625,5.68359375
126.3,0.0244140625,33.203125,0.136650390625,-0.048828125
126.6,0.0244140625,33.203125,0.136650390625,1.1376953125
126.9,0.01953125,33.203125,0.1233203125,0.068359375
127.2,0.0244140625,33.203125,0.109990234375,-1.2353515625
127.5,0.01953125,33.203125,0.1233203125,-0.2099609375
127.8,0.01953125,33.203125,0.1233203125,0.1416015625
128.1,0.0244140625,33.203125,0.109990234375,1.513671875
128.4,0.01953125,33.203125,0.1233203125,-0.4345703125
128.7,0.0244140625,33.203125,0.1233203125,-0.25390625
129.0,0.01953125,33.203125,0.109990234375,-0.7470703125
129.3,0.01953125,33.203125,0.1233203125,0.0146484375
129.6,0.01953125,33.203125,0.136650390625,2.1875
129.9,0.0146484375,33.203125,0.1233203125,-5.9765625
130.2,0.0244140625,33.203125,0.136650390625,0.0048828125
130.5,0.0244140625,33.203125,0.109990234375,-1.1572265625
130.8,0.01953125,33.203125,0.136650390625,0.13671875
131.1,0.01953125,33.203125,0.1233203125,1.19140625
131.4,0.0244140625,33.203125,0.109990234375,0.1953125
131.7,0.0244140625,33.203125,0.1233203125,-0.0146484375
132.0,0.01953125,33.203125,0.136650390625,0.146484375
132.3,0.01953125,33.203125,0.1233203125,-0.7373046875
132.6,0.01953125,33.203125,0.1233203125,-0.0146484375
132.9,0.0244140625,33.203125,0.1233203125,2.2021484375
133.2,0.01953125,33.203125,0.1233203125,-6.26953125
133.5,0.01953125,33.203125,0.109990234375,0.029296875
133.8,0.01953125,33.203125,0.136650390625,-1.1376953125
134.1,0.01953125,33.203125,0.1233203125,0.0927734375
134.4,0.029296875,33.203125,0.109990234375,1.6650390625
134.7,0.01953125,33.203125,0.136650390625,-0.1953125
135.0,0.01953125,33.203125,0.109990234375,0.068359375
135.3,0.0244140625,33.203125,0.136650390625,-1.259765625
135.6,0.0244140625,32.2265625,0.109990234375,-0.0439453125
135.9,0.01953125,33.203125,0.136650390625,0.1171875
136.2,0.01953125,33.203125,0.1233203125,0.5029296875
136.5,0.01953125,33.203125,0.136650390625,0.0244140625
136.8,0.0146484375,33.203125,0.136650390625,-1.474609375
137.1,0.01953125,33.203125,0.136650390625,3.4765625
137.4,0.0244140625,33.203125,0.1233203125,-0.087890625
137.7,0.0244140625,33.203125,0.1233203125,0.9033203125
138.0,0.01953125,33.203125,0.136650390625,-0.0048828125
138.3,0.0244140625,33.203125,0.136650390625,-1.572265625
138.6,0.0244140625,33.203125,0.109990234375,4.9072265625
138.9,0.0146484375,33.203125,0.14998046875,-0.078125
139.2,0.0146484375,33.203125,0.1233203125,1.240234375
139.5,0.01953125,33.203125,0.1233203125,-0.0244140625
139.8,0.01953125,33.203125,0.109990234375,-1.2109375
140.1,0.0146484375,33.203125,0.09666015625,-0.2734375
140.4,0.01953125,33.203125,0.1233203125,0.009765625
140.7,0.01953125,33.203125,0.136650390625,1.5478515625
141.0,0.0146484375,33.203125,0.136650390625,-0.478515625
141.3,0.0244140625,33.203125,0.1233203125,-0.224609375
141.6,0.0244140625,33.203125,0.1233203125,-0.83984375
141.9,0.01953125,33.203125,0.1233203125,0.048828125
142.2,0.0146484375,33.203125,0.1233203125,2.1337890625
142.5,0.0146484375,33.203125,0.1233203125,-6.1669921875
142.8,0.0244140625,33.203125,0.136650390625,0.0732421875
143.1,0.01953125,32.2265625,0.136650390625,-1.0302734375
143.4,0.0244140625,33.203125,0.1233203125,0.0390625
143.7,0.01953125,33.203125,0.1233203125,1.8603515625
144.0,0.01953125,33.203125,0.1233203125,-0.8154296875
144.3,0.01953125,33.203125,0.1233203125,0.0244140625
144.6,0.0244140625,33.203125,0.136650390625,-1.357421875
144.9,0.0244140625,33.203125,0.09666015625,0.0146484375
145.2,0.01953125,34.1796875,0.09666015625,0.21484375
145.5,0.0244140625,33.203125,0.1233203125,0.517578125
145.8,0.01953125,33.203125,0.1233203125,0.1171875
146.1,0.0244140625,33.203125,0.1233203125,-1.396484375
146.4,0.0244140625,33.203125,0.09666015625,1.396484375
146.7,0.0146484375,33.203125,0.136650390625,-0.0439453125
147.0,0.01953125,33.203125,0.1233203125,0.87890625
147.3,0.01953125,33.203125,0.136650390625,0.0146484375
147.6,0.0244140625,33.203125,0.109990234375,-1.71875
147.9,0.01953125,33.203125,0.136650390625,6.0888671875
148.2,0.01953125,33.203125,0.1233203125,-0.068359375
148.5,0.0244140625,33.203125,0.1233203125,1.0107421875
148.8,0.01953125,33.203125,0.136650390625,0.05859375
149.1,0.01953125,33.203125,0.1233203125,-1.3916015625
149.4,0.0244140625,33.203125,0.109990234375,0.8203125
149.7,0.01953125,33.203125,0.1233203125,-0.029296875
150.0,0.029296875,33.203125,0.109990234375,1.3232421875
150.3,0.01953125,32.2265625,0.136650390625,5.869140625
150.6,0.01953125,33.203125,0.1233203125,-0.048828125
150.9,0.0244140625,33.203125,0.109990234375,1.1474609375
151.2,0.01953125,33.203125,0.136650390625,-0.146484375
151.5,0.0244140625,33.203125,0.109990234375,-1.2109375
151.8,0.0146484375,33.203125,0.136650390625,-0.068359375
152.1,0.01953125,33.203125,0.136650390625,0.009765625
152.4,0.01953125,33.203125,0.09666015625,1.4306640625
152.7,0.0244140625,33.203125,0.1233203125,0.01953125
153.0,0.0244140625,33.203125,0.1233203125,-0.48828125
153.3,0.01953125,33.203125,0.1233203125,-0.6005859375
153.6,0.01953125,33.203125,0.136650390625,-0.0146484375
153.9,0.01953125,33.203125,0.1233203125,1.552734375
154.2,0.0146484375,33.203125,0.136650390625,-3.3544921875
154.5,0.0244140625,33.203125,0.109990234375,0.048828125
154.8,0.0244140625,33.203125,0.1233203125,-0.78125
155.1,0.0244140625,33.203125,0.1233203125,0.0146484375
155.4,0.01953125,33.203125,0.1233203125,2.16796875
155.7,0.0244140625,33.203125,0.136650390625,-6.2548828125
156.0,0.0244140625,33.203125,0.109990234375,-0.0048828125
156.3,0.0244140625,33.203125,0.1233203125,-0.9814453125
156.6,0.01953125,33.203125,0.109990234375,-0.0146484375
156.9,0.0244140625,33.203125,0.109990234375,2.1630859375
157.2,0.0244140625,33.203125,0.136650390625,-2.9833984375
157.5,0.0244140625,33.203125,0.1233203125,0.048828125
157.8,0.01953125,33.203125,0.136650390625,-1.1572265625
158.1,0.0244140625,33.203125,0.1233203125,-0.0537109375
158.4,0.0244140625,33.203125,0.14998046875,1.1083984375
158.7,0.0244140625,33.203125,0.136650390625,0.1513671875
159.0,0.0244140625,33.203125,0.1233203125,0.107421875
159.3,0.01953125,33.203125,0.136650390625,-1.328125
159.6,0.01953125,33.203125,0.109990234375,0.0048828125
159.9,0.01953125,33.203125,0.109990234375,0.0341796875
160.2,0.0244140625,33.203125,0.136650390625,0.41015625
160.5,0.01953125,33.203125,0.136650390625,0.029296875
160.8,0.0244140625,33.203125,0.1233203125,-1.5478515625
161.1,0.01953125,32.2265625,0.109990234375,0.9326171875
161.4,0.0244140625,33.203125,0.1233203125,-0.1220703125
161.7,0.0244140625,33.203125,0.136650390625,0.7568359375
162.0,0.01953125,33.203125,0.1233203125,0.0048828125
162.3,0.0244140625,33.203125,0.1233203125,-1.6064453125
162.6,0.0244140625,33.203125,0.1233203125,0.3466796875
162.9,0.0244140625,33.203125,0.109990234375,0.01953125
163.2,0.01953125,33.203125,0.14998046875,-1.5283203125
163.5,0.0244140625,33.203125,0.109990234375,-0.0830078125
163.8,0.01953125,33.203125,0.136650390625,-0.0341796875
164.1,0.01953125,33.203125,0.1233203125,0.6884765625
164.4,0.01953125,33.203125,0.1233203125,0.029296875
164.7,0.0244140625,33.203125,0.14998046875,-1.5087890625
165.0,0.0244140625,33.203125,0.1233203125,2.5244140625
165.3,0.01953125,33.203125,0.1233203125,-0.146484375
165.6,0.0244140625,33.203125,0.1233203125,0.810546875
165.9,0.01953125,33.203125,0.136650390625,0.009765625
166.2,0.0244140625,33.203125,0.1233203125,-1.6064453125
166.5,0.01953125,33.203125,0.1233203125,5.2197265625
166.8,0.01953125,33.203125,0.136650390625,-0.029296875
167.1,0.0244140625,33.203125,0.1233203125,1.2744140625
167.4,0.01953125,33.203125,0.1233203125,0.0439453125
167.7,0.01953125,33.203125,0.136650390625,-1.0400390625
168.0,0.01953125,33.203125,0.1233203125,0.0537109375
168.3,0.01953125,33.203125,0.136650390625,-0.0244140625
168.6,0.01953125,33.203125,0.109990234375,1.2353515625
168.9,0.01953125,33.203125,0.1233203125,-0.0537109375
169.2,0.0146484375,33.203125,0.1233203125,-1.2158203125
169.5,0.0244140625,33.203125,0.1233203125,0.1513671875
169.8,0.0146484375,33.203125,0.136650390625,-0.01953125
170.1,0.0244140625,33.203125,0.109990234375,1.220703125
170.4,0.01953125,33.203125,0.1233203125,-1.3525390625
170.7,0.01953125,33.203125,0.1233203125,-0.1953125
171.0,0.0146484375,33.203125,0.1233203125,-8.4765625
171.3,0.0244140625,33.203125,0.1233203125,-0.048828125
171.6,0.0244140625,33.203125,0.1233203125,-0.390625
171.9,0.0244140625,33.203125,0.1233203125,-0.5810546875
172.2,0.0244140625,33.203125,0.136650390625,-0.0244140625
172.5,0.01953125,33.203125,0.109990234375,1.4501953125
172.8,0.0244140625,33.203125,0.1233203125,0.0048828125
173.1,0.0244140625,33.203125,0.1233203125,-0.7421875
173.4,0.01953125,33.203125,0.14998046875,-0.5029296875
173.7,0.0244140625,33.203125,0.1233203125,-0.1171875
174.0,0.0244140625,33.203125,0.1233203125,1.6796875
174.3,0.01953125,33.203125,0.1233203125,-0.48828125
174.6,0.01953125,33.203125,0.1233203125,0.0146484375
174.9,0.0244140625,33.203125,0.1233203125,-1.5380859375
175.2,0.0244140625,33.203125,0.1233203125,0.322265625
175.5,0.01953125,33.203125,0.136650390625,0.01953125
175.8,0.01953125,33.203125,0.1233203125,0.4541015625
176.1,0.01953125,33.203125,0.09666015625,-4.31640625
176.4,0.01953125,33.203125,0.136650390625,0.087890625
176.7,0.0244140625,33.203125,0.109990234375,-0.7080078125
177.0,0.01953125,33.203125,0.1233203125,-0.01953125
177.3,0.0244140625,33.203125,0.14998046875,-0.0048828125
177.6,0.0244140625,33.203125,0.109990234375,-0.634765625
177.9,0.01953125,33.203125,0.136650390625,-0.0439453125
178.2,0.01953125,33.203125,0.136650390625,1.455078125
178.5,0.0244140625,33.203125,0.109990234375,-0.595703125
178.8,0.01953125,33.203125,0.1233203125,-0.4736328125
179.1,0.01953125,33.203125,0.109990234375,-0.4833984375
179.4,0.01953125,33.203125,0.109990234375,-0.009765625
179.7,0.0244140625,33.203125,0.09666015625,-1.40625
180.0,0.01953125,32.2265625,0.1233203125,2.9931640625
180.3,0.0244140625,33.203125,0.1233203125,-0.009765625
180.6,0.01953125,33.203125,0.1233203125,1.4697265625
180.9,0.01953125,33.203125,0.1233203125,-0.0048828125
181.2,0.01953125,33.203125,0.1233203125,-0.8154296875
181.5,0.0244140625,33.203125,0.136650390625,-0.390625
181.8,0.01953125,33.203125,0.1233203125,0.0244140625
182.1,0.01953125,33.203125,0.109990234375,0.2587890625
182.4,0.01953125,33.203125,0.109990234375,8.7158203125
182.7,0.01953125,33.203125,0.136650390625,-4.1064453125
183.0,0.0244140625,33.203125,0.1233203125,0.029296875
183.3,0.01953125,33.203125,0.109990234375,-1.1572265625
183.6,0.0244140625,33.203125,0.109990234375,0.0341796875
183.9,0.0244140625,33.203125,0.136650390625,2.216796875
184.2,0.0244140625,33.203125,0.1233203125,-4.53125
184.5,0.0244140625,33.203125,0.109990234375,0.0146484375
184.8,0.01953125,33.203125,0.14998046875,1.1767578125
185.1,0.0244140625,33.203125,0.1233203125,-0.0341796875
