0.0,0.01953125,33.203125,0.1233203125,-1.064453125
0.3,0.0244140625,33.203125,0.14998046875,-0.029296875
0.6,0.01953125,32.2265625,0.136650390625,-1.0107421875
0.9,0.01953125,33.203125,0.1233203125,-0.1123046875
1.2,0.01953125,33.203125,0.136650390625,-0.0146484375
1.5,0.01953125,33.203125,0.14998046875,1.2841796875
1.8,0.0244140625,33.203125,0.136650390625,-0.01953125
2.1,0.01953125,33.203125,0.109990234375,0.0927734375
2.4,0.0146484375,33.203125,0.1233203125,-0.888671875
2.7,0.01953125,33.203125,0.109990234375,0.0
3.0,0.01953125,33.203125,0.1233203125,2.0068359375
3.3,0.01953125,33.203125,0.1233203125,-6.0791015625
3.6,0.0244140625,33.203125,0.1233203125,0.107421875
3.9,0.01953125,33.203125,0.136650390625,-1.0205078125
4.2,0.0244140625,32.2265625,0.1233203125,-0.009765625
4.5,0.0244140625,33.203125,0.136650390625,2.255859375
4.8,0.01953125,33.203125,0.1233203125,-6.2646484375
5.1,0.0244140625,33.203125,0.1233203125,0.0732421875
5.4,0.01953125,33.203125,0.1233203125,1.6015625
5.7,0.0244140625,33.203125,0.109990234375,-0.5322265625
6.0,0.0244140625,33.203125,0.1233203125,-0.341796875
6.3,0.01953125,33.203125,0.1233203125,-0.6298828125
6.6,0.0244140625,33.203125,0.1233203125,-0.0244140625
6.9,0.0244140625,33.203125,0.14998046875,1.484375
7.2,0.01953125,33.203125,0.109990234375,-1.4599609375
7.5,0.0146484375,33.203125,0.1233203125,-0.21484375
7.8,0.0244140625,33.203125,0.1233203125,-0.625
8.1,0.01953125,33.203125,0.1233203125,-0.0048828125
8.4,0.01953125,33.203125,0.1233203125,1.484375
8.7,0.01953125,33.203125,0.1233203125,-1.9921875
9.0,0.0244140625,33.203125,0.136650390625,-0.2197265625
9.3,0.0244140625,33.203125,0.136650390625,-0.654296875
9.6,0.01953125,33.203125,0.1233203125,-0.0390625
9.9,0.0244140625,33.203125,0.1233203125,-1.3818359375
10.2,0.0244140625,33.203125,0.14998046875,0.390625
10.5,0.0146484375,33.203125,0.136650390625,-0.0244140625
10.8,0.0244140625,33.203125,0.109990234375,1.2109375
11.1,0.0244140625,33.203125,0.1233203125,-0.0048828125
11.4,0.01953125,33.203125,0.109990234375,-1.279296875
11.7,0.01953125,33.203125,0.1233203125,-0.5615234375
12.0,0.01953125,33.203125,0.109990234375,-0.1025390625
12.3,0.01953125,33.203125,0.1233203125,1.4404296875
12.6,0.0244140625,33.203125,0.14998046875,-0.498046875
12.9,0.01953125,33.203125,0.109990234375,-0.546875
13.2,0.01953125,33.203125,0.1233203125,-0.5859375
13.5,0.0244140625,33.203125,0.09666015625,-0.029296875
13.8,0.0244140625,33.203125,0.1233203125,1.4794921875
14.1,0.0244140625,33.203125,0.1233203125,-0.76171875
14.4,0.01953125,33.203125,0.1233203125,-0.4833984375
14.7,0.01953125,33.203125,0.109990234375,-0.615234375
15.0,0.01953125,33.203125,0.109990234375,0.0
15.3,0.0244140625,33.203125,0.1233203125,1.4794921875
15.6,0.01953125,33.203125,0.109990234375,-0.6103515625
15.9,0.01953125,33.203125,0.136650390625,-0.0146484375
16.2,0.01953125,33.203125,0.1233203125,1.220703125
16.5,0.01953125,33.203125,0.136650390625,0.05859375
16.8,0.0244140625,33.203125,0.14998046875,-1.337890625
17.1,0.0244140625,33.203125,0.109990234375,1.689453125
17.4,0.01953125,33.203125,0.136650390625,-0.078125
17.7,0.01953125,33.203125,0.1233203125,1.2060546875
18.0,0.01953125,33.203125,0.136650390625,0.01953125
18.3,0.0146484375,33.203125,0.1233203125,-1.5380859375
18.6,0.0244140625,33.203125,0.136650390625,2.216796875
18.9,0.01953125,33.203125,0.136650390625,0.1318359375
19.2,0.0244140625,33.203125,0.1233203125,-1.69921875
19.5,0.0244140625,33.203125,0.1233203125,3.8037109375
19.8,0.01953125,33.203125,0.109990234375,-0.1806640625
20.1,0.01953125,33.203125,0.1233203125,0.9033203125
20.4,0.01953125,33.203125,0.1233203125,0.1025390625
20.7,0.0244140625,33.203125,0.09666015625,-1.572265625
21.0,0.0244140625,33.203125,0.136650390625,3.408203125
21.3,0.01953125,33.203125,0.136650390625,-0.2587890625
21.6,0.01953125,33.203125,0.136650390625,0.830078125
21.9,0.0244140625,33.203125,0.1233203125,0.0146484375
22.2,0.0244140625,33.203125,0.1233203125,-1.7138671875
22.5,0.0244140625,33.203125,0.1233203125,5.595703125
22.8,0.0146484375,33.203125,0.1233203125,0.009765625
23.1,0.01953125,33.203125,0.109990234375,1.0205078125
23.4,0.01953125,33.203125,0.136650390625,0.0048828125
23.7,0.01953125,33.203125,0.1233203125,-1.7333984375
24.0,0.0244140625,33.203125,0.1233203125,6.259765625
24.3,0.01953125,33.203125,0.136650390625,0.05859375
24.6,0.01953125,33.203125,0.109990234375,1.1328125
24.9,0.0244140625,33.203125,0.1233203125,0.01953125
