0.0,0.0244140625,22.4609375,-0.18046875
0.3,0.01953125,23.4375,-0.1755859375
0.6,0.01953125,24.4140625,-0.17802734375
0.9,0.0244140625,22.4609375,-0.17802734375
1.2,0.01953125,27.34375,-0.17802734375
1.5,0.01953125,26.3671875,-0.18046875
1.8,0.0244140625,22.4609375,-0.17802734375
2.1,0.01953125,23.4375,-0.18046875
2.4,0.0244140625,18.5546875,-0.18046875
2.7,0.0244140625,15.625,-0.18046875
3.0,0.01953125,23.4375,-0.18046875
3.3,0.0244140625,22.4609375,-0.18046875
3.6,0.0244140625,24.4140625,-0.17314453125
3.9,0.0244140625,24.4140625,-0.18046875
4.2,0.0244140625,23.4375,-0.18046875
4.5,0.0244140625,26.3671875,-0.18046875
4.8,0.0146484375,26.3671875,-0.18046875
5.1,0.0244140625,23.4375,-0.18046875
5.4,0.01953125,23.4375,-0.17802734375
5.7,0.0244140625,19.53125,-0.18046875
6.0,0.0244140625,16.6015625,-0.18046875
6.3,0.01953125,23.4375,-0.17802734375
6.6,0.0244140625,23.4375,-0.17802734375
6.9,0.01953125,26.3671875,-0.17314453125
7.2,0.0146484375,26.3671875,-0.17802734375
7.5,0.0244140625,23.4375,-0.18046875
7.8,0.0146484375,24.4140625,-0.17802734375
8.1,0.0244140625,22.4609375,-0.18291015625
8.4,0.0146484375,22.4609375,-0.18291015625
8.7,0.0244140625,24.4140625,-0.18046875
9.0,0.01953125,21.484375,-0.18046875
9.3,0.01953125,18.5546875,-0.17802734375
9.6,0.0244140625,24.4140625,-0.18046875
9.9,0.01953125,23.4375,-0.18046875
10.2,0.01953125,29.296875,-0.1755859375
10.5,0.0244140625,29.296875,-0.17802734375
10.8,0.0244140625,23.4375,-0.18046875
11.1,0.0146484375,24.4140625,-0.18046875
11.4,0.01953125,20.5078125,-0.18046875
11.7,0.0244140625,19.53125,-0.18046875
12.0,0.0244140625,23.4375,-0.18046875
12.3,0.01953125,22.4609375,-0.18046875
12.6,0.0146484375,21.484375,-0.1755859375
12.9,0.01953125,23.4375,-0.18046875
13.2,0.0244140625,22.4609375,-0.18046875
13.5,0.01953125,28.3203125,-0.1755859375
13.8,0.0244140625,28.3203125,-0.18046875
14.1,0.0244140625,22.4609375,-0.18046875
14.4,0.0244140625,24.4140625,-0.18046875
14.7,0.0244140625,18.5546875,-0.18046875
15.0,0.0244140625,15.625,-0.18046875
15.3,0.01953125,24.4140625,-0.18046875
15.6,0.0244140625,22.4609375,-0.18046875
15.9,0.0244140625,25.390625,-0.17314453125
16.2,0.0146484375,24.4140625,-0.17802734375
16.5,0.01953125,22.4609375,-0.17802734375
16.8,0.0146484375,26.3671875,-0.18046875
17.1,0.0244140625,24.4140625,-0.18046875
17.4,0.0244140625,22.4609375,-0.18046875
17.7,0.01953125,24.4140625,-0.17802734375
18.0,0.0244140625,20.5078125,-0.18046875
18.3,0.0244140625,17.578125,-0.18046875
18.6,0.0244140625,24.4140625,-0.18046875
18.9,0.0244140625,22.4609375,-0.18046875
19.2,0.0244140625,28.3203125,-0.1755859375
19.5,0.01953125,28.3203125,-0.17802734375
19.8,0.01953125,22.4609375,-0.17802734375
20.1,0.0146484375,25.390625,-0.18046875
20.4,0.0244140625,22.4609375,-0.18291015625
20.7,0.0244140625,21.484375,-0.18046875
21.0,0.01953125,24.4140625,-0.18046875
21.3,0.0244140625,21.484375,-0.18046875
21.6,0.0244140625,19.53125,-0.17802734375
21.9,0.0244140625,23.4375,-0.18046875
22.2,0.0244140625,23.4375,-0.17802734375
22.5,0.0146484375,30.2734375,-0.18046875
22.8,0.0244140625,29.296875,-0.17802734375
23.1,0.0244140625,22.4609375,-0.18046875
23.4,0.01953125,24.4140625,-0.17802734375
23.7,0.01953125,19.53125,-0.18291015625
24.0,0.0244140625,18.5546875,-0.18046875
24.3,0.01953125,24.4140625,-0.17802734375
24.6,0.0146484375,22.4609375,-0.18046875
24.9,0.0244140625,22.4609375,-0.17314453125
25.2,0.01953125,23.4375,-0.18046875
25.5,0.0146484375,22.4609375,-0.18046875
25.8,0.01953125,27.34375,-0.18046875
26.1,0.01953125,17.578125,-0.17802734375
26.4,0.01953125,24.4140625,-0.18046875
26.7,0.0244140625,23.4375,-0.18046875
27.0,0.0244140625,30.2734375,-0.17802734375
27.3,0.01953125,29.296875,-0.18046875
27.6,0.0244140625,23.4375,-0.18046875
27.9,0.01953125,24.4140625,-0.17802734375
28.2,0.01953125,19.53125,-0.18046875
28.5,0.0244140625,15.625,-0.18046875
28.8,0.0244140625,23.4375,-0.18046875
29.1,0.0244140625,22.4609375,-0.18046875
29.4,0.0244140625,26.3671875,-0.1755859375
29.7,0.0244140625,26.3671875,-0.17802734375
30.0,0.0244140625,22.4609375,-0.17802734375
30.3,0.01953125,24.4140625,-0.18046875
30.6,0.01953125,22.4609375,-0.18291015625
30.9,0.01953125,20.5078125,-0.18046875
31.2,0.0244140625,24.4140625,-0.18046875
31.5,0.0244140625,22.4609375,-0.18046875
31.8,0.0244140625,22.4609375,-0.17314453125
32.1,0.029296875,23.4375,-0.18046875
32.4,0.01953125,23.4375,-0.17802734375
32.7,0.0244140625,26.3671875,-0.17802734375
33.0,0.01953125,25.390625,-0.18291015625
33.3,0.01953125,23.4375,-0.18046875
33.6,0.0244140625,24.4140625,-0.17802734375
33.9,0.01953125,21.484375,-0.18046875
34.2,0.0244140625,19.53125,-0.17802734375
34.5,0.01953125,23.4375,-0.18046875
34.8,0.01953125,22.4609375,-0.18046875
35.1,0.01953125,30.2734375,-0.18046875
35.4,0.0244140625,28.3203125,-0.18046875
35.7,0.0244140625,22.4609375,-0.17802734375
36.0,0.0146484375,23.4375,-0.17802734375
36.3,0.0244140625,18.5546875,-0.18046875
36.6,0.0146484375,16.6015625,-0.18046875
36.9,0.0244140625,23.4375,-0.18046875
37.2,0.0244140625,22.4609375,-0.18046875
37.5,0.01953125,28.3203125,-0.17802734375
37.8,0.0244140625,29.296875,-0.18046875
38.1,0.01953125,23.4375,-0.17802734375
38.4,0.01953125,24.4140625,-0.18046875
38.7,0.0244140625,19.53125,-0.18046875
39.0,0.0244140625,15.625,-0.18046875
39.3,0.0244140625,24.4140625,-0.18046875
39.6,0.0244140625,23.4375,-0.18046875
39.9,0.01953125,26.3671875,-0.1755859375
40.2,0.01953125,25.390625,-0.17802734375
40.5,0.0244140625,22.4609375,-0.17802734375
40.8,0.01953125,24.4140625,-0.18046875
41.1,0.0244140625,22.4609375,-0.18046875
41.4,0.029296875,20.5078125,-0.18291015625
41.7,0.01953125,23.4375,-0.18046875
42.0,0.01953125,22.4609375,-0.18046875
42.3,0.0244140625,22.4609375,-0.1755859375
42.6,0.01953125,24.4140625,-0.18046875
42.9,0.0244140625,22.4609375,-0.18046875
43.2,0.01953125,26.3671875,-0.18046875
43.5,0.01953125,25.390625,-0.18291015625
43.8,0.0244140625,22.4609375,-0.18046875
44.1,0.01953125,24.4140625,-0.18046875
44.4,0.0244140625,20.5078125,-0.18046875
44.7,0.01953125,18.5546875,-0.1755859375
45.0,0.0244140625,23.4375,-0.18046875
45.3,0.0244140625,23.4375,-0.18046875
45.6,0.0244140625,30.2734375,-0.17802734375
45.9,0.0244140625,29.296875,-0.17802734375
46.2,0.01953125,23.4375,-0.18046875
46.5,0.01953125,23.4375,-0.18046875
46.8,0.01953125,19.53125,-0.18291015625
47.1,0.0244140625,15.625,-0.18046875
47.4,0.0244140625,24.4140625,-0.18046875
47.7,0.01953125,22.4609375,-0.18046875
48.0,0.01953125,25.390625,-0.17314453125
48.3,0.0244140625,25.390625,-0.1755859375
48.6,0.0244140625,22.4609375,-0.17802734375
48.9,0.01953125,25.390625,-0.17802734375
49.2,0.0244140625,23.4375,-0.18291015625
49.5,0.01953125,22.4609375,-0.18291015625
49.8,0.0244140625,24.4140625,-0.17802734375
50.1,0.01953125,21.484375,-0.18046875
50.4,0.0244140625,19.53125,-0.17802734375
50.7,0.01953125,23.4375,-0.18046875
51.0,0.0244140625,22.4609375,-0.17802734375
51.3,0.0146484375,30.2734375,-0.17802734375
51.6,0.0244140625,28.3203125,-0.18046875
51.9,0.0146484375,22.4609375,-0.17802734375
52.2,0.0244140625,23.4375,-0.17802734375
52.5,0.0244140625,18.5546875,-0.18046875
52.8,0.01953125,15.625,-0.17802734375
53.1,0.01953125,24.4140625,-0.18046875
53.4,0.01953125,22.4609375,-0.18046875
53.7,0.01953125,25.390625,-0.170703125
54.0,0.0244140625,25.390625,-0.1755859375
54.3,0.01953125,23.4375,-0.18046875
54.6,0.0244140625,24.4140625,-0.18046875
54.9,0.01953125,23.4375,-0.18291015625
55.2,0.01953125,22.4609375,-0.18046875
55.5,0.0244140625,23.4375,-0.18046875
55.8,0.0244140625,20.5078125,-0.18046875
56.1,0.01953125,18.5546875,-0.17802734375
56.4,0.01953125,23.4375,-0.18046875
56.7,0.0244140625,22.4609375,-0.17802734375
57.0,0.0244140625,30.2734375,-0.17802734375
57.3,0.01953125,29.296875,-0.18046875
57.6,0.01953125,23.4375,-0.17802734375
57.9,0.0244140625,24.4140625,-0.17802734375
58.2,0.01953125,20.5078125,-0.18291015625
58.5,0.01953125,17.578125,-0.18046875
58.8,0.0244140625,24.4140625,-0.17802734375
59.1,0.0244140625,22.4609375,-0.18046875
59.4,0.0146484375,22.4609375,-0.1755859375
59.7,0.01953125,24.4140625,-0.17802734375
60.0,0.0244140625,23.4375,-0.18046875
60.3,0.01953125,27.34375,-0.18046875
60.6,0.0244140625,27.34375,-0.18046875
60.9,0.01953125,22.4609375,-0.17802734375
61.2,0.0244140625,24.4140625,-0.17802734375
61.5,0.01953125,19.53125,-0.18046875
61.8,0.01953125,15.625,-0.17802734375
62.1,0.01953125,23.4375,-0.18046875
62.4,0.0244140625,22.4609375,-0.18046875
62.7,0.01953125,26.3671875,-0.17802734375
63.0,0.01953125,25.390625,-0.17802734375
63.3,0.0244140625,23.4375,-0.18046875
63.6,0.0244140625,25.390625,-0.17802734375
63.9,0.0244140625,24.4140625,-0.18046875
64.2,0.0146484375,22.4609375,-0.18046875
64.5,0.0244140625,24.4140625,-0.18046875
64.8,0.0244140625,20.5078125,-0.18046875
65.1,0.0244140625,18.5546875,-0.17802734375
65.4,0.01953125,23.4375,-0.18046875
65.7,0.0244140625,22.4609375,-0.18046875
66.0,0.01953125,29.296875,-0.18046875
66.3,0.01953125,28.3203125,-0.17802734375
66.6,0.01953125,22.4609375,-0.17802734375
66.9,0.0244140625,24.4140625,-0.18046875
67.2,0.0244140625,19.53125,-0.18291015625
67.5,0.0244140625,17.578125,-0.18046875
67.8,0.01953125,23.4375,-0.18046875
68.1,0.0244140625,22.4609375,-0.18046875
68.4,0.0244140625,22.4609375,-0.1755859375
68.7,0.0244140625,23.4375,-0.18046875
69.0,0.0244140625,23.4375,-0.17802734375
69.3,0.01953125,27.34375,-0.17802734375
69.6,0.01953125,27.34375,-0.18046875
69.9,0.0146484375,22.4609375,-0.17802734375
70.2,0.01953125,23.4375,-0.18046875
70.5,0.0244140625,18.5546875,-0.18046875
70.8,0.0244140625,15.625,-0.17802734375
71.1,0.01953125,23.4375,-0.18046875
71.4,0.01953125,22.4609375,-0.18046875
71.7,0.01953125,26.3671875,-0.17314453125
72.0,0.0146484375,25.390625,-0.17802734375
72.3,0.0244140625,22.4609375,-0.18046875
72.6,0.0244140625,25.390625,-0.17802734375
72.9,0.0244140625,23.4375,-0.18291015625
73.2,0.01953125,22.4609375,-0.18046875
73.5,0.029296875,23.4375,-0.18046875
73.8,0.0244140625,21.484375,-0.18046875
74.1,0.0244140625,18.5546875,-0.18046875
74.4,0.01953125,23.4375,-0.18046875
74.7,0.01953125,23.4375,-0.18046875
75.0,0.0244140625,30.2734375,-0.17802734375
75.3,0.0244140625,29.296875,-0.17802734375
75.6,0.01953125,23.4375,-0.17802734375
75.9,0.01953125,24.4140625,-0.17802734375
76.2,0.0244140625,20.5078125,-0.18291015625
76.5,0.01953125,18.5546875,-0.18046875
76.8,0.0244140625,22.4609375,-0.18046875
77.1,0.0146484375,26.3671875,-0.17802734375
77.4,0.01953125,26.3671875,-0.18046875
77.7,0.0244140625,22.4609375,-0.18046875
78.0,0.0244140625,23.4375,-0.18046875
78.3,0.0244140625,19.53125,-0.18046875
78.6,0.0244140625,15.625,-0.18046875
78.9,0.0244140625,23.4375,-0.18046875
79.2,0.0244140625,23.4375,-0.18046875
79.5,0.0244140625,26.3671875,-0.1755859375
79.8,0.01953125,26.3671875,-0.1755859375
80.1,0.01953125,23.4375,-0.18046875
80.4,0.0244140625,25.390625,-0.17802734375
80.7,0.0244140625,23.4375,-0.18291015625
81.0,0.01953125,23.4375,-0.18046875
81.3,0.01953125,24.4140625,-0.18046875
81.6,0.01953125,21.484375,-0.18046875
81.9,0.0244140625,18.5546875,-0.17802734375
82.2,0.0244140625,23.4375,-0.18046875
82.5,0.01953125,23.4375,-0.18046875
82.8,0.01953125,29.296875,-0.1755859375
83.1,0.0244140625,28.3203125,-0.18046875
83.4,0.0244140625,22.4609375,-0.18046875
83.7,0.01953125,24.4140625,-0.17802734375
84.0,0.0244140625,21.484375,-0.18291015625
84.3,0.0244140625,20.5078125,-0.18046875
84.6,0.0244140625,23.4375,-0.18046875
84.9,0.0244140625,21.484375,-0.18046875
85.2,0.01953125,21.484375,-0.17802734375
85.5,0.0244140625,23.4375,-0.18046875
85.8,0.0244140625,23.4375,-0.17802734375
86.1,0.01953125,30.2734375,-0.17802734375
86.4,0.0244140625,29.296875,-0.18046875
86.7,0.0244140625,23.4375,-0.18046875
87.0,0.01953125,24.4140625,-0.17802734375
87.3,0.01953125,24.4140625,-0.17314453125
87.6,0.01953125,24.4140625,-0.17802734375
87.9,0.0244140625,22.4609375,-0.18046875
88.2,0.01953125,26.3671875,-0.17802734375
88.5,0.0244140625,25.390625,-0.18291015625
88.8,0.0244140625,23.4375,-0.18046875
89.1,0.0244140625,23.4375,-0.17802734375
89.4,0.0146484375,18.5546875,-0.18046875
89.7,0.0244140625,15.625,-0.17802734375
90.0,0.01953125,23.4375,-0.18046875
90.3,0.0244140625,23.4375,-0.18046875
90.6,0.0244140625,25.390625,-0.17314453125
90.9,0.01953125,25.390625,-0.18046875
91.2,0.0244140625,22.4609375,-0.18046875
91.5,0.01953125,26.3671875,-0.18046875
91.8,0.0244140625,25.390625,-0.18291015625
92.1,0.0244140625,23.4375,-0.18046875
92.4,0.0244140625,25.390625,-0.18046875
92.7,0.0244140625,19.53125,-0.18046875
93.0,0.01953125,16.6015625,-0.17802734375
93.3,0.01953125,23.4375,-0.18046875
93.6,0.0244140625,23.4375,-0.18046875
93.9,0.0244140625,22.4609375,-0.18291015625
94.2,0.0244140625,20.5078125,-0.18291015625
94.5,0.0244140625,23.4375,-0.18046875
94.8,0.0244140625,21.484375,-0.18046875
95.1,0.0244140625,20.5078125,-0.1755859375
95.4,0.01953125,23.4375,-0.18046875
95.7,0.0244140625,22.4609375,-0.17802734375
96.0,0.01953125,30.2734375,-0.1755859375
96.3,0.0244140625,29.296875,-0.18046875
96.6,0.0244140625,22.4609375,-0.18046875
96.9,0.0244140625,24.4140625,-0.18046875
97.2,0.0244140625,20.5078125,-0.18291015625
97.5,0.0146484375,17.578125,-0.18046875
97.8,0.0244140625,24.4140625,-0.18046875
98.1,0.0244140625,21.484375,-0.18046875
98.4,0.0244140625,22.4609375,-0.1755859375
98.7,0.0244140625,23.4375,-0.17802734375
99.0,0.0244140625,22.4609375,-0.18046875
99.3,0.01953125,29.296875,-0.17802734375
99.6,0.01953125,28.3203125,-0.18046875
0.0,0.0244140625,22.4609375,-0.18046875
0.3,0.0146484375,25.390625,-0.18046875
0.6,0.01953125,23.4375,-0.18291015625
0.9,0.0244140625,21.484375,-0.18046875
1.2,0.0244140625,24.4140625,-0.18046875
1.5,0.0244140625,22.4609375,-0.18046875
1.8,0.0244140625,21.484375,-0.17314453125
2.1,0.0244140625,23.4375,-0.18046875
2.4,0.0244140625,22.4609375,-0.18046875
2.7,0.0244140625,27.34375,-0.17802734375
3.0,0.01953125,27.34375,-0.18046875
3.3,0.0244140625,23.4375,-0.18046875
3.6,0.0244140625,23.4375,-0.18046875
3.9,0.01953125,18.5546875,-0.18046875
4.2,0.01953125,17.578125,-0.17802734375
4.5,0.0244140625,24.4140625,-0.18046875
4.8,0.0146484375,23.4375,-0.18046875
5.1,0.0244140625,29.296875,-0.17314453125
5.4,0.0244140625,28.3203125,-0.18046875
5.7,0.01953125,23.4375,-0.18046875
6.0,0.0244140625,24.4140625,-0.17314453125
6.3,0.01953125,20.5078125,-0.1658203125
6.6,0.01953125,17.578125,-0.17314453125
6.9,0.0244140625,22.4609375,-0.15849609375
7.2,0.01953125,25.390625,-0.1072265625
7.5,0.0244140625,24.4140625,0.4884765625
7.8,0.0244140625,22.4609375,0.40546875
8.1,0.0244140625,24.4140625,0.346875
8.4,0.0244140625,21.484375,0.3078125
8.7,0.0244140625,19.53125,0.29560546875
9.0,0.01953125,23.4375,0.2296875
9.3,0.0244140625,22.4609375,0.200390625
9.6,0.0244140625,29.296875,0.17109375
9.9,0.01953125,27.34375,0.13203125
10.2,0.01953125,22.4609375,0.1076171875
10.5,0.01953125,23.4375,0.0783203125
10.8,0.01953125,19.53125,0.05634765625
11.1,0.0244140625,15.625,0.044140625
11.4,0.0244140625,23.4375,0.02705078125
11.7,0.0146484375,23.4375,0.0099609375
12.0,0.01953125,27.34375,0.005078125
12.3,0.01953125,26.3671875,-0.00712890625
12.6,0.0244140625,22.4609375,-0.01201171875
12.9,0.01953125,25.390625,-0.02421875
13.2,0.01953125,22.4609375,-0.0291015625
13.5,0.01953125,20.5078125,-0.04130859375
13.8,0.0732421875,24.4140625,-0.04619140625
14.1,0.01953125,22.4609375,-0.0583984375
14.4,0.01953125,22.4609375,-0.03154296875
14.7,0.0244140625,23.4375,-0.06083984375
15.0,0.25390625,23.4375,-0.07060546875
15.3,0.2783203125,32.2265625,-0.0681640625
15.6,0.2734375,28.3203125,-0.0583984375
15.9,0.2783203125,22.4609375,-0.0828125
16.2,0.2734375,25.390625,-0.08525390625
16.5,0.2734375,11.71875,-0.0876953125
16.8,0.2783203125,14.6484375,-0.0876953125
17.1,0.2734375,25.390625,-0.09013671875
17.4,0.2783203125,22.4609375,0.32978515625
17.7,0.2734375,38.0859375,0.89375
18.0,0.283203125,35.15625,1.352734375
18.3,0.2734375,22.4609375,-0.01201171875
18.6,0.2783203125,25.390625,-0.0095703125
18.9,0.283203125,13.671875,-0.0046875
19.2,0.2783203125,8.7890625,-0.00224609375
19.5,0.2783203125,25.390625,-0.01201171875
19.8,0.2783203125,20.5078125,0.00263671875
20.1,0.283203125,29.296875,0.0099609375
20.4,0.2783203125,32.2265625,-0.014453125
20.7,0.2734375,22.4609375,-0.0193359375
21.0,0.2783203125,28.3203125,-0.02421875
21.3,0.2734375,24.4140625,0.005078125
21.6,0.2734375,20.5078125,0.005078125
21.9,0.2783203125,25.390625,-0.01201171875
22.2,0.2783203125,14.6484375,-0.01201171875
22.5,0.2783203125,16.6015625,-0.014453125
22.8,0.2734375,24.4140625,-0.033984375
23.1,0.2783203125,22.4609375,-0.033984375
23.4,0.2783203125,39.0625,-0.033984375
23.7,0.2734375,9.765625,-0.05107421875
24.0,0.2783203125,25.390625,-0.053515625
24.3,0.2734375,21.484375,-0.03642578125
24.6,0.2783203125,31.25,-0.01689453125
24.9,0.2783203125,34.1796875,-0.0291015625
25.2,0.2734375,22.4609375,-0.02421875
25.5,0.2734375,27.34375,-0.0193359375
25.8,0.2783203125,22.4609375,0.02216796875
26.1,0.2783203125,18.5546875,-0.0046875
26.4,0.2734375,25.390625,0.00263671875
26.7,0.2734375,16.6015625,0.0001953125
27.0,0.2734375,18.5546875,0.0294921875
27.3,0.283203125,25.390625,0.00263671875
27.6,0.2783203125,22.4609375,0.0001953125
27.9,0.2783203125,38.0859375,0.00751953125
28.2,0.2734375,32.2265625,0.00751953125
28.5,0.2734375,22.4609375,0.00263671875
28.8,0.283203125,25.390625,0.00263671875
29.1,0.2734375,11.71875,0.00263671875
29.4,0.2734375,8.7890625,0.0001953125
29.7,0.2783203125,25.390625,-0.00224609375
30.0,0.2783203125,20.5078125,-0.0046875
30.3,0.2783203125,30.2734375,0.01484375
30.6,0.283203125,32.2265625,-0.00224609375
30.9,0.2734375,22.4609375,0.0001953125
31.2,0.2783203125,28.3203125,-0.00224609375
31.5,0.2783203125,24.4140625,0.0197265625
31.8,0.2783203125,20.5078125,-0.00224609375
32.1,0.2783203125,25.390625,-0.0046875
32.4,0.2783203125,13.671875,0.00263671875
32.7,0.2783203125,16.6015625,0.005078125
33.0,0.283203125,25.390625,0.0001953125
33.3,0.2734375,22.4609375,0.00263671875
33.6,0.2734375,12.6953125,-0.00224609375
33.9,0.2783203125,8.7890625,-0.0046875
34.2,0.2783203125,26.3671875,0.0001953125
34.5,0.2783203125,20.5078125,-0.0046875
34.8,0.2734375,27.34375,0.01484375
35.1,0.2783203125,31.25,-0.00712890625
35.4,0.2783203125,22.4609375,-0.00224609375
35.7,0.2783203125,30.2734375,-0.00712890625
36.0,0.2783203125,27.34375,0.01728515625
36.3,0.2783203125,22.4609375,-0.0095703125
36.6,0.2734375,25.390625,-0.01201171875
36.9,0.2783203125,37.109375,-0.00224609375
37.2,0.2783203125,35.15625,-0.00712890625
37.5,0.2734375,22.4609375,-0.01201171875
37.8,0.2783203125,26.3671875,-0.0095703125
38.1,0.2783203125,16.6015625,-0.0046875
38.4,0.2734375,11.71875,-0.0046875
38.7,0.2734375,24.4140625,-0.0095703125
39.0,0.2783203125,19.53125,-0.01689453125
39.3,0.2734375,23.4375,0.01728515625
39.6,0.283203125,26.3671875,-0.01201171875
39.9,0.2734375,22.4609375,-0.0095703125
40.2,0.2734375,10.7421875,-0.01201171875
40.5,0.2783203125,11.71875,-0.00712890625
40.8,0.2783203125,24.4140625,-0.01689453125
41.1,0.283203125,21.484375,-0.014453125
41.4,0.2783203125,33.203125,0.00263671875
41.7,0.2783203125,34.1796875,-0.01201171875
42.0,0.283203125,22.4609375,-0.00224609375
42.3,0.2783203125,27.34375,-0.0095703125
42.6,0.2685546875,22.4609375,0.0001953125
42.9,0.2734375,18.5546875,-0.01201171875
43.2,0.2734375,25.390625,-0.014453125
43.5,0.2783203125,38.0859375,-0.014453125
43.8,0.2783203125,33.203125,-0.01689453125
44.1,0.2783203125,22.4609375,-0.0095703125
44.4,0.2783203125,25.390625,-0.0193359375
44.7,0.2734375,12.6953125,-0.0095703125
45.0,0.283203125,8.7890625,-0.01201171875
45.3,0.2783203125,25.390625,-0.01689453125
45.6,0.2783203125,20.5078125,-0.014453125
45.9,0.283203125,27.34375,0.005078125
46.2,0.283203125,30.2734375,-0.014453125
46.5,0.2783203125,23.4375,-0.01689453125
46.8,0.2734375,31.25,-0.014453125
47.1,0.2734375,29.296875,0.00263671875
47.4,0.2734375,22.4609375,-0.0095703125
47.7,0.2783203125,24.4140625,-0.01689453125
48.0,0.2783203125,10.7421875,-0.0193359375
48.3,0.2734375,8.7890625,-0.01689453125
48.6,0.2734375,24.4140625,-0.01689453125
48.9,0.2783203125,21.484375,-0.0095703125
49.2,0.283203125,30.2734375,-0.0046875
49.5,0.2783203125,32.2265625,-0.01689453125
49.8,0.2783203125,22.4609375,-0.01201171875
50.1,0.2783203125,30.2734375,-0.014453125
50.4,0.2783203125,28.3203125,0.00263671875
50.7,0.2783203125,22.4609375,-0.01201171875
51.0,0.2783203125,24.4140625,-0.02666015625
51.3,0.283203125,10.7421875,-0.014453125
51.6,0.2783203125,9.765625,-0.01689453125
51.9,0.2783203125,25.390625,-0.0193359375
52.2,0.2734375,21.484375,-0.01201171875
52.5,0.2783203125,29.296875,0.00263671875
52.8,0.2783203125,31.25,-0.014453125
53.1,0.2783203125,22.4609375,-0.02421875
53.4,0.2783203125,32.2265625,-0.02177734375
53.7,0.283203125,30.2734375,-0.01201171875
54.0,0.2783203125,22.4609375,-0.0095703125
54.3,0.2783203125,25.390625,-0.02177734375
54.6,0.2734375,12.6953125,-0.0193359375
54.9,0.2783203125,9.765625,-0.01689453125
55.2,0.2734375,25.390625,-0.0193359375
55.5,0.2734375,20.5078125,-0.0193359375
55.8,0.2783203125,22.4609375,0.01240234375
56.1,0.2783203125,26.3671875,-0.01689453125
56.4,0.2783203125,22.4609375,-0.01689453125
56.7,0.2783203125,38.0859375,-0.0193359375
57.0,0.2734375,35.15625,-0.01689453125
57.3,0.2734375,22.4609375,-0.01689453125
57.6,0.2783203125,26.3671875,-0.02177734375
57.9,0.2783203125,17.578125,-0.01201171875
58.2,0.283203125,26.3671875,-0.02177734375
58.5,0.2734375,22.4609375,-0.01689453125
58.8,0.2734375,38.0859375,-0.01689453125
59.1,0.2783203125,35.15625,-0.0193359375
59.4,0.2734375,22.4609375,-0.01689453125
59.7,0.2783203125,26.3671875,-0.0193359375
60.0,0.2734375,18.5546875,-0.00712890625
60.3,0.2783203125,16.6015625,-0.014453125
60.6,0.2783203125,25.390625,-0.0193359375
60.9,0.2783203125,14.6484375,-0.01689453125
61.2,0.2783203125,15.625,-0.014453125
61.5,0.2783203125,22.4609375,-0.0193359375
61.8,0.2783203125,26.3671875,-0.0193359375
62.1,0.2734375,19.53125,-0.00712890625
62.4,0.2783203125,17.578125,-0.014453125
62.7,0.283203125,26.3671875,-0.0193359375
63.0,0.2783203125,12.6953125,-0.0193359375
63.3,0.283203125,13.671875,-0.01689453125
63.6,0.2783203125,24.4140625,-0.014453125
63.9,0.2783203125,22.4609375,-0.01201171875
64.2,0.2783203125,29.296875,0.0001953125
64.5,0.2734375,30.2734375,-0.02421875
64.8,0.2734375,25.390625,-0.02177734375
65.1,0.2783203125,10.7421875,-0.01689453125
65.4,0.283203125,9.765625,-0.014453125
65.7,0.2783203125,26.3671875,-0.014453125
66.0,0.2734375,20.5078125,-0.01689453125
66.3,0.283203125,23.4375,0.01484375
66.6,0.2783203125,26.3671875,-0.014453125
66.9,0.2734375,22.4609375,-0.014453125
67.2,0.2734375,38.0859375,-0.00712890625
67.5,0.2783203125,35.15625,-0.014453125
67.8,0.2783203125,21.484375,-0.014453125
68.1,0.2783203125,27.34375,-0.014453125
68.4,0.2734375,25.390625,0.00751953125
68.7,0.2783203125,22.4609375,-0.01201171875
69.0,0.2734375,24.4140625,-0.02177734375
69.3,0.2734375,11.71875,-0.01201171875
0.0,0.2734375,13.671875,-0.014453125
0.3,0.2734375,25.390625,-0.014453125
0.6,0.2783203125,15.625,-0.014453125
0.9,0.283203125,14.6484375,-0.014453125
1.2,0.2783203125,24.4140625,-0.01201171875
1.5,0.2783203125,21.484375,-0.00712890625
1.8,0.2734375,28.3203125,0.00263671875
2.1,0.283203125,28.3203125,-0.01201171875
2.4,0.2783203125,22.4609375,-0.00712890625
2.7,0.2783203125,38.0859375,-0.0095703125
3.0,0.2734375,35.15625,-0.0095703125
3.3,0.2734375,21.484375,-0.00224609375
3.6,0.283203125,26.3671875,-0.0095703125
3.9,0.2783203125,25.390625,0.01240234375
4.2,0.2734375,23.4375,-0.0095703125
4.5,0.2783203125,24.4140625,-0.014453125
4.8,0.2734375,13.671875,-0.0046875
5.1,0.2783203125,10.7421875,-0.00712890625
5.4,0.2783203125,25.390625,-0.01201171875
5.7,0.283203125,16.6015625,-0.0095703125
6.0,0.2783203125,15.625,-0.0046875
6.3,0.2734375,25.390625,-0.0095703125
6.6,0.2783203125,22.4609375,-0.0095703125
6.9,0.2783203125,28.3203125,0.0099609375
7.2,0.2783203125,28.3203125,-0.0046875
7.5,0.2734375,22.4609375,-0.00712890625
7.8,0.2734375,39.0625,0.00263671875
8.1,0.2783203125,35.15625,-0.00224609375
8.4,0.2783203125,21.484375,-0.0046875
8.7,0.2783203125,27.34375,-0.00224609375
9.0,0.2783203125,26.3671875,0.0197265625
9.3,0.2783203125,22.4609375,-0.0046875
9.6,0.2783203125,24.4140625,-0.00224609375
9.9,0.2783203125,13.671875,-0.0046875
10.2,0.2783203125,11.71875,-0.0046875
10.5,0.2783203125,25.390625,-0.00712890625
10.8,0.2783203125,15.625,-0.00712890625
11.1,0.2783203125,14.6484375,0.00263671875
11.4,0.283203125,24.4140625,-0.0095703125
11.7,0.2734375,21.484375,-0.0046875
12.0,0.2783203125,28.3203125,0.0099609375
12.3,0.283203125,28.3203125,0.0001953125
12.6,0.2783203125,22.4609375,0.0001953125
12.9,0.2734375,39.0625,-0.00224609375
13.2,0.283203125,36.1328125,-0.00224609375
13.5,0.2734375,22.4609375,0.0001953125
13.8,0.283203125,27.34375,-0.00712890625
14.1,0.2783203125,25.390625,0.02216796875
14.4,0.2783203125,22.4609375,0.0001953125
14.7,0.283203125,24.4140625,-0.0046875
15.0,0.2783203125,12.6953125,-0.00224609375
15.3,0.2734375,10.7421875,-0.0046875
15.6,0.2734375,25.390625,-0.0046875
15.9,0.2783203125,16.6015625,-0.00224609375
16.2,0.2783203125,34.1796875,-0.00224609375
16.5,0.2734375,22.4609375,-0.0046875
16.8,0.283203125,27.34375,-0.0046875
17.1,0.2783203125,21.484375,0.0099609375
17.4,0.2783203125,20.5078125,-0.0095703125
17.7,0.2783203125,25.390625,0.0001953125
18.0,0.2734375,11.71875,-0.0046875
18.3,0.2734375,9.765625,-0.0046875
18.6,0.2783203125,26.3671875,0.0001953125
18.9,0.2734375,21.484375,0.00263671875
19.2,0.283203125,23.4375,0.0294921875
19.5,0.2734375,22.4609375,-0.00224609375
19.8,0.2734375,25.390625,-0.0046875
20.1,0.2734375,13.671875,0.005078125
20.4,0.2783203125,10.7421875,-0.0046875
20.7,0.2783203125,25.390625,-0.00224609375
21.0,0.2783203125,18.5546875,0.0001953125
21.3,0.283203125,18.5546875,0.0197265625
21.6,0.283203125,25.390625,0.0001953125
21.9,0.2783203125,22.4609375,-0.0046875
22.2,0.2734375,34.1796875,0.005078125
22.5,0.283203125,34.1796875,-0.00712890625
22.8,0.283203125,23.4375,-0.0095703125
23.1,0.2783203125,30.2734375,-0.02421875
23.4,0.2783203125,29.296875,-0.0193359375
23.7,0.2783203125,22.4609375,-0.03642578125
24.0,0.2734375,25.390625,-0.04619140625
24.3,0.2783203125,13.671875,-0.04375
24.6,0.2783203125,10.7421875,-0.06083984375
24.9,0.2783203125,24.4140625,-0.0583984375
25.2,0.2734375,17.578125,-0.0681640625
25.5,0.283203125,17.578125,-0.05107421875
25.8,0.2734375,25.390625,-0.073046875
26.1,0.2783203125,23.4375,-0.07060546875
26.4,0.2734375,33.203125,-0.0583984375
26.7,0.2734375,34.1796875,-0.033984375
27.0,0.2734375,23.4375,-0.0193359375
27.3,0.2783203125,31.25,-0.02421875
27.6,0.2783203125,29.296875,-0.00712890625
27.9,0.2783203125,22.4609375,-0.0193359375
28.2,0.2783203125,26.3671875,-0.02421875
28.5,0.2734375,15.625,-0.0095703125
28.8,0.2783203125,13.671875,-0.01689453125
29.1,0.2783203125,25.390625,-0.0193359375
29.4,0.2734375,14.6484375,-0.01689453125
29.7,0.2734375,14.6484375,-0.014453125
30.0,0.2783203125,25.390625,-0.02177734375
30.3,0.2734375,21.484375,-0.0193359375
30.6,0.2783203125,29.296875,0.0001953125
30.9,0.2734375,28.3203125,-0.02177734375
31.2,0.2783203125,22.4609375,-0.02666015625
31.5,0.2734375,38.0859375,-0.0388671875
31.8,0.2734375,36.1328125,-0.04375
32.1,0.2783203125,22.4609375,-0.05107421875
32.4,0.2783203125,27.34375,-0.053515625
32.7,0.2734375,24.4140625,-0.03642578125
33.0,0.2685546875,23.4375,-0.06572265625
33.3,0.283203125,25.390625,-0.06572265625
33.6,0.2783203125,12.6953125,-0.06572265625
33.9,0.2783203125,9.765625,-0.0779296875
34.2,0.2734375,25.390625,-0.08525390625
34.5,0.2734375,17.578125,-0.08525390625
34.8,0.283203125,16.6015625,-0.073046875
35.1,0.283203125,25.390625,-0.092578125
35.4,0.2783203125,27.34375,-0.0974609375
35.7,0.2783203125,21.484375,1.3185546875
36.0,0.2734375,20.5078125,1.5919921875
36.3,0.2734375,26.3671875,-0.01201171875
36.6,0.2734375,10.7421875,-0.01689453125
36.9,0.2734375,9.765625,-0.0193359375
37.2,0.2783203125,26.3671875,-0.0291015625
37.5,0.2783203125,19.53125,-0.02177734375
37.8,0.2783203125,21.484375,0.0294921875
38.1,0.283203125,25.390625,-0.0046875
38.4,0.2734375,23.4375,0.005078125
38.7,0.2783203125,16.6015625,0.00751953125
39.0,0.2783203125,15.625,-0.0095703125
39.3,0.2783203125,26.3671875,-0.00224609375
39.6,0.2783203125,12.6953125,-0.00224609375
39.9,0.2734375,12.6953125,-0.0046875
40.2,0.2734375,24.4140625,-0.00712890625
40.5,0.2734375,21.484375,0.0001953125
40.8,0.283203125,26.3671875,0.0197265625
41.1,0.2783203125,27.34375,-0.0046875
41.4,0.2734375,22.4609375,0.0001953125
41.7,0.2734375,39.0625,0.0001953125
42.0,0.2783203125,10.7421875,-0.00224609375
42.3,0.283203125,25.390625,-0.00224609375
42.6,0.2734375,18.5546875,-0.0046875
42.9,0.2783203125,18.5546875,0.02705078125
43.2,0.283203125,25.390625,-0.00224609375
43.5,0.2783203125,22.4609375,-0.00224609375
43.8,0.283203125,34.1796875,0.00263671875
44.1,0.283203125,34.1796875,-0.00224609375
44.4,0.2734375,22.4609375,-0.00224609375
44.7,0.2783203125,30.2734375,-0.00224609375
45.0,0.2783203125,29.296875,0.0197265625
45.3,0.2734375,22.4609375,0.0001953125
45.6,0.2734375,25.390625,0.0001953125
45.9,0.2783203125,12.6953125,0.0001953125
46.2,0.2734375,9.765625,-0.00224609375
46.5,0.2783203125,25.390625,-0.0095703125
46.8,0.2783203125,19.53125,-0.0046875
47.1,0.283203125,20.5078125,0.0294921875
47.4,0.2783203125,25.390625,-0.00224609375
47.7,0.2783203125,23.4375,-0.00224609375
48.0,0.2783203125,37.109375,0.005078125
48.3,0.2783203125,35.15625,-0.00224609375
48.6,0.283203125,22.4609375,-0.0046875
48.9,0.283203125,27.34375,0.00263671875
49.2,0.2685546875,23.4375,0.01484375
49.5,0.2734375,22.4609375,0.0001953125
49.8,0.283203125,26.3671875,-0.00224609375
50.1,0.2783203125,10.7421875,-0.0046875
50.4,0.2783203125,10.7421875,0.0001953125
50.7,0.2783203125,25.390625,0.00751953125
51.0,0.2783203125,22.4609375,0.0001953125
51.3,0.2783203125,30.2734375,0.01240234375
51.6,0.2783203125,32.2265625,-0.00224609375
51.9,0.2783203125,22.4609375,0.0001953125
52.2,0.283203125,32.2265625,0.005078125
52.5,0.2734375,30.2734375,0.00751953125
52.8,0.2685546875,23.4375,0.0001953125
53.1,0.2783203125,24.4140625,0.0001953125
53.4,0.2783203125,12.6953125,-0.0046875
53.7,0.2783203125,8.7890625,-0.0046875
54.0,0.2734375,26.3671875,-0.0095703125
54.3,0.2783203125,21.484375,-0.00224609375
54.6,0.283203125,26.3671875,0.02216796875
54.9,0.2783203125,29.296875,-0.00224609375
55.2,0.2734375,23.4375,-0.00224609375
55.5,0.2783203125,33.203125,0.0001953125
55.8,0.2685546875,31.25,0.005078125
56.1,0.2783203125,22.4609375,-0.00224609375
56.4,0.2734375,24.4140625,0.0001953125
56.7,0.2783203125,12.6953125,-0.00224609375
57.0,0.2783203125,9.765625,-0.00224609375
57.3,0.2783203125,26.3671875,-0.0046875
57.6,0.2783203125,21.484375,-0.0095703125
57.9,0.2783203125,26.3671875,0.01484375
58.2,0.283203125,28.3203125,0.0001953125
58.5,0.2783203125,22.4609375,-0.0046875
58.8,0.2734375,37.109375,-0.00224609375
59.1,0.2734375,33.203125,-0.0046875
59.4,0.2734375,23.4375,0.0001953125
59.7,0.283203125,26.3671875,-0.00712890625
60.0,0.2783203125,14.6484375,0.00263671875
60.3,0.2734375,11.71875,-0.00224609375
60.6,0.283203125,25.390625,-0.0095703125
60.9,0.2783203125,19.53125,-0.00712890625
61.2,0.2783203125,21.484375,0.034375
61.5,0.2783203125,26.3671875,-0.0046875
61.8,0.2783203125,23.4375,0.00263671875
62.1,0.283203125,39.0625,-0.00224609375
62.4,0.2783203125,36.1328125,-0.0046875
62.7,0.2734375,22.4609375,-0.00224609375
63.0,0.283203125,26.3671875,-0.01201171875
63.3,0.2734375,17.578125,0.00263671875
63.6,0.2734375,14.6484375,-0.00712890625
63.9,0.2783203125,26.3671875,-0.01201171875
64.2,0.2783203125,16.6015625,-0.0046875
64.5,0.283203125,18.5546875,0.02216796875
64.8,0.2734375,25.390625,-0.0046875
65.1,0.2783203125,23.4375,-0.00712890625
65.4,0.2783203125,38.0859375,0.00263671875
65.7,0.2783203125,36.1328125,0.00263671875
66.0,0.2783203125,22.4609375,0.0001953125
66.3,0.2783203125,27.34375,-0.0046875
66.6,0.2783203125,19.53125,0.00263671875
66.9,0.2734375,16.6015625,-0.0046875
67.2,0.2783203125,25.390625,-0.00712890625
67.5,0.2783203125,15.625,-0.00712890625
67.8,0.283203125,16.6015625,0.00263671875
68.1,0.283203125,25.390625,-0.0046875
68.4,0.2783203125,23.4375,-0.00224609375
68.7,0.2734375,36.1328125,0.00263671875
69.0,0.2734375,35.15625,-0.0046875
69.3,0.2734375,22.4609375,-0.00224609375
69.6,0.2783203125,27.34375,-0.00712890625
69.9,0.2783203125,22.4609375,0.0099609375
70.2,0.2734375,21.484375,-0.00712890625
70.5,0.283203125,26.3671875,-0.00224609375
70.8,0.2783203125,11.71875,-0.0046875
71.1,0.283203125,13.671875,-0.00712890625
71.4,0.2734375,25.390625,-0.0046875
71.7,0.2734375,22.4609375,-0.00712890625
72.0,0.2734375,31.25,0.00751953125
72.3,0.2783203125,32.2265625,-0.0046875
72.6,0.2734375,23.4375,-0.0095703125
72.9,0.2783203125,31.25,-0.00712890625
73.2,0.2783203125,30.2734375,0.00751953125
73.5,0.2734375,22.4609375,-0.00224609375
73.8,0.2783203125,26.3671875,-0.00712890625
74.1,0.2783203125,13.671875,-0.00224609375
74.4,0.2783203125,10.7421875,-0.0046875
74.7,0.2783203125,26.3671875,-0.00712890625
75.0,0.2783203125,19.53125,-0.0095703125
75.3,0.2783203125,20.5078125,0.024609375
75.6,0.2783203125,26.3671875,-0.0095703125
75.9,0.2783203125,23.4375,-0.00712890625
76.2,0.2734375,37.109375,0.00263671875
76.5,0.283203125,36.1328125,-0.00224609375
76.8,0.2783203125,22.4609375,-0.00224609375
77.1,0.2783203125,27.34375,-0.0095703125
77.4,0.2734375,23.4375,0.01240234375
77.7,0.2783203125,21.484375,-0.0046875
78.0,0.2734375,26.3671875,-0.014453125
78.3,0.2734375,11.71875,-0.00712890625
78.6,0.283203125,10.7421875,-0.00712890625
78.9,0.283203125,25.390625,-0.0095703125
79.2,0.2783203125,20.5078125,-0.0095703125
79.5,0.2783203125,28.3203125,0.01484375
79.8,0.2783203125,28.3203125,-0.0095703125
80.1,0.2783203125,22.4609375,-0.0046875
80.4,0.283203125,37.109375,-0.00712890625
80.7,0.2734375,34.1796875,-0.00712890625
81.0,0.2783203125,23.4375,-0.0095703125
81.3,0.2783203125,27.34375,-0.01201171875
81.6,0.2783203125,18.5546875,-0.0046875
81.9,0.2734375,16.6015625,-0.0095703125
82.2,0.2783203125,25.390625,-0.014453125
82.5,0.2734375,12.6953125,-0.01201171875
82.8,0.2685546875,14.6484375,-0.01201171875
83.1,0.2783203125,25.390625,-0.01201171875
83.4,0.2734375,22.4609375,-0.00712890625
83.7,0.2783203125,30.2734375,0.00751953125
84.0,0.283203125,31.25,-0.0095703125
84.3,0.2783203125,23.4375,-0.0095703125
84.6,0.2734375,37.109375,-0.0095703125
84.9,0.2734375,35.15625,-0.0095703125
85.2,0.2734375,23.4375,-0.00712890625
85.5,0.2783203125,27.34375,-0.01689453125
85.8,0.283203125,20.5078125,0.00263671875
86.1,0.2783203125,20.5078125,-0.0095703125
86.4,0.2783203125,26.3671875,-0.01201171875
86.7,0.283203125,11.71875,-0.014453125
87.0,0.283203125,10.7421875,-0.014453125
87.3,0.283203125,26.3671875,-0.01201171875
87.6,0.2783203125,21.484375,-0.0095703125
87.9,0.2783203125,24.4140625,0.0197265625
88.2,0.283203125,26.3671875,-0.00712890625
88.5,0.2783203125,22.4609375,-0.01201171875
88.8,0.2783203125,38.0859375,-0.0046875
89.1,0.2734375,36.1328125,-0.01201171875
89.4,0.2734375,22.4609375,-0.0046875
89.7,0.2734375,28.3203125,-0.01201171875
90.0,0.2783203125,27.34375,0.01484375
90.3,0.2734375,23.4375,-0.0095703125
90.6,0.2734375,24.4140625,-0.014453125
90.9,0.283203125,13.671875,-0.0095703125
91.2,0.2734375,10.7421875,-0.0095703125
91.5,0.2783203125,26.3671875,-0.01201171875
91.8,0.2734375,17.578125,-0.014453125
92.1,0.283203125,17.578125,0.00263671875
92.4,0.2783203125,25.390625,-0.014453125
92.7,0.2783203125,22.4609375,-0.0095703125
93.0,0.283203125,32.2265625,0.00263671875
93.3,0.2783203125,32.2265625,-0.00712890625
93.6,0.283203125,23.4375,-0.00712890625
93.9,0.283203125,36.1328125,-0.0095703125
94.2,0.2783203125,34.1796875,-0.014453125
94.5,0.2734375,23.4375,-0.00712890625
94.8,0.2734375,27.34375,-0.014453125
95.1,0.2783203125,20.5078125,-0.00224609375
95.4,0.2734375,20.5078125,-0.0095703125
95.7,0.2783203125,26.3671875,-0.0095703125
96.0,0.283203125,11.71875,-0.01201171875
96.3,0.2783203125,10.7421875,-0.00712890625
96.6,0.2734375,26.3671875,-0.01201171875
96.9,0.2734375,21.484375,-0.0095703125
97.2,0.283203125,24.4140625,0.0197265625
97.5,0.2783203125,26.3671875,-0.014453125
97.8,0.2783203125,23.4375,-0.01201171875
98.1,0.2783203125,38.0859375,-0.0095703125
98.4,0.2783203125,36.1328125,-0.014453125
98.7,0.2783203125,23.4375,-0.01201171875
99.0,0.2734375,18.5546875,-0.014453125
99.3,0.2783203125,18.5546875,0.0099609375
99.6,0.283203125,25.390625,-0.014453125
0.0,0.2734375,23.4375,-0.0095703125
0.3,0.2783203125,22.4609375,-0.0291015625
0.6,0.2783203125,26.3671875,-0.03154296875
0.9,0.2783203125,12.6953125,-0.0291015625
1.2,0.283203125,9.765625,-0.0291015625
1.5,0.2734375,27.34375,-0.03642578125
1.8,0.2783203125,19.53125,-0.033984375
2.1,0.2783203125,19.53125,-0.00224609375
2.4,0.2783203125,26.3671875,-0.033984375
2.7,0.283203125,22.4609375,-0.03154296875
3.0,0.2734375,33.203125,-0.0193359375
3.3,0.2734375,33.203125,-0.03154296875
3.6,0.2783203125,23.4375,-0.0291015625
3.9,0.2783203125,37.109375,-0.033984375
4.2,0.2734375,35.15625,-0.033984375
4.5,0.2783203125,23.4375,-0.03154296875
4.8,0.283203125,27.34375,-0.033984375
5.1,0.2734375,22.4609375,-0.014453125
5.4,0.2783203125,22.4609375,-0.03154296875
5.7,0.2734375,25.390625,-0.03154296875
6.0,0.2734375,11.71875,-0.0291015625
6.3,0.2783203125,9.765625,-0.033984375
6.6,0.2783203125,26.3671875,-0.033984375
6.9,0.2783203125,35.15625,-0.033984375
7.2,0.2734375,34.1796875,-0.03154296875
7.5,0.2734375,23.4375,-0.03154296875
7.8,0.283203125,27.34375,-0.033984375
8.1,0.2783203125,21.484375,-0.0193359375
8.4,0.2783203125,21.484375,-0.02666015625
8.7,0.2783203125,26.3671875,-0.03642578125
9.0,0.2783203125,11.71875,-0.02666015625
9.3,0.2734375,11.71875,-0.02421875
9.6,0.283203125,26.3671875,-0.033984375
9.9,0.2783203125,20.5078125,-0.03154296875
10.2,0.2783203125,33.203125,-0.03154296875
10.5,0.2783203125,23.4375,-0.033984375
10.8,0.2783203125,27.34375,-0.03154296875
11.1,0.2734375,21.484375,-0.0193359375
11.4,0.2734375,21.484375,-0.02666015625
11.7,0.2734375,27.34375,-0.03642578125
12.0,0.2734375,11.71875,-0.033984375
12.3,0.2783203125,9.765625,-0.03154296875
12.6,0.2734375,26.3671875,-0.0291015625
12.9,0.2734375,21.484375,-0.033984375
13.2,0.283203125,22.4609375,-0.00224609375
13.5,0.2783203125,26.3671875,-0.033984375
13.8,0.283203125,24.4140625,-0.02666015625
14.1,0.2734375,35.15625,-0.02666015625
14.4,0.283203125,35.15625,-0.0291015625
14.7,0.2783203125,23.4375,-0.033984375
15.0,0.2734375,31.25,-0.0291015625
15.3,0.2783203125,31.25,-0.02177734375
15.6,0.2734375,23.4375,-0.02666015625
15.9,0.283203125,27.34375,-0.03642578125
16.2,0.2783203125,16.6015625,-0.02177734375
16.5,0.2783203125,15.625,-0.03154296875
16.8,0.2734375,27.34375,-0.0388671875
17.1,0.2783203125,13.671875,-0.03642578125
17.4,0.283203125,13.671875,-0.0291015625
17.7,0.2734375,25.390625,-0.033984375
18.0,0.2734375,22.4609375,-0.0388671875
18.3,0.2783203125,29.296875,-0.01689453125
18.6,0.2734375,29.296875,-0.0291015625
18.9,0.2783203125,23.4375,-0.033984375
19.2,0.2783203125,39.0625,-0.03642578125
19.5,0.2783203125,36.1328125,-0.02666015625
19.8,0.2734375,22.4609375,-0.0291015625
20.1,0.2734375,27.34375,-0.033984375
20.4,0.2783203125,23.4375,-0.01201171875
20.7,0.2734375,22.4609375,-0.03642578125
21.0,0.2783203125,26.3671875,-0.033984375
21.3,0.2783203125,11.71875,-0.0388671875
21.6,0.2783203125,10.7421875,-0.03154296875
21.9,0.283203125,26.3671875,-0.04130859375
22.2,0.2783203125,21.484375,-0.03642578125
22.5,0.2783203125,25.390625,-0.00224609375
22.8,0.2783203125,27.34375,-0.03642578125
23.1,0.2783203125,23.4375,-0.033984375
23.4,0.2783203125,40.0390625,-0.02666015625
23.7,0.2734375,37.109375,-0.03642578125
24.0,0.2783203125,23.4375,-0.03154296875
24.3,0.2783203125,28.3203125,-0.033984375
24.6,0.2783203125,23.4375,-0.01689453125
24.9,0.2783203125,21.484375,-0.033984375
25.2,0.283203125,27.34375,-0.0388671875
25.5,0.2783203125,11.71875,-0.03642578125
25.8,0.2783203125,12.6953125,-0.033984375
26.1,0.2783203125,26.3671875,-0.033984375
26.4,0.2734375,22.4609375,-0.03642578125
26.7,0.2783203125,30.2734375,-0.0193359375
27.0,0.2734375,31.25,-0.03642578125
27.3,0.2783203125,23.4375,-0.033984375
27.6,0.2734375,34.1796875,-0.0291015625
27.9,0.2783203125,32.2265625,-0.033984375
28.2,0.2734375,23.4375,-0.03642578125
28.5,0.2685546875,26.3671875,-0.04130859375
28.8,0.2734375,14.6484375,-0.033984375
29.1,0.2783203125,11.71875,-0.03642578125
29.4,0.2783203125,27.34375,-0.033984375
29.7,0.2734375,19.53125,-0.033984375
30.0,0.2783203125,21.484375,-0.00224609375
30.3,0.2783203125,26.3671875,-0.03642578125
30.6,0.2734375,23.4375,-0.03154296875
30.9,0.2734375,38.0859375,-0.0291015625
31.2,0.2783203125,37.109375,-0.02666015625
31.5,0.2734375,23.4375,-0.033984375
31.8,0.2734375,27.34375,-0.03642578125
32.1,0.2734375,22.4609375,-0.01689453125
32.4,0.2783203125,21.484375,-0.0388671875
32.7,0.2734375,27.34375,-0.03642578125
33.0,0.2734375,12.6953125,-0.033984375
33.3,0.283203125,13.671875,-0.03154296875
33.6,0.2783203125,26.3671875,-0.0388671875
33.9,0.2734375,23.4375,-0.03642578125
34.2,0.2734375,33.203125,-0.02421875
34.5,0.283203125,34.1796875,-0.033984375
34.8,0.2783203125,23.4375,-0.03154296875
35.1,0.283203125,31.25,-0.03642578125
35.4,0.2734375,30.2734375,-0.0193359375
35.7,0.2783203125,23.4375,-0.0388671875
36.0,0.283203125,25.390625,-0.0388671875
36.3,0.2783203125,12.6953125,-0.033984375
36.6,0.2783203125,9.765625,-0.03642578125
36.9,0.2783203125,27.34375,-0.04130859375
37.2,0.2734375,21.484375,-0.03642578125
37.5,0.283203125,25.390625,-0.01201171875
37.8,0.2734375,28.3203125,-0.0388671875
38.1,0.283203125,23.4375,-0.03154296875
38.4,0.2783203125,38.0859375,-0.03642578125
38.7,0.2783203125,35.15625,-0.03154296875
39.0,0.2734375,23.4375,-0.0291015625
39.3,0.283203125,27.34375,-0.03642578125
39.6,0.2783203125,15.625,-0.033984375
39.9,0.2734375,13.671875,-0.0388671875
40.2,0.2783203125,26.3671875,-0.03642578125
40.5,0.2783203125,19.53125,-0.033984375
40.8,0.2783203125,20.5078125,-0.0095703125
41.1,0.283203125,26.3671875,-0.03642578125
41.4,0.2783203125,23.4375,-0.03642578125
41.7,0.283203125,39.0625,-0.0291015625
42.0,0.2734375,37.109375,-0.033984375
42.3,0.2783203125,23.4375,-0.033984375
42.6,0.2734375,27.34375,-0.033984375
42.9,0.2783203125,18.5546875,-0.02666015625
43.2,0.2783203125,15.625,-0.0388671875
43.5,0.2783203125,26.3671875,-0.033984375
43.8,0.2783203125,18.5546875,-0.033984375
44.1,0.2783203125,19.53125,-0.0095703125
44.4,0.2734375,26.3671875,-0.03642578125
44.7,0.283203125,23.4375,-0.033984375
45.0,0.2734375,39.0625,-0.03154296875
45.3,0.2734375,37.109375,-0.03642578125
45.6,0.2783203125,23.4375,-0.033984375
45.9,0.2783203125,27.34375,-0.04130859375
46.2,0.2783203125,19.53125,-0.0291015625
46.5,0.2783203125,16.6015625,-0.0388671875
46.8,0.2783203125,26.3671875,-0.04619140625
47.1,0.2783203125,16.6015625,-0.03642578125
47.4,0.283203125,19.53125,-0.0291015625
47.7,0.2734375,26.3671875,-0.033984375
48.0,0.2783203125,23.4375,-0.03154296875
48.3,0.2734375,38.0859375,-0.03154296875
48.6,0.2734375,37.109375,-0.033984375
48.9,0.2734375,23.4375,-0.0291015625
49.2,0.283203125,28.3203125,-0.033984375
49.5,0.2783203125,20.5078125,-0.02421875
49.8,0.2783203125,18.5546875,-0.0388671875
50.1,0.2734375,27.34375,-0.0388671875
50.4,0.2783203125,15.625,-0.0388671875
50.7,0.2734375,17.578125,-0.03154296875
51.0,0.2783203125,26.3671875,-0.0388671875
51.3,0.2734375,23.4375,-0.033984375
51.6,0.2783203125,36.1328125,-0.02421875
51.9,0.2734375,36.1328125,-0.0388671875
52.2,0.2734375,23.4375,-0.033984375
52.5,0.2783203125,29.296875,-0.0388671875
52.8,0.2734375,24.4140625,-0.01689453125
53.1,0.2783203125,22.4609375,-0.04130859375
53.4,0.2783203125,27.34375,-0.0388671875
53.7,0.2734375,12.6953125,-0.0388671875
54.0,0.2783203125,13.671875,-0.033984375
54.3,0.283203125,26.3671875,-0.0388671875
54.6,0.2783203125,23.4375,-0.033984375
54.9,0.283203125,33.203125,-0.02421875
55.2,0.2783203125,34.1796875,-0.0388671875
55.5,0.283203125,23.4375,-0.04130859375
0.0,0.2783203125,30.2734375,-0.02421875
0.3,0.2783203125,30.2734375,-0.0388671875
0.6,0.2734375,23.4375,-0.0388671875
0.9,0.2734375,38.0859375,-0.0388671875
1.2,0.2734375,36.1328125,-0.03642578125
1.5,0.2734375,23.4375,-0.0388671875
1.8,0.2734375,27.34375,-0.0388671875
2.1,0.2734375,21.484375,-0.02666015625
2.4,0.2783203125,20.5078125,-0.04130859375
2.7,0.2734375,27.34375,-0.04619140625
3.0,0.2783203125,11.71875,-0.04130859375
3.3,0.2783203125,11.71875,-0.03642578125
3.6,0.2783203125,26.3671875,-0.04130859375
3.9,0.283203125,21.484375,-0.04130859375
4.2,0.2734375,25.390625,-0.01201171875
4.5,0.283203125,26.3671875,-0.04130859375
4.8,0.2734375,23.4375,-0.03642578125
5.1,0.2783203125,39.0625,-0.033984375
5.4,0.283203125,36.1328125,-0.04130859375
5.7,0.2734375,23.4375,-0.04130859375
6.0,0.2783203125,30.2734375,-0.03642578125
6.3,0.2783203125,30.2734375,-0.02421875
6.6,0.2734375,23.4375,-0.04130859375
6.9,0.2783203125,27.34375,-0.04619140625
7.2,0.2783203125,15.625,-0.03642578125
7.5,0.2783203125,14.6484375,-0.04130859375
7.8,0.2783203125,26.3671875,-0.04130859375
8.1,0.2734375,13.671875,-0.04130859375
8.4,0.2783203125,13.671875,-0.04130859375
8.7,0.283203125,26.3671875,-0.04130859375
9.0,0.2783203125,29.296875,-0.04130859375
9.3,0.2783203125,27.34375,-0.0095703125
9.6,0.2783203125,23.4375,-0.04375
9.9,0.283203125,27.34375,-0.04375
10.2,0.2783203125,14.6484375,-0.03642578125
10.5,0.2783203125,13.671875,-0.04375
10.8,0.2783203125,27.34375,-0.04375
11.1,0.2783203125,16.6015625,-0.0388671875
11.4,0.283203125,15.625,-0.04130859375
11.7,0.2783203125,26.3671875,-0.04619140625
12.0,0.2734375,22.4609375,-0.0388671875
12.3,0.2734375,25.390625,-0.0193359375
12.6,0.2685546875,23.4375,-0.0388671875
12.9,0.283203125,26.3671875,-0.0388671875
13.2,0.2783203125,12.6953125,-0.03642578125
13.5,0.2783203125,11.71875,-0.04375
13.8,0.2783203125,27.34375,-0.04375
14.1,0.283203125,18.5546875,-0.0388671875
14.4,0.283203125,17.578125,-0.033984375
14.7,0.283203125,26.3671875,-0.04619140625
15.0,0.2783203125,23.4375,-0.0388671875
15.3,0.2783203125,32.2265625,-0.02666015625
15.6,0.2734375,22.4609375,-0.04130859375
15.9,0.2783203125,26.3671875,-0.04375
16.2,0.283203125,11.71875,-0.0388671875
16.5,0.2783203125,10.7421875,-0.04130859375
16.8,0.2783203125,27.34375,-0.04130859375
17.1,0.2734375,20.5078125,-0.04619140625
17.4,0.2783203125,21.484375,-0.00712890625
17.7,0.283203125,27.34375,-0.04130859375
18.0,0.2783203125,23.4375,-0.0388671875
18.3,0.2783203125,35.15625,-0.02666015625
18.6,0.2783203125,34.1796875,-0.04375
18.9,0.2734375,23.4375,-0.03642578125
19.2,0.2734375,33.203125,-0.0388671875
19.5,0.2783203125,32.2265625,-0.04130859375
19.8,0.2783203125,23.4375,-0.0388671875
20.1,0.283203125,27.34375,-0.04619140625
20.4,0.2734375,19.53125,-0.03642578125
20.7,0.283203125,18.5546875,-0.04130859375
21.0,0.2734375,27.34375,-0.04130859375
21.3,0.2734375,12.6953125,-0.04375
21.6,0.283203125,12.6953125,-0.04375
21.9,0.2783203125,26.3671875,-0.04619140625
22.2,0.2783203125,22.4609375,-0.04619140625
22.5,0.2783203125,25.390625,-0.0193359375
22.8,0.2734375,23.4375,-0.04375
23.1,0.283203125,26.3671875,-0.04619140625
23.4,0.2783203125,11.71875,-0.04375
23.7,0.2783203125,10.7421875,-0.04375
24.0,0.2783203125,27.34375,-0.04375
24.3,0.2734375,22.4609375,-0.0388671875
24.6,0.2783203125,25.390625,-0.01201171875
24.9,0.283203125,27.34375,-0.04130859375
25.2,0.283203125,23.4375,-0.04130859375
25.5,0.283203125,39.0625,-0.0388671875
25.8,0.2783203125,37.109375,-0.04375
26.1,0.2734375,23.4375,-0.04130859375
26.4,0.2783203125,28.3203125,-0.0486328125
26.7,0.2734375,19.53125,-0.03154296875
27.0,0.2734375,16.6015625,-0.04375
27.3,0.2734375,27.34375,-0.04375
27.6,0.283203125,17.578125,-0.0486328125
27.9,0.2734375,18.5546875,-0.02666015625
28.2,0.2783203125,27.34375,-0.04619140625
28.5,0.2783203125,24.4140625,-0.0388671875
28.8,0.2783203125,39.0625,-0.0388671875
29.1,0.2783203125,37.109375,-0.0388671875
29.4,0.2783203125,23.4375,-0.04130859375
29.7,0.2734375,28.3203125,-0.04619140625
30.0,0.2783203125,19.53125,-0.02666015625
30.3,0.2734375,15.625,-0.04619140625
30.6,0.2783203125,27.34375,-0.04619140625
30.9,0.283203125,18.5546875,-0.04130859375
31.2,0.283203125,21.484375,-0.01201171875
31.5,0.2783203125,27.34375,-0.04375
31.8,0.2783203125,23.4375,-0.04130859375
32.1,0.2783203125,40.0390625,-0.04130859375
32.4,0.2734375,35.15625,-0.04375
32.7,0.2783203125,23.4375,-0.04130859375
33.0,0.2783203125,27.34375,-0.04619140625
33.3,0.2783203125,14.6484375,-0.0388671875
33.6,0.2734375,10.7421875,-0.0486328125
33.9,0.2783203125,27.34375,-0.04619140625
34.2,0.283203125,29.296875,-0.04375
34.5,0.2734375,25.390625,-0.02177734375
34.8,0.2783203125,22.4609375,-0.04130859375
35.1,0.2783203125,27.34375,-0.04619140625
35.4,0.283203125,14.6484375,-0.04375
35.7,0.2783203125,17.578125,-0.0388671875
36.0,0.2783203125,27.34375,-0.04375
36.3,0.2734375,24.4140625,-0.04130859375
36.6,0.2734375,39.0625,-0.03642578125
36.9,0.2783203125,38.0859375,-0.04130859375
37.2,0.2734375,23.4375,-0.04375
37.5,0.2734375,27.34375,-0.04130859375
37.8,0.2783203125,15.625,-0.03642578125
38.1,0.2734375,12.6953125,-0.0388671875
38.4,0.2783203125,27.34375,-0.04619140625
38.7,0.2783203125,22.4609375,-0.04130859375
39.0,0.2783203125,26.3671875,-0.0193359375
39.3,0.2783203125,29.296875,-0.04619140625
39.6,0.2734375,23.4375,-0.04130859375
39.9,0.2783203125,34.1796875,-0.04130859375
40.2,0.2783203125,31.25,-0.033984375
40.5,0.2734375,23.4375,-0.04375
40.8,0.2734375,23.4375,-0.04130859375
41.1,0.283203125,36.1328125,-0.03642578125
41.4,0.2783203125,36.1328125,-0.04619140625
41.7,0.2783203125,23.4375,-0.04619140625
42.0,0.2783203125,27.34375,-0.0388671875
42.3,0.2734375,20.5078125,-0.0388671875
42.6,0.2783203125,17.578125,-0.0388671875
42.9,0.2734375,27.34375,-0.04375
43.2,0.2783203125,19.53125,-0.04375
43.5,0.2734375,21.484375,-0.01689453125
43.8,0.2783203125,27.34375,-0.04375
44.1,0.2783203125,23.4375,-0.04375
44.4,0.2734375,40.0390625,-0.04130859375
44.7,0.2734375,35.15625,-0.04375
45.0,0.2783203125,23.4375,-0.04375
45.3,0.2734375,27.34375,-0.04619140625
45.6,0.2734375,13.671875,-0.04619140625
45.9,0.2783203125,9.765625,-0.04375
46.2,0.2734375,27.34375,-0.0486328125
46.5,0.2734375,22.4609375,-0.04130859375
46.8,0.283203125,30.2734375,-0.02666015625
47.1,0.2783203125,33.203125,-0.04619140625
47.4,0.2734375,27.34375,-0.0486328125
47.7,0.283203125,14.6484375,-0.04619140625
48.0,0.2783203125,17.578125,-0.033984375
48.3,0.2783203125,27.34375,-0.04375
48.6,0.2783203125,23.4375,-0.04130859375
48.9,0.2783203125,40.0390625,-0.0388671875
49.2,0.2783203125,37.109375,-0.04375
49.5,0.2783203125,23.4375,-0.04375
49.8,0.2783203125,27.34375,-0.04130859375
50.1,0.2783203125,15.625,-0.04130859375
50.4,0.2783203125,10.7421875,-0.04619140625
50.7,0.2783203125,27.34375,-0.05107421875
51.0,0.2783203125,21.484375,-0.04130859375
51.3,0.283203125,28.3203125,-0.01689453125
51.6,0.2783203125,32.2265625,-0.0486328125
51.9,0.2783203125,23.4375,-0.03642578125
52.2,0.2734375,32.2265625,-0.04130859375
52.5,0.2685546875,30.2734375,-0.02421875
52.8,0.2734375,23.4375,-0.04619140625
53.1,0.2783203125,26.3671875,-0.04619140625
53.4,0.2734375,11.71875,-0.04375
53.7,0.2783203125,13.671875,-0.04130859375
54.0,0.2783203125,26.3671875,-0.04375
54.3,0.2734375,23.4375,-0.04130859375
54.6,0.283203125,37.109375,-0.03154296875
54.9,0.283203125,38.0859375,-0.04375
55.2,0.283203125,22.4609375,-0.04375
55.5,0.2734375,27.34375,-0.04619140625
55.8,0.2783203125,17.578125,-0.04375
56.1,0.2734375,13.671875,-0.04375
56.4,0.2783203125,27.34375,-0.04619140625
56.7,0.2783203125,21.484375,-0.0486328125
57.0,0.2783203125,25.390625,-0.01689453125
57.3,0.2734375,23.4375,-0.04130859375
57.6,0.2783203125,26.3671875,-0.04619140625
57.9,0.2734375,12.6953125,-0.04619140625
58.2,0.2783203125,14.6484375,-0.0486328125
58.5,0.2783203125,26.3671875,-0.04619140625
58.8,0.283203125,23.4375,-0.0388671875
59.1,0.2734375,38.0859375,-0.033984375
59.4,0.2783203125,37.109375,-0.04375
59.7,0.2734375,23.4375,-0.04619140625
60.0,0.2783203125,27.34375,-0.05107421875
60.3,0.2734375,16.6015625,-0.04619140625
60.6,0.2734375,12.6953125,-0.04619140625
60.9,0.2783203125,27.34375,-0.0486328125
61.2,0.2734375,22.4609375,-0.04375
61.5,0.2783203125,28.3203125,-0.03154296875
61.8,0.2783203125,32.2265625,-0.04130859375
62.1,0.2783203125,23.4375,-0.04130859375
0.0,0.283203125,32.2265625,-0.04375
0.3,0.2685546875,23.4375,-0.04375
0.6,0.2734375,27.34375,-0.0486328125
0.9,0.2783203125,15.625,-0.04130859375
1.2,0.2783203125,13.671875,-0.04619140625
1.5,0.2734375,26.3671875,-0.0486328125
1.8,0.283203125,20.5078125,-0.0486328125
2.1,0.2783203125,20.5078125,-0.0193359375
2.4,0.283203125,27.34375,-0.0486328125
2.7,0.2783203125,23.4375,-0.04375
3.0,0.2783203125,37.109375,-0.03642578125
3.3,0.2734375,37.109375,-0.04375
3.6,0.2734375,23.4375,-0.04375
3.9,0.2783203125,30.2734375,-0.04619140625
4.2,0.2685546875,28.3203125,-0.02177734375
4.5,0.2783203125,23.4375,-0.04375
4.8,0.2734375,26.3671875,-0.05107421875
5.1,0.2734375,13.671875,-0.05107421875
5.4,0.2734375,11.71875,-0.0486328125
5.7,0.2734375,27.34375,-0.04619140625
6.0,0.283203125,21.484375,-0.04619140625
6.3,0.2783203125,22.4609375,-0.014453125
6.6,0.2783203125,27.34375,-0.0486328125
6.9,0.2734375,27.34375,-0.0486328125
7.2,0.2734375,17.578125,-0.04375
7.5,0.2734375,16.6015625,-0.04619140625
7.8,0.2783203125,27.34375,-0.0486328125
8.1,0.2734375,13.671875,-0.04619140625
8.4,0.283203125,14.6484375,-0.04375
8.7,0.2783203125,26.3671875,-0.05107421875
9.0,0.2783203125,22.4609375,-0.04375
9.3,0.2783203125,28.3203125,-0.02666015625
9.6,0.283203125,28.3203125,-0.04619140625
9.9,0.2783203125,23.4375,-0.04375
10.2,0.2783203125,40.0390625,-0.04375
10.5,0.2783203125,37.109375,-0.04130859375
10.8,0.2783203125,23.4375,-0.04619140625
11.1,0.2783203125,31.25,-0.04375
11.4,0.2783203125,31.25,-0.03154296875
11.7,0.2783203125,23.4375,-0.04619140625
12.0,0.2734375,27.34375,-0.04619140625
12.3,0.2783203125,17.578125,-0.04375
12.6,0.283203125,18.5546875,-0.05107421875
12.9,0.2783203125,27.34375,-0.04375
13.2,0.283203125,12.6953125,-0.04619140625
13.5,0.2734375,11.71875,-0.04619140625
13.8,0.2734375,27.34375,-0.04619140625
14.1,0.2783203125,22.4609375,-0.04619140625
14.4,0.283203125,21.484375,-0.014453125
14.7,0.2783203125,27.34375,-0.04619140625
15.0,0.2734375,23.4375,-0.04375
15.3,0.2783203125,22.4609375,-0.033984375
15.6,0.2783203125,22.4609375,-0.0486328125
15.9,0.283203125,27.34375,-0.0486328125
16.2,0.2783203125,12.6953125,-0.0486328125
16.5,0.2734375,11.71875,-0.04619140625
16.8,0.2783203125,27.34375,-0.04375
17.1,0.2734375,17.578125,-0.05107421875
17.4,0.2734375,15.625,-0.04619140625
17.7,0.2734375,26.3671875,-0.04375
18.0,0.2783203125,23.4375,-0.05107421875
18.3,0.283203125,26.3671875,-0.02421875
18.6,0.2734375,23.4375,-0.04619140625
18.9,0.283203125,27.34375,-0.0486328125
19.2,0.2734375,17.578125,-0.04375
19.5,0.2783203125,18.5546875,-0.05107421875
19.8,0.2783203125,27.34375,-0.04619140625
20.1,0.2783203125,12.6953125,-0.0486328125
20.4,0.2783203125,10.7421875,-0.05107421875
20.7,0.283203125,27.34375,-0.053515625
21.0,0.2783203125,19.53125,-0.05107421875
21.3,0.2783203125,17.578125,-0.0388671875
21.6,0.2734375,26.3671875,-0.05107421875
21.9,0.2734375,23.4375,-0.04375
22.2,0.283203125,27.34375,-0.02421875
22.5,0.2734375,27.34375,-0.0486328125
22.8,0.2734375,24.4140625,-0.04619140625
23.1,0.2783203125,36.1328125,-0.0388671875
23.4,0.2734375,34.1796875,-0.04375
23.7,0.283203125,23.4375,-0.03642578125
24.0,0.283203125,38.0859375,-0.04375
24.3,0.2734375,38.0859375,-0.0486328125
24.6,0.2783203125,23.4375,-0.05107421875
24.9,0.2783203125,30.2734375,-0.0486328125
25.2,0.2734375,30.2734375,-0.02421875
25.5,0.2783203125,23.4375,-0.04619140625
25.8,0.2783203125,27.34375,-0.04619140625
26.1,0.2783203125,20.5078125,-0.0388671875
26.4,0.2783203125,21.484375,-0.0486328125
26.7,0.2783203125,27.34375,-0.0486328125
27.0,0.2734375,12.6953125,-0.04619140625
27.3,0.2734375,11.71875,-0.0486328125
27.6,0.2783203125,27.34375,-0.04619140625
27.9,0.283203125,16.6015625,-0.04375
28.2,0.283203125,15.625,-0.0486328125
28.5,0.2783203125,27.34375,-0.05107421875
28.8,0.2783203125,23.4375,-0.04375
29.1,0.2783203125,25.390625,-0.014453125
29.4,0.283203125,27.34375,-0.04375
29.7,0.2783203125,24.4140625,-0.04375
30.0,0.2783203125,35.15625,-0.0388671875
30.3,0.2734375,34.1796875,-0.04619140625
30.6,0.2734375,23.4375,-0.04375
30.9,0.2783203125,40.0390625,-0.0486328125
31.2,0.2783203125,10.7421875,-0.04619140625
31.5,0.2783203125,27.34375,-0.05107421875
31.8,0.2783203125,18.5546875,-0.04619140625
32.1,0.283203125,18.5546875,-0.14140625
32.4,0.2783203125,26.3671875,-0.1658203125
32.7,0.2783203125,23.4375,-0.18046875
33.0,0.2783203125,30.2734375,-0.1658203125
33.3,0.2783203125,29.296875,-0.170703125
33.6,0.2783203125,23.4375,-0.18046875
33.9,0.2734375,40.0390625,-0.18046875
34.2,0.2783203125,37.109375,-0.18046875
34.5,0.2783203125,23.4375,-0.17802734375
34.8,0.2783203125,31.25,-0.18046875
35.1,0.2734375,31.25,-0.18046875
35.4,0.2734375,23.4375,-0.18046875
35.7,0.2783203125,27.34375,-0.17802734375
36.0,0.2783203125,17.578125,-0.18046875
36.3,0.2685546875,17.578125,-0.18046875
36.6,0.2783203125,27.34375,-0.18046875
36.9,0.2783203125,12.6953125,-0.18046875
37.2,0.2783203125,12.6953125,-0.18046875
37.5,0.2734375,27.34375,-0.18046875
37.8,0.2783203125,31.25,-0.17802734375
38.1,0.2783203125,31.25,-0.18046875
38.4,0.2734375,23.4375,-0.18046875
38.7,0.2734375,27.34375,-0.18046875
39.0,0.2783203125,16.6015625,-0.18046875
39.3,0.2783203125,17.578125,-0.18291015625
39.6,0.283203125,27.34375,-0.18046875
39.9,0.2783203125,13.671875,-0.18291015625
40.2,0.2783203125,12.6953125,-0.18046875
40.5,0.283203125,27.34375,-0.18046875
40.8,0.2734375,22.4609375,-0.18046875
41.1,0.2734375,24.4140625,-0.16826171875
41.4,0.283203125,27.34375,-0.18291015625
41.7,0.2734375,23.4375,-0.18046875
42.0,0.2783203125,36.1328125,-0.17314453125
42.3,0.2734375,36.1328125,-0.18046875
42.6,0.2783203125,23.4375,-0.18046875
42.9,0.2783203125,33.203125,-0.17802734375
43.2,0.2783203125,33.203125,-0.18291015625
43.5,0.2783203125,24.4140625,-0.18046875
43.8,0.2734375,27.34375,-0.18046875
44.1,0.2783203125,20.5078125,-0.17802734375
44.4,0.2734375,20.5078125,-0.18291015625
44.7,0.2734375,27.34375,-0.18046875
45.0,0.2783203125,11.71875,-0.18046875
45.3,0.2783203125,11.71875,-0.17802734375
45.6,0.2783203125,27.34375,-0.18046875
45.9,0.2783203125,22.4609375,-0.18046875
46.2,0.2783203125,23.4375,-0.16826171875
46.5,0.2783203125,27.34375,-0.18046875
46.8,0.2783203125,23.4375,-0.18046875
47.1,0.2783203125,38.0859375,-0.1755859375
47.4,0.2734375,37.109375,-0.18046875
47.7,0.2734375,23.4375,-0.18046875
48.0,0.2783203125,31.25,-0.18046875
48.3,0.2783203125,31.25,-0.18046875
48.6,0.2734375,23.4375,-0.18046875
48.9,0.2783203125,27.34375,-0.17802734375
49.2,0.283203125,16.6015625,-0.18046875
49.5,0.2783203125,15.625,-0.18291015625
49.8,0.2783203125,27.34375,-0.17802734375
50.1,0.2783203125,40.0390625,-0.17802734375
50.4,0.2734375,38.0859375,-0.18046875
50.7,0.2783203125,23.4375,-0.18046875
51.0,0.2783203125,29.296875,-0.18046875
51.3,0.2734375,26.3671875,-0.1755859375
51.6,0.2783203125,23.4375,-0.17802734375
51.9,0.2783203125,27.34375,-0.18046875
52.2,0.2783203125,13.671875,-0.18046875
52.5,0.2783203125,11.71875,-0.18046875
52.8,0.2783203125,27.34375,-0.18046875
53.1,0.2734375,18.5546875,-0.18046875
53.4,0.2783203125,37.109375,-0.17802734375
53.7,0.2734375,23.4375,-0.17802734375
54.0,0.2783203125,28.3203125,-0.17802734375
54.3,0.2783203125,23.4375,-0.17802734375
54.6,0.2783203125,23.4375,-0.18046875
54.9,0.2734375,26.3671875,-0.18046875
55.2,0.2783203125,11.71875,-0.18291015625
55.5,0.2783203125,10.7421875,-0.18291015625
55.8,0.283203125,27.34375,-0.18046875
56.1,0.2734375,20.5078125,-0.18046875
56.4,0.283203125,20.5078125,-0.1755859375
56.7,0.283203125,27.34375,-0.18046875
57.0,0.2734375,23.4375,-0.18046875
57.3,0.2783203125,34.1796875,-0.170703125
57.6,0.2783203125,34.1796875,-0.17802734375
57.9,0.2783203125,23.4375,-0.18046875
0.0,0.2783203125,22.4609375,-4.92630767188e-06
0.3,0.283203125,29.296875,-4.950688375e-06
0.6,0.2783203125,26.3671875,-4.87754626563e-06
0.9,0.2734375,23.4375,-4.950688375e-06
1.2,0.2783203125,27.34375,-4.950688375e-06
1.5,0.2783203125,13.671875,-4.950688375e-06
1.8,0.2783203125,11.71875,-4.950688375e-06
2.1,0.2734375,26.3671875,-4.950688375e-06
2.4,0.2734375,17.578125,-4.950688375e-06
2.7,0.2734375,16.6015625,-4.92630767188e-06
3.0,0.283203125,26.3671875,-4.950688375e-06
3.3,0.2783203125,23.4375,-4.950688375e-06
3.6,0.2734375,30.2734375,-4.82878485938e-06
3.9,0.2783203125,30.2734375,-4.92630767188e-06
4.2,0.2783203125,23.4375,-4.950688375e-06
4.5,0.2734375,40.0390625,-4.92630767188e-06
4.8,0.2783203125,37.109375,-4.950688375e-06
5.1,0.2734375,22.4609375,-4.950688375e-06
5.4,0.2783203125,28.3203125,-4.950688375e-06
5.7,0.2783203125,26.3671875,-4.90192696875e-06
6.0,0.2734375,23.4375,-4.950688375e-06
6.3,0.2734375,26.3671875,-4.950688375e-06
6.6,0.2783203125,13.671875,-4.97506907812e-06
6.9,0.2783203125,12.6953125,-4.950688375e-06
7.2,0.2783203125,26.3671875,-4.950688375e-06
7.5,0.2783203125,17.578125,-4.950688375e-06
7.8,0.2783203125,16.6015625,-4.950688375e-06
8.1,0.283203125,26.3671875,-4.950688375e-06
8.4,0.2783203125,22.4609375,-4.950688375e-06
8.7,0.2783203125,32.2265625,-4.8531655625e-06
9.0,0.2783203125,31.25,-4.950688375e-06
9.3,0.2783203125,23.4375,-4.950688375e-06
9.6,0.283203125,39.0625,-4.950688375e-06
9.9,0.2734375,36.1328125,-4.950688375e-06
10.2,0.2783203125,26.3671875,-4.92630767188e-06
10.5,0.2783203125,20.5078125,-4.950688375e-06
10.8,0.2783203125,21.484375,-4.87754626563e-06
11.1,0.283203125,27.34375,-4.950688375e-06
11.4,0.2734375,23.4375,-4.950688375e-06
11.7,0.283203125,34.1796875,-4.90192696875e-06
12.0,0.2783203125,34.1796875,-4.950688375e-06
12.3,0.2734375,23.4375,-4.950688375e-06
12.6,0.2783203125,35.15625,-4.950688375e-06
12.9,0.2783203125,34.1796875,-4.97506907812e-06
13.2,0.2783203125,23.4375,-4.92630767188e-06
13.5,0.2783203125,27.34375,-4.950688375e-06
13.8,0.2783203125,20.5078125,-4.92630767188e-06
14.1,0.2783203125,21.484375,-4.950688375e-06
14.4,0.2783203125,26.3671875,-4.950688375e-06
14.7,0.2734375,11.71875,-4.97506907812e-06
15.0,0.2783203125,9.765625,-4.950688375e-06
15.3,0.2734375,27.34375,-4.950688375e-06
15.6,0.2783203125,21.484375,-4.950688375e-06
15.9,0.283203125,21.484375,-4.8531655625e-06
16.2,0.2734375,27.34375,-4.97506907812e-06
16.5,0.2783203125,23.4375,-4.97506907812e-06
16.8,0.2783203125,17.578125,-4.8531655625e-06
17.1,0.2783203125,16.6015625,-4.78002345313e-06
17.4,0.2783203125,26.3671875,-4.78002345313e-06
17.7,0.2783203125,12.6953125,-3.07337423438e-06
18.0,0.2783203125,12.6953125,-3.0977549375e-06
18.3,0.2734375,26.3671875,-3.21965845313e-06
18.6,0.2783203125,22.4609375,-3.21965845313e-06
18.9,0.2734375,27.34375,-3.04899353125e-06
19.2,0.2783203125,28.3203125,-3.36594267187e-06
19.5,0.2783203125,23.4375,-3.41470407813e-06
19.8,0.2734375,40.0390625,-3.41470407813e-06
20.1,0.2783203125,37.109375,-3.585369e-06
20.4,0.2734375,23.4375,-3.60974970312e-06
20.7,0.283203125,28.3203125,-3.6828918125e-06
21.0,0.2734375,25.390625,-3.56098829688e-06
21.3,0.2734375,23.4375,-3.82917603125e-06
21.6,0.2783203125,26.3671875,-3.8779374375e-06
21.9,0.2783203125,11.71875,-3.97546025e-06
22.2,0.2783203125,10.7421875,-3.99984095313e-06
22.5,0.2783203125,27.34375,-4.04860235938e-06
22.8,0.2734375,20.5078125,-4.02422165625e-06
23.1,0.2783203125,21.484375,-3.75603392188e-06
23.4,0.2734375,23.4375,3.07056295312e-06
23.7,0.283203125,27.34375,2.99742084375e-06
24.0,0.2734375,16.6015625,2.80237521875e-06
24.3,0.2783203125,15.625,2.48542607812e-06
24.6,0.2783203125,26.3671875,2.21723834375e-06
24.9,0.2734375,14.6484375,1.92466990625e-06
25.2,0.283203125,15.625,1.75400498437e-06
25.5,0.2783203125,26.3671875,1.41267514062e-06
25.8,0.2734375,23.4375,1.21762951562e-06
26.1,0.2783203125,31.25,1.095726e-06
26.4,0.2783203125,32.2265625,7.78776859375e-07
26.7,0.2734375,27.34375,4.6182771875e-07
27.0,0.2734375,11.71875,3.155435e-07
27.3,0.2783203125,10.7421875,1.20497875e-07
27.6,0.283203125,27.34375,-2.578634375e-08
27.9,0.283203125,21.484375,-2.2083196875e-07
28.2,0.2783203125,24.4140625,-1.47689859375e-07
28.5,0.2783203125,27.34375,-5.621618125e-07
28.8,0.283203125,23.4375,-6.84065328125e-07
29.1,0.2783203125,39.0625,-8.79110953125e-07
29.4,0.2734375,37.109375,-1.02539517188e-06
29.7,0.2783203125,23.4375,-1.19606009375e-06
30.0,0.2783203125,18.5546875,-1.31796360938e-06
30.3,0.283203125,18.5546875,-1.2448215e-06
30.6,0.283203125,26.3671875,-1.56177064063e-06
30.9,0.2783203125,23.4375,-1.56177064063e-06
31.2,0.2783203125,34.1796875,-1.56177064063e-06
31.5,0.2734375,35.15625,-1.65929345313e-06
31.8,0.2734375,23.4375,-1.68367415625e-06
32.1,0.283203125,33.203125,-1.829958375e-06
32.4,0.2734375,32.2265625,-1.85433907813e-06
32.7,0.2734375,23.4375,-1.87871978125e-06
33.0,0.283203125,27.34375,-2.04938470313e-06
33.3,0.2783203125,29.296875,-1.80557767188e-06
33.6,0.283203125,30.2734375,-1.90310048438e-06
33.9,0.2783203125,23.4375,-1.87871978125e-06
34.2,0.2783203125,37.109375,-2.04938470313e-06
34.5,0.2783203125,35.15625,-1.90310048438e-06
34.8,0.2734375,23.4375,-1.90310048438e-06
35.1,0.283203125,27.34375,-2.04938470313e-06
35.4,0.2783203125,18.5546875,-1.85433907813e-06
35.7,0.2734375,16.6015625,-2.00062329688e-06
36.0,0.2783203125,26.3671875,-2.025004e-06
36.3,0.2783203125,15.625,-1.9274811875e-06
36.6,0.2783203125,37.109375,-1.90310048438e-06
36.9,0.2783203125,23.4375,-1.90310048438e-06
37.2,0.2734375,27.34375,-2.04938470313e-06
37.5,0.2783203125,20.5078125,-1.85433907813e-06
37.8,0.2734375,18.5546875,-1.95186189063e-06
38.1,0.2783203125,26.3671875,-2.025004e-06
38.4,0.283203125,14.6484375,-1.90310048438e-06
38.7,0.2734375,16.6015625,-2.00062329688e-06
39.0,0.283203125,26.3671875,-1.97624259375e-06
39.3,0.2783203125,23.4375,-1.87871978125e-06
39.6,0.2783203125,35.15625,-1.97624259375e-06
39.9,0.2783203125,15.625,-1.97624259375e-06
40.2,0.2783203125,27.34375,-2.00062329688e-06
40.5,0.2783203125,17.578125,-1.95186189063e-06
40.8,0.283203125,18.5546875,-1.829958375e-06
41.1,0.2783203125,26.3671875,-2.00062329688e-06
41.4,0.2783203125,23.4375,-1.87871978125e-06
41.7,0.2734375,37.109375,-1.95186189063e-06
42.0,0.2783203125,37.109375,-1.97624259375e-06
42.3,0.2734375,23.4375,-1.87871978125e-06
42.6,0.283203125,28.3203125,-2.04938470313e-06
42.9,0.2783203125,20.5078125,-1.829958375e-06
43.2,0.283203125,27.34375,-2.025004e-06
43.5,0.2734375,23.4375,-1.95186189063e-06
43.8,0.2783203125,37.109375,-2.07376540625e-06
44.1,0.2783203125,34.1796875,-1.9274811875e-06
44.4,0.2783203125,23.4375,-1.95186189063e-06
44.7,0.283203125,27.34375,-2.07376540625e-06
45.0,0.283203125,12.6953125,-1.90310048438e-06
45.3,0.2783203125,10.7421875,-2.00062329688e-06
45.6,0.2783203125,27.34375,-2.04938470313e-06
45.9,0.2783203125,22.4609375,-1.97624259375e-06
46.2,0.2783203125,30.2734375,-1.95186189063e-06
46.5,0.2783203125,22.4609375,-2.04938470313e-06
46.8,0.2783203125,27.34375,-2.04938470313e-06
47.1,0.2734375,13.671875,-1.97624259375e-06
47.4,0.2783203125,16.6015625,-2.025004e-06
47.7,0.2734375,26.3671875,-2.00062329688e-06
48.0,0.2783203125,23.4375,-1.97624259375e-06
48.3,0.283203125,37.109375,-2.00062329688e-06
48.6,0.2783203125,37.109375,-1.97624259375e-06
48.9,0.2734375,22.4609375,-1.95186189063e-06
49.2,0.2783203125,28.3203125,-2.07376540625e-06
49.5,0.2734375,22.4609375,-1.85433907813e-06
49.8,0.2783203125,27.34375,-2.025004e-06
50.1,0.2783203125,23.4375,-1.97624259375e-06
50.4,0.2783203125,39.0625,-2.04938470313e-06
50.7,0.2783203125,36.1328125,-1.97624259375e-06
51.0,0.2734375,23.4375,-1.97624259375e-06
51.3,0.2783203125,27.34375,-2.04938470313e-06
51.6,0.2734375,15.625,-1.87871978125e-06
51.9,0.2783203125,12.6953125,-2.00062329688e-06
52.2,0.2783203125,27.34375,-2.04938470313e-06
52.5,0.2734375,20.5078125,-1.97624259375e-06
52.8,0.2783203125,23.4375,-1.75681626563e-06
53.1,0.2734375,23.4375,-2.025004e-06
53.4,0.2783203125,27.34375,-2.09814610938e-06
53.7,0.2783203125,12.6953125,-1.9274811875e-06
54.0,0.2783203125,10.7421875,-2.025004e-06
54.3,0.2783203125,27.34375,-2.00062329688e-06
54.6,0.2783203125,22.4609375,-1.97624259375e-06
54.9,0.2734375,26.3671875,-1.85433907813e-06
55.2,0.283203125,29.296875,-1.97624259375e-06
55.5,0.2734375,23.4375,-1.95186189063e-06
55.8,0.2783203125,37.109375,-2.14690751563e-06
56.1,0.2734375,33.203125,-1.95186189063e-06
56.4,0.2783203125,26.3671875,-2.07376540625e-06
56.7,0.2734375,23.4375,-1.95186189063e-06
57.0,0.2783203125,32.2265625,-2.00062329688e-06
57.3,0.283203125,33.203125,-1.97624259375e-06
57.6,0.283203125,23.4375,-1.97624259375e-06
57.9,0.283203125,31.25,-2.1225268125e-06
58.2,0.2734375,29.296875,-1.80557767188e-06
58.5,0.2734375,23.4375,-1.97624259375e-06
58.8,0.2734375,26.3671875,-2.1225268125e-06
59.1,0.2783203125,11.71875,-2.00062329688e-06
59.4,0.2783203125,11.71875,-2.09814610938e-06
59.7,0.2783203125,23.4375,-1.97624259375e-06
60.0,0.2783203125,29.296875,-2.09814610938e-06
60.3,0.2783203125,23.4375,-1.829958375e-06
60.6,0.2734375,21.484375,-1.95186189063e-06
60.9,0.2783203125,27.34375,-2.09814610938e-06
61.2,0.283203125,14.6484375,-2.00062329688e-06
61.5,0.283203125,16.6015625,-2.025004e-06
61.8,0.2783203125,26.3671875,-2.07376540625e-06
62.1,0.2783203125,23.4375,-1.95186189063e-06
62.4,0.2734375,36.1328125,-2.04938470313e-06
62.7,0.2734375,36.1328125,-2.00062329688e-06
63.0,0.2783203125,26.3671875,-2.09814610938e-06
63.3,0.2734375,19.53125,-1.97624259375e-06
63.6,0.2783203125,21.484375,-1.80557767188e-06
63.9,0.2783203125,26.3671875,-2.04938470313e-06
64.2,0.2783203125,23.4375,-1.95186189063e-06
64.5,0.2734375,40.0390625,-2.07376540625e-06
64.8,0.2734375,37.109375,-2.00062329688e-06
65.1,0.2734375,23.4375,-2.025004e-06
65.4,0.283203125,27.34375,-2.1225268125e-06
65.7,0.2734375,16.6015625,-1.97624259375e-06
66.0,0.2783203125,13.671875,-2.025004e-06
66.3,0.2734375,23.4375,-2.025004e-06
66.6,0.2734375,33.203125,-2.09814610938e-06
66.9,0.2734375,31.25,-1.97624259375e-06
67.2,0.2734375,23.4375,-2.025004e-06
67.5,0.2783203125,27.34375,-2.14690751563e-06
67.8,0.2685546875,12.6953125,-1.97624259375e-06
68.1,0.283203125,10.7421875,-2.07376540625e-06
68.4,0.2783203125,27.34375,-2.1225268125e-06
68.7,0.2734375,22.4609375,-2.00062329688e-06
69.0,0.2783203125,29.296875,-1.95186189063e-06
69.3,0.2783203125,31.25,-2.04938470313e-06
69.6,0.283203125,27.34375,-2.1225268125e-06
69.9,0.2783203125,12.6953125,-2.00062329688e-06
70.2,0.2783203125,15.625,-2.07376540625e-06
70.5,0.2783203125,26.3671875,-2.17128821875e-06
70.8,0.2783203125,23.4375,-2.04938470313e-06
71.1,0.2734375,36.1328125,-2.09814610938e-06
71.4,0.2783203125,36.1328125,-2.04938470313e-06
71.7,0.2783203125,23.4375,-2.04938470313e-06
72.0,0.2734375,28.3203125,-2.1225268125e-06
72.3,0.2783203125,24.4140625,-1.87871978125e-06
72.6,0.2734375,20.5078125,-2.04938470313e-06
72.9,0.2783203125,23.4375,-2.025004e-06
73.2,0.2734375,40.0390625,-2.09814610938e-06
73.5,0.283203125,37.109375,-2.00062329688e-06
73.8,0.283203125,23.4375,-2.04938470313e-06
74.1,0.2783203125,27.34375,-2.17128821875e-06
74.4,0.2783203125,16.6015625,-1.97624259375e-06
