0.0,0.01953125,33.203125,0.09666015625,-5.8154296875
0.3,0.01953125,33.203125,0.109990234375,0.0634765625
0.6,0.0146484375,33.203125,0.1233203125,4.296875
0.9,0.0146484375,33.203125,0.1233203125,0.9033203125
1.2,0.0146484375,33.203125,0.1233203125,0.009765625
1.5,0.0146484375,33.203125,0.109990234375,-1.6015625
1.8,0.0244140625,33.203125,0.09666015625,4.228515625
2.1,0.01953125,33.203125,0.1233203125,-0.0927734375
2.4,0.01953125,33.203125,0.1233203125,0.80078125
2.7,0.0146484375,33.203125,0.1233203125,0.0634765625
3.0,0.0146484375,33.203125,0.1233203125,-1.7431640625
3.3,0.01953125,33.203125,0.109990234375,3.2470703125
3.6,0.01953125,33.203125,0.1233203125,-0.1171875
3.9,0.01953125,33.203125,0.109990234375,-1.0009765625
4.2,0.01953125,33.203125,0.09666015625,0.0
4.5,0.01953125,33.203125,0.1233203125,2.2802734375
4.8,0.0146484375,33.203125,0.1233203125,-6.1767578125
5.1,0.0146484375,33.203125,0.109990234375,0.0244140625
5.4,0.0146484375,33.203125,0.109990234375,-0.9619140625
5.7,0.01953125,33.203125,0.136650390625,0.009765625
6.0,0.0146484375,33.203125,0.136650390625,-1.69921875
6.3,0.01953125,33.203125,0.136650390625,0.76171875
6.6,0.0146484375,33.203125,0.1233203125,0.0439453125
6.9,0.0146484375,33.203125,0.1233203125,0.869140625
7.2,0.01953125,33.203125,0.136650390625,-0.99609375
7.5,0.0146484375,33.203125,0.1233203125,-0.0341796875
7.8,0.01953125,33.203125,0.09666015625,-0.15625
8.1,0.01953125,33.203125,0.136650390625,-1.38671875
8.4,0.0146484375,33.203125,0.136650390625,2.1435546875
8.7,0.0146484375,33.203125,0.1233203125,0.0244140625
9.0,0.0146484375,33.203125,0.136650390625,1.201171875
9.3,0.0146484375,33.203125,0.136650390625,-0.9228515625
9.6,0.01953125,33.203125,0.1233203125,-0.1708984375
9.9,0.0146484375,33.203125,0.1233203125,-1.1279296875
10.2,0.01953125,33.203125,0.109990234375,-0.0048828125
10.5,0.0146484375,34.1796875,0.109990234375,2.1435546875
10.8,0.0146484375,33.203125,0.109990234375,-2.48046875
11.1,0.01953125,33.203125,0.109990234375,-0.087890625
11.4,0.0146484375,32.2265625,0.136650390625,-1.1474609375
11.7,0.0244140625,33.203125,0.09666015625,-0.0244140625
12.0,0.01953125,33.203125,0.109990234375,1.4208984375
12.3,0.01953125,33.203125,0.1233203125,-0.4345703125
12.6,0.0146484375,33.203125,0.1233203125,-0.009765625
12.9,0.01953125,33.203125,0.109990234375,2.12890625
13.2,0.01953125,33.203125,0.1233203125,-6.1181640625
13.5,0.0146484375,33.203125,0.1233203125,0.0244140625
13.8,0.01953125,33.203125,0.109990234375,-0.9423828125
14.1,0.0146484375,32.2265625,0.1233203125,-0.0390625
14.4,0.0146484375,33.203125,0.109990234375,2.32421875
14.7,0.0244140625,33.203125,0.1233203125,-6.2353515625
15.0,0.01953125,33.203125,0.109990234375,0.048828125
15.3,0.01953125,33.203125,0.1233203125,-1.46484375
15.6,0.01953125,33.203125,0.1233203125,-0.634765625
15.9,0.01953125,33.203125,0.14998046875,0.087890625
16.2,0.0146484375,33.203125,0.1233203125,1.474609375
16.5,0.0146484375,33.203125,0.136650390625,-0.244140625
16.8,0.0146484375,33.203125,0.1233203125,-0.4541015625
17.1,0.0146484375,33.203125,0.136650390625,1.2451171875
17.4,0.01953125,33.203125,0.1233203125,0.0537109375
17.7,0.01953125,33.203125,0.1233203125,-1.4453125
18.0,0.01953125,33.203125,0.136650390625,2.0751953125
18.3,0.0146484375,33.203125,0.1233203125,0.0244140625
18.6,0.01953125,33.203125,0.136650390625,1.533203125
18.9,0.0244140625,33.203125,0.1233203125,2.3046875
19.2,0.01953125,33.203125,0.1233203125,-0.029296875
19.5,0.0146484375,33.203125,0.136650390625,0.791015625
19.8,0.0146484375,33.203125,0.1233203125,-0.9619140625
20.1,0.0146484375,33.203125,0.1233203125,0.0927734375
20.4,0.0146484375,33.203125,0.109990234375,2.109375
20.7,0.0146484375,33.203125,0.1233203125,-6.025390625
21.0,0.0146484375,33.203125,0.1233203125,0.0927734375
21.3,0.0244140625,33.203125,0.1233203125,-0.888671875
21.6,0.01953125,33.203125,0.109990234375,0.009765625
21.9,0.0146484375,33.203125,0.1233203125,1.7626953125
22.2,0.0146484375,33.203125,0.1233203125,-4.3017578125
22.5,0.01953125,33.203125,0.136650390625,0.009765625
22.8,0.01953125,33.203125,0.1233203125,-1.142578125
23.1,0.0146484375,33.203125,0.136650390625,0.0830078125
23.4,0.0244140625,33.203125,0.109990234375,-1.19140625
23.7,0.0146484375,33.203125,0.1233203125,0.6884765625
24.0,0.0146484375,33.203125,0.1233203125,-0.01953125
24.3,0.01953125,33.203125,0.136650390625,1.220703125
24.6,0.0146484375,33.203125,0.136650390625,-0.01953125
24.9,0.01953125,33.203125,0.109990234375,0.8740234375
25.2,0.0146484375,33.203125,0.136650390625,-0.458984375
25.5,0.01953125,33.203125,0.136650390625,-0.087890625
25.8,0.01953125,33.203125,0.1233203125,-0.009765625
26.1,0.0244140625,33.203125,0.1233203125,-1.0546875
26.4,0.01953125,33.203125,0.136650390625,-0.0927734375
26.7,0.0146484375,33.203125,0.109990234375,-0.0390625
27.0,0.01953125,33.203125,0.109990234375,0.0244140625
27.3,0.01953125,33.203125,0.109990234375,0.8837890625
27.6,0.01953125,33.203125,0.136650390625,0.01953125
27.9,0.01953125,33.203125,0.1233203125,-1.5478515625
28.2,0.0146484375,33.203125,0.136650390625,0.5322265625
28.5,0.0146484375,33.203125,0.109990234375,0.1123046875
28.8,0.0146484375,33.203125,0.1233203125,2.314453125
29.1,0.0146484375,33.203125,0.109990234375,9.6533203125
29.4,0.0244140625,33.203125,0.136650390625,4.3408203125
29.7,0.01953125,33.203125,0.1233203125,0.0390625
30.0,0.0146484375,33.203125,0.1233203125,-0.3125
30.3,0.01953125,33.203125,0.1233203125,-7.55859375
30.6,0.0146484375,33.203125,0.1233203125,-0.068359375
30.9,0.01953125,33.203125,0.1233203125,-0.0830078125
31.2,0.01953125,33.203125,0.136650390625,0.126953125
31.5,0.01953125,33.203125,0.109990234375,4.8779296875
31.8,0.01953125,33.203125,0.136650390625,-11.455078125
32.1,0.01953125,33.203125,0.136650390625,11.0693359375
32.4,0.0146484375,33.203125,0.136650390625,0.13671875
32.7,0.0146484375,33.203125,0.1233203125,-0.1708984375
33.0,0.0244140625,33.203125,0.1233203125,0.44921875
33.3,0.0146484375,33.203125,0.1233203125,-9.130859375
33.6,0.0146484375,33.203125,0.1233203125,12.353515625
33.9,0.0146484375,33.203125,0.1233203125,-0.0341796875
34.2,0.0244140625,33.203125,0.1233203125,0.087890625
34.5,0.01953125,33.203125,0.1233203125,0.2099609375
34.8,0.0146484375,33.203125,0.136650390625,4.169921875
35.1,0.01953125,33.203125,0.1233203125,-11.1767578125
35.4,0.0146484375,33.203125,0.136650390625,-12.4365234375
35.7,0.0146484375,33.203125,0.136650390625,-5.439453125
36.0,0.01953125,33.203125,0.109990234375,0.1513671875
36.3,0.01953125,33.203125,0.1233203125,-0.234375
36.6,0.0146484375,33.203125,0.109990234375,-2.255859375
36.9,0.0244140625,33.203125,0.109990234375,-6.611328125
37.2,0.01953125,33.203125,0.136650390625,12.2216796875
37.5,0.01953125,33.203125,0.109990234375,-0.05859375
37.8,0.01953125,32.2265625,0.109990234375,0.048828125
38.1,0.0146484375,32.2265625,0.136650390625,-0.2587890625
38.4,0.0146484375,33.203125,0.1233203125,7.7978515625
38.7,0.0146484375,33.203125,0.1233203125,10.615234375
39.0,0.0146484375,33.203125,0.109990234375,-12.548828125
39.3,0.0146484375,33.203125,0.109990234375,-3.046875
39.6,0.0146484375,33.203125,0.109990234375,0.1025390625
39.9,0.0146484375,33.203125,0.136650390625,-0.21484375
40.2,0.0146484375,33.203125,0.109990234375,-7.0361328125
40.5,0.01953125,33.203125,0.136650390625,12.265625
40.8,0.0146484375,33.203125,0.109990234375,-0.087890625
41.1,0.0146484375,33.203125,0.136650390625,-0.478515625
41.4,0.0146484375,33.203125,0.1233203125,-0.9912109375
41.7,0.01953125,33.203125,0.1233203125,-0.05859375
42.0,0.0146484375,33.203125,0.1233203125,0.17578125
42.3,0.01953125,33.203125,0.136650390625,4.794921875
42.6,0.01953125,33.203125,0.109990234375,0.703125
42.9,0.0146484375,33.203125,0.109990234375,-0.0634765625
43.2,0.01953125,33.203125,0.136650390625,-0.009765625
43.5,0.0146484375,33.203125,0.1233203125,0.15625
43.8,0.01953125,33.203125,0.1233203125,-0.78125
44.1,0.01953125,33.203125,0.136650390625,9.2236328125
44.4,0.01953125,33.203125,0.109990234375,-11.23046875
44.7,0.01953125,33.203125,0.1233203125,0.0439453125
45.0,0.0146484375,33.203125,0.136650390625,-0.0830078125
45.3,0.01953125,33.203125,0.136650390625,-1.4990234375
45.6,0.0146484375,33.203125,0.1233203125,10.13671875
45.9,0.01953125,33.203125,0.1233203125,12.2607421875
46.2,0.0146484375,33.203125,0.109990234375,-12.5537109375
46.5,0.0146484375,33.203125,0.1233203125,-0.048828125
46.8,0.0146484375,33.203125,0.1233203125,0.21484375
47.1,0.0244140625,33.203125,0.1233203125,5.9814453125
47.4,0.0146484375,33.203125,0.1233203125,-12.1630859375
47.7,0.0146484375,32.2265625,0.1233203125,0.15625
48.0,0.01953125,33.203125,0.1233203125,-0.1171875
48.3,0.0146484375,33.203125,0.1233203125,-1.1865234375
48.6,0.01953125,33.203125,0.109990234375,9.7314453125
48.9,0.01953125,33.203125,0.09666015625,-7.91015625
49.2,0.01953125,33.203125,0.109990234375,0.0390625
49.5,0.01953125,33.203125,0.136650390625,-0.25390625
49.8,0.0146484375,32.2265625,0.136650390625,4.74609375
50.1,0.01953125,32.2265625,0.14998046875,8.4423828125
50.4,0.0146484375,33.203125,0.1233203125,-12.4755859375
50.7,0.0146484375,33.203125,0.1233203125,0.107421875
51.0,0.01953125,33.203125,0.1233203125,-0.048828125
51.3,0.0146484375,33.203125,0.1233203125,-0.1318359375
51.6,0.01953125,33.203125,0.136650390625,1.4501953125
51.9,0.0146484375,33.203125,0.09666015625,-12.34375
52.2,0.0146484375,33.203125,0.1233203125,-0.0830078125
52.5,0.0146484375,33.203125,0.109990234375,0.1220703125
52.8,0.0146484375,33.203125,0.109990234375,0.1318359375
53.1,0.01953125,33.203125,0.136650390625,0.78125
53.4,0.01953125,33.203125,0.1233203125,-1.494140625
53.7,0.01953125,33.203125,0.1233203125,12.421875
54.0,0.01953125,33.203125,0.1233203125,-0.1220703125
54.3,0.01953125,33.203125,0.136650390625,0.1171875
54.6,0.01953125,33.203125,0.136650390625,2.6318359375
54.9,0.01953125,33.203125,0.136650390625,-10.5908203125
55.2,0.0244140625,33.203125,0.14998046875,12.5439453125
55.5,0.01953125,33.203125,0.1233203125,-0.0732421875
55.8,0.0244140625,33.203125,0.109990234375,0.0439453125
56.1,0.0146484375,33.203125,0.136650390625,3.9697265625
56.4,0.0146484375,33.203125,0.1233203125,-11.2890625
56.7,0.01953125,33.203125,0.1233203125,0.751953125
57.0,0.01953125,33.203125,0.14998046875,-0.15625
57.3,0.0146484375,33.203125,0.109990234375,-0.33203125
57.6,0.0146484375,33.203125,0.109990234375,5.37109375
57.9,0.0244140625,33.203125,0.109990234375,10.9423828125
58.2,0.01953125,33.203125,0.1233203125,-2.12890625
58.5,0.0146484375,32.2265625,0.07,0.1318359375
58.8,0.01953125,33.203125,0.136650390625,-0.2734375
59.1,0.01953125,33.203125,0.1233203125,-4.453125
59.4,0.0146484375,33.203125,0.136650390625,-10.5126953125
59.7,0.01953125,33.203125,0.136650390625,-12.32421875
60.0,0.0146484375,33.203125,0.109990234375,-6.103515625
60.3,0.0146484375,33.203125,0.1233203125,0.05859375
60.6,0.0146484375,33.203125,0.1233203125,-0.1171875
60.9,0.0146484375,33.203125,0.1233203125,-8.5302734375
61.2,0.01953125,33.203125,0.14998046875,12.3974609375
61.5,0.0146484375,33.203125,0.1233203125,-0.0927734375
61.8,0.01953125,33.203125,0.1233203125,0.078125
62.1,0.0146484375,33.203125,0.136650390625,0.4931640625
62.4,0.0146484375,33.203125,0.136650390625,5.0927734375
62.7,0.01953125,33.203125,0.1233203125,-11.689453125
63.0,0.01953125,33.203125,0.09666015625,-12.4853515625
63.3,0.0146484375,33.203125,0.1233203125,0.048828125
63.6,0.0244140625,33.203125,0.136650390625,-0.0439453125
63.9,0.01953125,33.203125,0.1233203125,-4.1455078125
64.2,0.0146484375,33.203125,0.136650390625,9.5458984375
64.5,0.01953125,33.203125,0.1233203125,-6.3134765625
64.8,0.0244140625,33.203125,0.1233203125,0.01953125
65.1,0.0146484375,33.203125,0.09666015625,-0.01953125
65.4,0.0146484375,33.203125,0.09666015625,-1.6748046875
65.7,0.01953125,32.2265625,0.136650390625,10.3564453125
66.0,0.01953125,33.203125,0.1233203125,-5.3955078125
66.3,0.01953125,33.203125,0.109990234375,0.087890625
66.6,0.0146484375,33.203125,0.09666015625,0.126953125
66.9,0.01953125,33.203125,0.1233203125,0.146484375
67.2,0.0146484375,33.203125,0.1233203125,-0.068359375
67.5,0.0146484375,33.203125,0.109990234375,-8.251953125
67.8,0.0146484375,33.203125,0.136650390625,-11.064453125
68.1,0.0244140625,33.203125,0.136650390625,1.6259765625
68.4,0.0146484375,33.203125,0.1233203125,0.05859375
68.7,0.0146484375,33.203125,0.09666015625,-0.05859375
69.0,0.0244140625,33.203125,0.14998046875,7.6904296875
69.3,0.01953125,33.203125,0.109990234375,-12.578125
69.6,0.0146484375,33.203125,0.1233203125,-3.5205078125
69.9,0.0244140625,33.203125,0.109990234375,0.0732421875
70.2,0.01953125,33.203125,0.109990234375,-0.087890625
70.5,0.0146484375,33.203125,0.136650390625,-0.6982421875
70.8,0.01953125,33.203125,0.1233203125,9.189453125
71.1,0.0146484375,33.203125,0.1233203125,-11.2451171875
71.4,0.0146484375,33.203125,0.109990234375,0.126953125
71.7,0.0244140625,33.203125,0.136650390625,-0.05859375
72.0,0.01953125,33.203125,0.1233203125,-5.3759765625
72.3,0.01953125,33.203125,0.1233203125,11.8310546875
72.6,0.01953125,33.203125,0.1233203125,-0.068359375
72.9,0.01953125,32.2265625,0.1233203125,0.0537109375
73.2,0.0146484375,33.203125,0.1233203125,0.4150390625
73.5,0.0146484375,33.203125,0.1233203125,-1.6259765625
73.8,0.0146484375,33.203125,0.109990234375,-9.4921875
74.1,0.0146484375,33.203125,0.136650390625,9.7021484375
74.4,0.0146484375,33.203125,0.136650390625,-0.1318359375
74.7,0.01953125,33.203125,0.1233203125,0.2099609375
75.0,0.0146484375,33.203125,0.136650390625,5.625
75.3,0.0146484375,33.203125,0.136650390625,0.556640625
75.6,0.0146484375,33.203125,0.1233203125,-0.0390625
75.9,0.0244140625,33.203125,0.1233203125,0.1953125
76.2,0.01953125,33.203125,0.1233203125,2.607421875
76.5,0.01953125,33.203125,0.136650390625,-10.5029296875
76.8,0.0244140625,33.203125,0.1233203125,4.5556640625
77.1,0.0146484375,33.203125,0.1233203125,-0.1123046875
77.4,0.0146484375,33.203125,0.1233203125,0.1318359375
77.7,0.01953125,33.203125,0.136650390625,6.9873046875
78.0,0.0146484375,33.203125,0.1233203125,-12.265625
78.3,0.01953125,32.2265625,0.1233203125,0.01953125
78.6,0.01953125,33.203125,0.136650390625,-0.078125
78.9,0.0146484375,33.203125,0.109990234375,-1.572265625
79.2,0.01953125,33.203125,0.1233203125,10.13671875
79.5,0.0146484375,33.203125,0.083330078125,-6.7919921875
79.8,0.0244140625,33.203125,0.109990234375,0.0830078125
80.1,0.01953125,33.203125,0.136650390625,-0.048828125
80.4,0.01953125,33.203125,0.1233203125,-6.4208984375
80.7,0.01953125,33.203125,0.136650390625,12.1044921875
81.0,0.0146484375,33.203125,0.136650390625,-0.029296875
81.3,0.01953125,33.203125,0.1233203125,0.0732421875
81.6,0.0146484375,33.203125,0.1233203125,1.259765625
81.9,0.0244140625,33.203125,0.136650390625,-9.8046875
82.2,0.0244140625,33.203125,0.136650390625,8.7646484375
82.5,0.0146484375,33.203125,0.136650390625,-0.0244140625
82.8,0.0244140625,33.203125,0.1233203125,0.1513671875
83.1,0.0146484375,33.203125,0.1233203125,6.0107421875
83.4,0.0146484375,33.203125,0.109990234375,-11.9482421875
83.7,0.01953125,33.203125,0.109990234375,0.01953125
84.0,0.0146484375,32.2265625,0.109990234375,-0.0634765625
84.3,0.0146484375,33.203125,0.109990234375,-0.8544921875
84.6,0.01953125,33.203125,0.1233203125,9.6240234375
84.9,0.0244140625,33.203125,0.109990234375,-6.240234375
85.2,0.01953125,33.203125,0.109990234375,0.1171875
85.5,0.01953125,33.203125,0.136650390625,0.0537109375
85.8,0.0146484375,33.203125,0.1233203125,-8.65234375
86.1,0.0244140625,33.203125,0.136650390625,12.3828125
86.4,0.01953125,33.203125,0.1233203125,-0.0634765625
86.7,0.01953125,33.203125,0.1233203125,0.0634765625
87.0,0.0146484375,33.203125,0.136650390625,-1.5283203125
87.3,0.0244140625,33.203125,0.09666015625,-0.2978515625
87.6,0.01953125,33.203125,0.136650390625,-0.0439453125
87.9,0.01953125,33.203125,0.1233203125,0.263671875
88.2,0.01953125,33.203125,0.136650390625,5.556640625
88.5,0.0146484375,33.203125,0.1233203125,-11.9140625
88.8,0.01953125,33.203125,0.1233203125,0.126953125
89.1,0.01953125,33.203125,0.1233203125,-0.0244140625
89.4,0.01953125,33.203125,0.109990234375,-1.1376953125
89.7,0.01953125,33.203125,0.109990234375,9.78515625
90.0,0.009765625,33.203125,0.1233203125,-8.056640625
90.3,0.0244140625,33.203125,0.09666015625,0.1611328125
90.6,0.01953125,33.203125,0.136650390625,2.28515625
90.9,0.01953125,33.203125,0.1233203125,11.9287109375
91.2,0.0146484375,33.203125,0.136650390625,-0.029296875
91.5,0.0146484375,33.203125,0.109990234375,-0.009765625
91.8,0.0146484375,33.203125,0.109990234375,-2.91015625
92.1,0.01953125,33.203125,0.09666015625,-1.3818359375
92.4,0.01953125,33.203125,0.136650390625,-0.0244140625
92.7,0.0244140625,33.203125,0.1233203125,1.279296875
93.0,0.01953125,33.203125,0.1233203125,-5.1416015625
93.3,0.0146484375,33.203125,0.136650390625,-0.1513671875
93.6,0.01953125,33.203125,0.09666015625,-2.7490234375
93.9,0.01953125,33.203125,0.1233203125,10.9716796875
94.2,0.0146484375,33.203125,0.1233203125,-1.4306640625
94.5,0.01953125,33.203125,0.136650390625,0.146484375
94.8,0.0146484375,33.203125,0.1233203125,2.5244140625
95.1,0.0146484375,33.203125,0.109990234375,-10.517578125
95.4,0.0244140625,33.203125,0.136650390625,3.427734375
95.7,0.01953125,33.203125,0.136650390625,-0.1513671875
96.0,0.0146484375,33.203125,0.1233203125,0.1318359375
96.3,0.01953125,33.203125,0.109990234375,0.1904296875
96.6,0.0244140625,33.203125,0.1233203125,0.048828125
96.9,0.0146484375,33.203125,0.1233203125,-1.11328125
97.2,0.01953125,33.203125,0.1233203125,0.009765625
97.5,0.01953125,33.203125,0.1233203125,1.50390625
97.8,0.01953125,33.203125,0.1233203125,-0.1513671875
98.1,0.01953125,33.203125,0.1233203125,-1.03515625
98.4,0.0146484375,33.203125,0.136650390625,0.3955078125
98.7,0.0146484375,33.203125,0.136650390625,-0.05859375
99.0,0.01953125,33.203125,0.1233203125,1.064453125
99.3,0.01953125,33.203125,0.136650390625,0.009765625
99.6,0.0146484375,33.203125,0.109990234375,-1.494140625
99.9,0.01953125,33.203125,0.136650390625,-0.0341796875
100.2,0.01953125,33.203125,0.136650390625,-0.0927734375
100.5,0.0146484375,33.203125,0.109990234375,-3.8037109375
100.8,0.0146484375,33.203125,0.109990234375,-3.994140625
101.1,0.0244140625,33.203125,0.109990234375,0.0439453125
101.4,0.01953125,33.203125,0.1233203125,-0.830078125
101.7,0.0244140625,33.203125,0.1233203125,-0.009765625
102.0,0.0146484375,33.203125,0.1233203125,-1.5087890625
102.3,0.0244140625,33.203125,0.109990234375,0.0390625
102.6,0.0244140625,33.203125,0.109990234375,0.4638671875
102.9,0.0146484375,32.2265625,0.136650390625,-0.4345703125
103.2,0.0244140625,33.203125,0.136650390625,-0.029296875
103.5,0.01953125,33.203125,0.109990234375,-1.0693359375
103.8,0.0146484375,33.203125,0.1233203125,0.01953125
104.1,0.0146484375,33.203125,0.109990234375,1.435546875
104.4,0.0244140625,33.203125,0.109990234375,0.0146484375
104.7,0.01953125,33.203125,0.1233203125,-1.11328125
105.0,0.0146484375,33.203125,0.1233203125,0.859375
105.3,0.01953125,33.203125,0.1233203125,0.0341796875
105.6,0.01953125,33.203125,0.109990234375,1.0986328125
105.9,0.01953125,33.203125,0.1233203125,0.0048828125
106.2,0.01953125,33.203125,0.109990234375,-1.4599609375
106.5,0.01953125,33.203125,0.09666015625,0.0048828125
106.8,0.01953125,33.203125,0.136650390625,0.0244140625
107.1,0.0146484375,33.203125,0.1233203125,-0.859375
107.4,0.01953125,33.203125,0.109990234375,-0.0146484375
107.7,0.0146484375,33.203125,0.136650390625,1.3232421875
108.0,0.0146484375,33.203125,0.1233203125,0.0146484375
108.3,0.01953125,33.203125,0.136650390625,-1.2060546875
108.6,0.0146484375,33.203125,0.109990234375,2.5146484375
108.9,0.01953125,33.203125,0.1233203125,-0.0146484375
109.2,0.01953125,33.203125,0.1233203125,0.9912109375
109.5,0.01953125,33.203125,0.136650390625,-0.087890625
109.8,0.0146484375,32.2265625,0.1233203125,-1.4208984375
110.1,0.0146484375,33.203125,0.1233203125,0.0146484375
110.4,0.0146484375,33.203125,0.109990234375,0.6396484375
110.7,0.0146484375,33.203125,0.136650390625,-0.8544921875
111.0,0.01953125,33.203125,0.109990234375,-0.0390625
111.3,0.01953125,33.203125,0.1233203125,-0.9521484375
111.6,0.01953125,32.2265625,0.136650390625,-0.009765625
111.9,0.0146484375,33.203125,0.1233203125,1.4599609375
112.2,0.01953125,33.203125,0.14998046875,-0.380859375
112.5,0.01953125,33.203125,0.1233203125,-1.07421875
112.8,0.0146484375,33.203125,0.1233203125,1.005859375
113.1,0.0244140625,33.203125,0.109990234375,0.0732421875
113.4,0.0146484375,33.203125,0.136650390625,-1.5234375
113.7,0.01953125,33.203125,0.163310546875,6.1962890625
114.0,0.0146484375,33.203125,0.1233203125,-0.1708984375
114.3,0.0244140625,33.203125,0.1233203125,0.849609375
114.6,0.01953125,33.203125,0.136650390625,0.0244140625
114.9,0.01953125,33.203125,0.136650390625,-1.376953125
115.2,0.01953125,33.203125,0.109990234375,0.05859375
115.5,0.0244140625,33.203125,0.136650390625,1.19140625
115.8,0.0146484375,33.203125,0.109990234375,-2.314453125
116.1,0.0146484375,32.2265625,0.09666015625,0.01953125
116.4,0.0244140625,33.203125,0.1233203125,-1.1083984375
116.7,0.01953125,33.203125,0.109990234375,-0.0146484375
117.0,0.01953125,33.203125,0.1233203125,1.6650390625
117.3,0.01953125,33.203125,0.09666015625,-0.5126953125
117.6,0.0146484375,32.2265625,0.1233203125,-0.8203125
117.9,0.0146484375,33.203125,0.109990234375,-0.3076171875
118.2,0.0146484375,33.203125,0.109990234375,-0.009765625
118.5,0.01953125,33.203125,0.109990234375,1.1328125
118.8,0.0146484375,33.203125,0.1233203125,-0.0390625
119.1,0.0146484375,33.203125,0.109990234375,-1.93359375
119.4,0.01953125,33.203125,0.109990234375,4.951171875
119.7,0.0146484375,33.203125,0.109990234375,-0.068359375
120.0,0.01953125,33.203125,0.109990234375,0.6005859375
120.3,0.01953125,33.203125,0.109990234375,0.0390625
120.6,0.0146484375,33.203125,0.136650390625,-1.26953125
120.9,0.0146484375,33.203125,0.09666015625,0.048828125
121.2,0.0244140625,33.203125,0.1233203125,2.099609375
121.5,0.01953125,33.203125,0.1233203125,-5.458984375
121.8,0.0146484375,33.203125,0.09666015625,0.0
122.1,0.0244140625,33.203125,0.109990234375,-0.8740234375
122.4,0.01953125,33.203125,0.109990234375,0.0048828125
122.7,0.01953125,33.203125,0.136650390625,-1.611328125
123.0,0.0146484375,32.2265625,0.09666015625,2.6708984375
123.3,0.0146484375,33.203125,0.136650390625,-0.01953125
123.6,0.0244140625,33.203125,0.136650390625,0.4833984375
123.9,0.0244140625,33.203125,0.1233203125,-0.05859375
124.2,0.01953125,33.203125,0.109990234375,-1.1962890625
124.5,0.01953125,33.203125,0.109990234375,0.0
124.8,0.0146484375,33.203125,0.1233203125,2.3583984375
125.1,0.01953125,32.2265625,0.1233203125,-6.09375
125.4,0.01953125,33.203125,0.09666015625,0.0439453125
125.7,0.01953125,33.203125,0.1233203125,1.357421875
126.0,0.0244140625,33.203125,0.1233203125,-0.0048828125
126.3,0.01953125,33.203125,0.1233203125,-1.4453125
126.6,0.01953125,33.203125,0.136650390625,4.3994140625
126.9,0.01953125,33.203125,0.14998046875,-0.0146484375
127.2,0.0146484375,33.203125,0.1233203125,0.9814453125
127.5,0.01953125,33.203125,0.1233203125,0.1318359375
127.8,0.0146484375,32.2265625,0.136650390625,-1.591796875
128.1,0.01953125,33.203125,0.109990234375,0.2734375
128.4,0.01953125,33.203125,0.1233203125,0.1220703125
128.7,0.0146484375,33.203125,0.1233203125,0.2978515625
129.0,0.0146484375,33.203125,0.136650390625,0.0634765625
129.3,0.01953125,33.203125,0.1233203125,-1.171875
129.6,0.0146484375,33.203125,0.136650390625,-0.0341796875
129.9,0.0146484375,33.203125,0.1233203125,2.36328125
130.2,0.01953125,33.203125,0.1233203125,-6.2548828125
130.5,0.01953125,33.203125,0.1233203125,0.0634765625
130.8,0.0146484375,33.203125,0.1233203125,-0.7861328125
131.1,0.01953125,33.203125,0.136650390625,0.0048828125
131.4,0.0146484375,33.203125,0.1233203125,1.4208984375
131.7,0.01953125,33.203125,0.163310546875,3.623046875
132.0,0.009765625,33.203125,0.14998046875,-0.1318359375
132.3,0.01953125,33.203125,0.1233203125,1.064453125
132.6,0.01953125,33.203125,0.136650390625,0.0048828125
132.9,0.0146484375,33.203125,0.1233203125,-1.6357421875
133.2,0.01953125,33.203125,0.136650390625,1.7578125
133.5,0.0146484375,33.203125,0.1233203125,0.0341796875
133.8,0.0146484375,33.203125,0.109990234375,0.4736328125
134.1,0.0244140625,33.203125,0.1233203125,-0.0146484375
134.4,0.0146484375,33.203125,0.1233203125,-1.30859375
134.7,0.01953125,33.203125,0.1233203125,-0.01953125
135.0,0.0146484375,33.203125,0.109990234375,1.943359375
135.3,0.0146484375,33.203125,0.1233203125,-4.560546875
135.6,0.01953125,33.203125,0.109990234375,0.0439453125
135.9,0.01953125,33.203125,0.1233203125,-0.91796875
136.2,0.01953125,33.203125,0.1233203125,-0.0048828125
136.5,0.0146484375,33.203125,0.109990234375,1.552734375
136.8,0.0146484375,33.203125,0.109990234375,-0.60546875
137.1,0.0146484375,33.203125,0.1233203125,-0.673828125
137.4,0.01953125,33.203125,0.1233203125,-0.341796875
137.7,0.01953125,33.203125,0.136650390625,0.087890625
138.0,0.0146484375,33.203125,0.109990234375,-1.318359375
138.3,0.0146484375,33.203125,0.1233203125,0.029296875
138.6,0.01953125,34.1796875,0.136650390625,1.4794921875
138.9,0.01953125,33.203125,0.09666015625,-2.724609375
139.2,0.0146484375,33.203125,0.136650390625,-0.009765625
139.5,0.0146484375,33.203125,0.1233203125,-1.0400390625
139.8,0.01953125,33.203125,0.109990234375,0.0048828125
140.1,0.01953125,33.203125,0.1233203125,1.6455078125
140.4,0.0146484375,33.203125,0.136650390625,-0.8251953125
140.7,0.0146484375,33.203125,0.1233203125,-0.8544921875
141.0,0.01953125,33.203125,0.136650390625,-0.44921875
141.3,0.0146484375,33.203125,0.136650390625,0.009765625
141.6,0.0146484375,33.203125,0.14998046875,1.318359375
141.9,0.01953125,33.203125,0.136650390625,0.01953125
142.2,0.01953125,33.203125,0.1233203125,-1.5673828125
142.5,0.0146484375,33.203125,0.136650390625,6.07421875
142.8,0.0244140625,33.203125,0.109990234375,-0.0634765625
143.1,0.0146484375,33.203125,0.136650390625,0.7373046875
143.4,0.0146484375,33.203125,0.14998046875,-0.0146484375
143.7,0.01953125,33.203125,0.136650390625,-1.376953125
144.0,0.01953125,33.203125,0.109990234375,-0.0048828125
144.3,0.01953125,33.203125,0.1233203125,1.2744140625
144.6,0.0244140625,33.203125,0.136650390625,-2.4755859375
144.9,0.0146484375,33.203125,0.1233203125,-0.0439453125
145.2,0.01953125,33.203125,0.136650390625,-0.986328125
145.5,0.0244140625,33.203125,0.1233203125,-0.009765625
145.8,0.01953125,33.203125,0.109990234375,1.62109375
146.1,0.0244140625,33.203125,0.136650390625,-0.361328125
146.4,0.0244140625,33.203125,0.136650390625,-0.8251953125
146.7,0.0146484375,33.203125,0.14998046875,-0.1708984375
147.0,0.01953125,33.203125,0.1233203125,-0.01953125
147.3,0.01953125,33.203125,0.136650390625,1.0498046875
147.6,0.01953125,33.203125,0.136650390625,-0.009765625
147.9,0.01953125,33.203125,0.14998046875,-1.71875
148.2,0.0146484375,33.203125,0.136650390625,5.478515625
148.5,0.0146484375,33.203125,0.109990234375,-0.0244140625
148.8,0.0146484375,33.203125,0.1233203125,0.673828125
149.1,0.0146484375,33.203125,0.1233203125,0.01953125
149.4,0.01953125,33.203125,0.1233203125,-1.3330078125
149.7,0.0146484375,33.203125,0.1233203125,0.087890625
150.0,0.0146484375,33.203125,0.109990234375,1.025390625
150.3,0.01953125,33.203125,0.109990234375,-1.1474609375
150.6,0.0146484375,33.203125,0.1233203125,0.01953125
150.9,0.0146484375,32.2265625,0.1233203125,-1.09375
151.2,0.01953125,33.203125,0.1233203125,0.0
151.5,0.0146484375,33.203125,0.136650390625,2.021484375
151.8,0.0146484375,33.203125,0.136650390625,-4.8974609375
152.1,0.0146484375,33.203125,0.136650390625,-0.01953125
152.4,0.0146484375,33.203125,0.109990234375,-0.5419921875
152.7,0.0146484375,33.203125,0.1233203125,0.01953125
153.0,0.0146484375,33.203125,0.109990234375,1.455078125
153.3,0.0146484375,33.203125,0.1233203125,0.0146484375
153.6,0.01953125,33.203125,0.136650390625,-1.2158203125
153.9,0.01953125,33.203125,0.1233203125,0.2001953125
154.2,0.01953125,33.203125,0.136650390625,0.009765625
154.5,0.01953125,33.203125,0.1233203125,1.1767578125
154.8,0.0146484375,33.203125,0.136650390625,0.0341796875
155.1,0.01953125,33.203125,0.1233203125,-1.6748046875
155.4,0.01953125,33.203125,0.1233203125,6.11328125
155.7,0.01953125,33.203125,0.109990234375,-0.0341796875
156.0,0.0244140625,33.203125,0.109990234375,0.849609375
156.3,0.01953125,33.203125,0.109990234375,0.048828125
156.6,0.01953125,33.203125,0.109990234375,-1.66015625
156.9,0.0244140625,33.203125,0.1233203125,0.166015625
157.2,0.0146484375,33.203125,0.1233203125,-0.0390625
157.5,0.0146484375,33.203125,0.1233203125,0.91796875
157.8,0.0146484375,33.203125,0.14998046875,0.0244140625
158.1,0.0244140625,33.203125,0.1233203125,-1.58203125
158.4,0.0146484375,33.203125,0.136650390625,0.7275390625
158.7,0.01953125,33.203125,0.136650390625,0.0390625
159.0,0.0244140625,33.203125,0.136650390625,0.439453125
159.3,0.0244140625,33.203125,0.09666015625,0.029296875
159.6,0.01953125,33.203125,0.14998046875,-1.34765625
159.9,0.01953125,33.203125,0.1233203125,0.087890625
160.2,0.01953125,33.203125,0.1233203125,1.7041015625
160.5,0.01953125,33.203125,0.1233203125,-3.154296875
160.8,0.0146484375,33.203125,0.1233203125,0.0048828125
161.1,0.01953125,33.203125,0.1233203125,-1.03515625
161.4,0.0146484375,33.203125,0.109990234375,0.0244140625
161.7,0.01953125,33.203125,0.1233203125,1.875
162.0,0.0146484375,33.203125,0.136650390625,-3.544921875
162.3,0.0146484375,33.203125,0.109990234375,-0.2490234375
162.6,0.0146484375,33.203125,0.109990234375,-0.5322265625
162.9,0.01953125,33.203125,0.1233203125,0.068359375
163.2,0.01953125,33.203125,0.1233203125,1.4111328125
163.5,0.0146484375,33.203125,0.1233203125,0.009765625
163.8,0.0244140625,33.203125,0.136650390625,-0.087890625
164.1,0.0146484375,33.203125,0.1233203125,1.4501953125
164.4,0.0146484375,33.203125,0.1233203125,0.0244140625
164.7,0.0146484375,33.203125,0.109990234375,-1.0546875
165.0,0.01953125,33.203125,0.1233203125,0.1123046875
165.3,0.01953125,33.203125,0.136650390625,0.0244140625
165.6,0.0146484375,33.203125,0.136650390625,-1.6162109375
165.9,0.01953125,33.203125,0.1233203125,0.5517578125
166.2,0.01953125,33.203125,0.1233203125,0.126953125
166.5,0.0146484375,33.203125,0.109990234375,0.3271484375
166.8,0.0244140625,33.203125,0.1233203125,0.05859375
167.1,0.01953125,33.203125,0.109990234375,-1.240234375
167.4,0.01953125,33.203125,0.109990234375,-0.009765625
167.7,0.0244140625,33.203125,0.1233203125,2.5341796875
168.0,0.0244140625,33.203125,0.136650390625,-6.171875
168.3,0.0146484375,33.203125,0.1233203125,-0.0048828125
168.6,0.0244140625,33.203125,0.1233203125,-0.7666015625
168.9,0.0146484375,33.203125,0.136650390625,0.0244140625
169.2,0.0244140625,33.203125,0.109990234375,-1.2939453125
169.5,0.0146484375,33.203125,0.1233203125,4.7314453125
169.8,0.01953125,33.203125,0.14998046875,-0.0244140625
170.1,0.0244140625,34.1796875,0.1233203125,2.255859375
170.4,0.01953125,33.203125,0.1233203125,-5.95703125
170.7,0.01953125,32.2265625,0.1233203125,0.0732421875
171.0,0.0146484375,33.203125,0.109990234375,-0.888671875
171.3,0.0146484375,33.203125,0.1233203125,0.0341796875
171.6,0.0146484375,33.203125,0.1233203125,1.4990234375
171.9,0.0146484375,33.203125,0.136650390625,-0.0634765625
172.2,0.0146484375,32.2265625,0.1233203125,-1.1376953125
172.5,0.01953125,33.203125,0.1233203125,-0.2001953125
172.8,0.0146484375,33.203125,0.136650390625,0.0390625
173.1,0.01953125,33.203125,0.1233203125,1.15234375
173.4,0.01953125,33.203125,0.1233203125,0.0732421875
173.7,0.01953125,33.203125,0.136650390625,-1.7431640625
174.0,0.0244140625,32.2265625,0.1233203125,5.72265625
174.3,0.01953125,33.203125,0.1233203125,-0.13671875
174.6,0.01953125,33.203125,0.1233203125,0.6982421875
174.9,0.0146484375,33.203125,0.109990234375,0.0341796875
175.2,0.0146484375,33.203125,0.1233203125,-1.455078125
175.5,0.0244140625,33.203125,0.1233203125,0.0439453125
175.8,0.0244140625,33.203125,0.136650390625,0.146484375
176.1,0.0146484375,33.203125,0.1233203125,-0.8544921875
176.4,0.0146484375,33.203125,0.109990234375,0.0
176.7,0.0146484375,33.203125,0.109990234375,1.5185546875
177.0,0.0146484375,33.203125,0.1233203125,0.0390625
177.3,0.01953125,33.203125,0.109990234375,-0.9521484375
177.6,0.01953125,33.203125,0.14998046875,-0.2001953125
177.9,0.01953125,33.203125,0.1233203125,-0.107421875
178.2,0.01953125,33.203125,0.1233203125,1.123046875
178.5,0.01953125,33.203125,0.1233203125,0.0146484375
178.8,0.01953125,33.203125,0.1233203125,-1.8798828125
179.1,0.01953125,33.203125,0.109990234375,5.6982421875
179.4,0.01953125,33.203125,0.09666015625,0.068359375
179.7,0.0244140625,33.203125,0.109990234375,-1.279296875
180.0,0.01953125,34.1796875,0.1233203125,0.0439453125
180.3,0.01953125,33.203125,0.109990234375,2.4072265625
180.6,0.0146484375,33.203125,0.109990234375,-6.34765625
180.9,0.0146484375,33.203125,0.136650390625,0.0927734375
181.2,0.0146484375,33.203125,0.136650390625,-1.1669921875
181.5,0.01953125,32.2265625,0.109990234375,0.01953125
181.8,0.0146484375,33.203125,0.1233203125,2.3876953125
182.1,0.0146484375,33.203125,0.09666015625,-5.7275390625
182.4,0.0146484375,33.203125,0.136650390625,0.1416015625
182.7,0.0146484375,33.203125,0.1233203125,-0.625
183.0,0.0146484375,33.203125,0.1233203125,-0.009765625
183.3,0.0244140625,33.203125,0.1233203125,1.3623046875
183.6,0.0146484375,33.203125,0.136650390625,-0.048828125
183.9,0.01953125,33.203125,0.136650390625,-1.3232421875
184.2,0.0244140625,33.203125,0.136650390625,4.599609375
184.5,0.0146484375,33.203125,0.136650390625,-0.048828125
184.8,0.01953125,34.1796875,0.109990234375,0.8447265625
185.1,0.0244140625,33.203125,0.1233203125,-0.0244140625
185.4,0.0146484375,33.203125,0.1233203125,-1.5625
185.7,0.0146484375,33.203125,0.109990234375,0.0341796875
186.0,0.0146484375,33.203125,0.1233203125,0.0537109375
186.3,0.01953125,33.203125,0.136650390625,-0.95703125
186.6,0.01953125,33.203125,0.109990234375,0.0
