0.0,0.0244140625,40.0390625,3.44250976562
0.3,0.01953125,38.0859375,3.44250976562
0.6,0.0244140625,24.4140625,3.44250976562
0.9,0.01953125,29.296875,3.44250976562
1.2,0.0244140625,17.578125,3.44250976562
1.5,0.01953125,19.53125,3.45583984375
1.8,0.0244140625,28.3203125,3.44250976562
2.1,0.0244140625,18.5546875,3.4291796875
2.4,0.0244140625,18.5546875,3.44250976562
2.7,0.01953125,27.34375,3.44250976562
3.0,0.01953125,25.390625,3.44250976562
3.3,0.0244140625,39.0625,3.4291796875
3.6,0.0244140625,37.109375,3.4291796875
3.9,0.01953125,24.4140625,3.44250976562
4.2,0.0244140625,31.25,3.4291796875
4.5,0.0244140625,21.484375,3.45583984375
4.8,0.01953125,20.5078125,3.44250976562
5.1,0.0244140625,27.34375,3.41584960937
5.4,0.01953125,17.578125,3.4291796875
5.7,0.0244140625,17.578125,3.4291796875
6.0,0.01953125,27.34375,3.44250976562
6.3,0.01953125,25.390625,3.4291796875
6.6,0.0244140625,39.0625,3.44250976562
6.9,0.0146484375,36.1328125,3.44250976562
7.2,0.0244140625,24.4140625,3.44250976562
7.5,0.01953125,32.2265625,3.4291796875
7.8,0.0244140625,23.4375,3.44250976562
8.1,0.0146484375,20.5078125,3.44250976562
8.4,0.0146484375,27.34375,3.40251953125
8.7,0.01953125,16.6015625,3.44250976562
9.0,0.01953125,17.578125,3.4291796875
9.3,0.0244140625,28.3203125,3.44250976562
9.6,0.0244140625,25.390625,3.45583984375
9.9,0.0244140625,39.0625,3.4291796875
10.2,0.0244140625,36.1328125,3.44250976562
10.5,0.0244140625,25.390625,3.4291796875
10.8,0.01953125,32.2265625,3.41584960937
11.1,0.01953125,25.390625,3.4291796875
11.4,0.0244140625,21.484375,3.44250976562
11.7,0.0244140625,28.3203125,3.44250976562
12.0,0.01953125,15.625,3.4291796875
12.3,0.01953125,15.625,3.4291796875
12.6,0.01953125,29.296875,3.4291796875
12.9,0.0244140625,25.390625,3.4291796875
13.2,0.01953125,38.0859375,3.44250976562
13.5,0.01953125,34.1796875,3.44250976562
13.8,0.01953125,25.390625,3.4291796875
14.1,0.0244140625,34.1796875,3.4291796875
14.4,0.01953125,29.296875,3.4291796875
14.7,0.01953125,23.4375,3.4291796875
15.0,0.0244140625,28.3203125,3.41584960937
15.3,0.0244140625,15.625,3.4291796875
15.6,0.0244140625,13.671875,3.4291796875
15.9,0.0244140625,29.296875,3.4291796875
16.2,0.0244140625,24.4140625,3.4291796875
16.5,0.0244140625,36.1328125,3.4291796875
16.8,0.0146484375,32.2265625,3.4291796875
17.1,0.01953125,25.390625,3.4291796875
17.4,0.01953125,35.15625,3.4291796875
17.7,0.01953125,33.203125,3.41584960937
18.0,0.0244140625,24.4140625,3.4291796875
18.3,0.01953125,27.34375,3.4291796875
18.6,0.0244140625,14.6484375,3.41584960937
18.9,0.01953125,12.6953125,3.4291796875
19.2,0.0244140625,29.296875,3.41584960937
19.5,0.0244140625,23.4375,3.4291796875
19.8,0.01953125,33.203125,3.4291796875
20.1,0.01953125,32.2265625,3.4291796875
20.4,0.0244140625,25.390625,3.41584960937
20.7,0.01953125,36.1328125,3.4291796875
21.0,0.0244140625,34.1796875,3.4291796875
21.3,0.0244140625,25.390625,3.4291796875
21.6,0.0244140625,28.3203125,3.41584960937
21.9,0.0244140625,15.625,3.41584960937
22.2,0.0244140625,13.671875,3.41584960937
22.5,0.01953125,29.296875,3.41584960937
22.8,0.0244140625,22.4609375,3.41584960937
23.1,0.0244140625,29.296875,3.41584960937
23.4,0.0244140625,31.25,3.40251953125
23.7,0.0244140625,26.3671875,3.4291796875
24.0,0.01953125,14.6484375,3.4291796875
24.3,0.01953125,13.671875,3.4291796875
24.6,0.0244140625,29.296875,3.41584960937
24.9,0.01953125,23.4375,3.41584960937
25.2,0.0244140625,32.2265625,3.4291796875
25.5,0.0146484375,32.2265625,3.41584960937
25.8,0.0146484375,25.390625,3.40251953125
26.1,0.0244140625,38.0859375,3.41584960937
26.4,0.0146484375,35.15625,3.41584960937
26.7,0.0244140625,23.4375,3.41584960937
27.0,0.01953125,29.296875,3.40251953125
27.3,0.0244140625,15.625,3.41584960937
27.6,0.01953125,15.625,3.4291796875
27.9,0.01953125,28.3203125,3.40251953125
28.2,0.01953125,20.5078125,3.4291796875
28.5,0.0244140625,23.4375,3.41584960937
28.8,0.0244140625,29.296875,3.40251953125
29.1,0.0244140625,25.390625,3.41584960937
29.4,0.01953125,40.0390625,3.41584960937
29.7,0.01953125,38.0859375,3.41584960937
30.0,0.0146484375,25.390625,3.41584960937
30.3,0.0146484375,30.2734375,3.41584960937
30.6,0.01953125,19.53125,3.40251953125
30.9,0.0244140625,19.53125,3.38918945312
31.2,0.0244140625,28.3203125,3.38918945312
31.5,0.01953125,18.5546875,3.40251953125
31.8,0.0244140625,17.578125,3.41584960937
32.1,0.0244140625,28.3203125,3.41584960937
32.4,0.01953125,25.390625,3.40251953125
32.7,0.0244140625,39.0625,3.41584960937
33.0,0.0244140625,36.1328125,3.40251953125
33.3,0.01953125,25.390625,3.41584960937
33.6,0.0244140625,33.203125,3.40251953125
33.9,0.01953125,27.34375,3.40251953125
34.2,0.01953125,22.4609375,3.40251953125
34.5,0.029296875,28.3203125,3.4291796875
34.8,0.01953125,15.625,3.38918945312
35.1,0.01953125,13.671875,3.40251953125
35.4,0.0244140625,29.296875,3.40251953125
35.7,0.0244140625,23.4375,3.40251953125
36.0,0.01953125,33.203125,3.40251953125
36.3,0.0244140625,32.2265625,3.41584960937
36.6,0.0244140625,26.3671875,3.41584960937
36.9,0.01953125,37.109375,3.41584960937
37.2,0.0244140625,36.1328125,3.38918945312
37.5,0.01953125,25.390625,3.40251953125
37.8,0.0244140625,29.296875,3.41584960937
38.1,0.01953125,15.625,3.41584960937
38.4,0.0244140625,18.5546875,3.41584960937
38.7,0.0146484375,28.3203125,3.40251953125
39.0,0.01953125,19.53125,3.40251953125
39.3,0.0244140625,19.53125,3.38918945312
39.6,0.0244140625,28.3203125,3.40251953125
39.9,0.0244140625,24.4140625,3.40251953125
40.2,0.01953125,38.0859375,3.41584960937
40.5,0.0244140625,35.15625,3.41584960937
40.8,0.01953125,25.390625,3.38918945312
41.1,0.0244140625,34.1796875,3.38918945312
41.4,0.0244140625,31.25,3.40251953125
41.7,0.01953125,25.390625,3.40251953125
42.0,0.01953125,28.3203125,3.40251953125
42.3,0.0244140625,15.625,3.40251953125
42.6,0.0244140625,14.6484375,3.41584960937
42.9,0.0146484375,27.34375,3.38918945312
43.2,0.01953125,20.5078125,3.38918945312
43.5,0.0244140625,23.4375,3.40251953125
43.8,0.01953125,29.296875,3.40251953125
44.1,0.01953125,25.390625,3.40251953125
44.4,0.0244140625,39.0625,3.40251953125
44.7,0.01953125,36.1328125,3.40251953125
45.0,0.01953125,25.390625,3.38918945312
45.3,0.01953125,33.203125,3.38918945312
45.6,0.0244140625,29.296875,3.38918945312
45.9,0.0244140625,24.4140625,3.38918945312
46.2,0.0244140625,28.3203125,3.38918945312
46.5,0.0244140625,15.625,3.36252929688
46.8,0.0244140625,13.671875,3.38918945312
47.1,0.01953125,29.296875,3.38918945312
47.4,0.0244140625,22.4609375,3.40251953125
47.7,0.01953125,26.3671875,3.375859375
48.0,0.0244140625,30.2734375,3.38918945312
48.3,0.01953125,25.390625,3.38918945312
48.6,0.01953125,40.0390625,3.38918945312
48.9,0.01953125,38.0859375,3.38918945312
49.2,0.0244140625,23.4375,3.38918945312
49.5,0.0244140625,31.25,3.375859375
49.8,0.0244140625,22.4609375,3.38918945312
50.1,0.0244140625,21.484375,3.36252929688
50.4,0.01953125,27.34375,3.38918945312
50.7,0.0244140625,15.625,3.38918945312
51.0,0.0244140625,13.671875,3.375859375
51.3,0.0244140625,28.3203125,3.38918945312
51.6,0.0244140625,23.4375,3.38918945312
51.9,0.01953125,35.15625,3.375859375
52.2,0.01953125,32.2265625,3.38918945312
52.5,0.01953125,26.3671875,3.36252929688
52.8,0.0146484375,37.109375,3.38918945312
53.1,0.01953125,35.15625,3.375859375
53.4,0.0244140625,24.4140625,3.38918945312
53.7,0.0244140625,29.296875,3.38918945312
54.0,0.0244140625,15.625,3.38918945312
54.3,0.0244140625,16.6015625,3.375859375
54.6,0.0244140625,28.3203125,3.38918945312
54.9,0.0244140625,20.5078125,3.375859375
55.2,0.0244140625,22.4609375,3.38918945312
55.5,0.0244140625,29.296875,3.375859375
55.8,0.01953125,25.390625,3.375859375
56.1,0.0244140625,41.015625,3.38918945312
56.4,0.0244140625,38.0859375,3.375859375
56.7,0.029296875,23.4375,3.38918945312
57.0,0.0244140625,31.25,3.38918945312
57.3,0.0244140625,20.5078125,3.38918945312
57.6,0.0244140625,20.5078125,3.36252929688
57.9,0.01953125,28.3203125,3.40251953125
58.2,0.01953125,17.578125,3.38918945312
58.5,0.0146484375,16.6015625,3.375859375
58.8,0.01953125,29.296875,3.375859375
59.1,0.0244140625,25.390625,3.375859375
59.4,0.01953125,39.0625,3.36252929688
59.7,0.0244140625,35.15625,3.375859375
60.0,0.01953125,25.390625,3.375859375
60.3,0.01953125,33.203125,3.375859375
60.6,0.01953125,28.3203125,3.375859375
60.9,0.01953125,22.4609375,3.38918945312
61.2,0.0244140625,28.3203125,3.38918945312
61.5,0.01953125,15.625,3.36252929688
61.8,0.0244140625,15.625,3.375859375
62.1,0.0244140625,28.3203125,3.375859375
62.4,0.01953125,25.390625,3.375859375
62.7,0.01953125,38.0859375,3.375859375
63.0,0.0244140625,35.15625,3.375859375
63.3,0.01953125,25.390625,3.375859375
63.6,0.0244140625,34.1796875,3.38918945312
63.9,0.01953125,28.3203125,3.375859375
64.2,0.01953125,22.4609375,3.375859375
64.5,0.01953125,27.34375,3.38918945312
64.8,0.0244140625,40.0390625,3.38918945312
65.1,0.0244140625,38.0859375,3.36252929688
65.4,0.01953125,24.4140625,3.375859375
65.7,0.0244140625,30.2734375,3.375859375
66.0,0.0244140625,18.5546875,3.38918945312
66.3,0.0244140625,19.53125,3.375859375
66.6,0.0244140625,28.3203125,3.375859375
66.9,0.0244140625,19.53125,3.36252929688
67.2,0.0244140625,21.484375,3.375859375
67.5,0.01953125,29.296875,3.375859375
67.8,0.0244140625,25.390625,3.375859375
68.1,0.009765625,14.6484375,3.38918945312
68.4,0.01953125,13.671875,3.375859375
68.7,0.0244140625,30.2734375,3.375859375
69.0,0.0244140625,23.4375,3.375859375
69.3,0.0244140625,33.203125,3.36252929688
69.6,0.01953125,33.203125,3.375859375
69.9,0.0244140625,26.3671875,3.375859375
70.2,0.0244140625,36.1328125,3.36252929688
70.5,0.0244140625,32.2265625,3.36252929688
70.8,0.0244140625,24.4140625,3.375859375
71.1,0.0244140625,28.3203125,3.36252929688
71.4,0.01953125,39.0625,3.38918945312
71.7,0.0244140625,38.0859375,3.375859375
72.0,0.0244140625,24.4140625,3.36252929688
72.3,0.0244140625,30.2734375,3.375859375
72.6,0.01953125,19.53125,3.34919921875
72.9,0.0244140625,19.53125,3.375859375
73.2,0.0244140625,28.3203125,3.36252929688
73.5,0.0244140625,19.53125,3.34919921875
73.8,0.0244140625,22.4609375,3.36252929688
74.1,0.01953125,29.296875,3.36252929688
74.4,0.01953125,25.390625,3.375859375
74.7,0.0244140625,15.625,3.36252929688
75.0,0.0244140625,13.671875,3.36252929688
75.3,0.01953125,29.296875,3.36252929688
75.6,0.0244140625,23.4375,3.375859375
75.9,0.01953125,35.15625,3.34919921875
76.2,0.0244140625,33.203125,3.33586914062
76.5,0.01953125,26.3671875,0.536552734375
76.8,0.01953125,35.15625,0.083330078125
77.1,0.01953125,30.2734375,0.07
77.4,0.0244140625,22.4609375,0.07
77.7,0.0146484375,27.34375,0.083330078125
78.0,0.0244140625,15.625,0.07
78.3,0.01953125,15.625,0.07
78.6,0.0244140625,28.3203125,0.083330078125
78.9,0.0244140625,25.390625,0.083330078125
79.2,0.0244140625,39.0625,0.07
79.5,0.01953125,35.15625,0.083330078125
79.8,0.01953125,25.390625,0.07
80.1,0.0244140625,32.2265625,0.07
80.4,0.0146484375,22.4609375,0.083330078125
80.7,0.0244140625,21.484375,0.07
81.0,0.0244140625,27.34375,0.07
81.3,0.0244140625,39.0625,0.07
81.6,0.0244140625,37.109375,0.083330078125
81.9,0.0146484375,24.4140625,0.07
82.2,0.0244140625,29.296875,0.07
82.5,0.0146484375,14.6484375,0.07
82.8,0.0244140625,13.671875,0.083330078125
83.1,0.01953125,28.3203125,0.07
83.4,0.0244140625,22.4609375,0.07
83.7,0.01953125,31.25,0.07
84.0,0.0244140625,32.2265625,0.07
84.3,0.01953125,26.3671875,0.056669921875
84.6,0.0244140625,15.625,0.07
84.9,0.0244140625,14.6484375,0.083330078125
85.2,0.0244140625,28.3203125,0.07
85.5,0.01953125,24.4140625,0.04333984375
85.8,0.0244140625,38.0859375,0.09666015625
86.1,0.029296875,35.15625,0.083330078125
86.4,0.0244140625,24.4140625,0.07
86.7,0.0244140625,33.203125,0.056669921875
87.0,0.0244140625,24.4140625,0.07
87.3,0.01953125,21.484375,0.07
87.6,0.01953125,27.34375,0.083330078125
87.9,0.0244140625,16.6015625,0.07
88.2,0.0244140625,15.625,0.07
88.5,0.01953125,28.3203125,0.07
88.8,0.01953125,24.4140625,0.056669921875
89.1,0.01953125,39.0625,0.07
89.4,0.01953125,35.15625,0.07
89.7,0.0146484375,24.4140625,0.07
90.0,0.0244140625,32.2265625,0.07
90.3,0.01953125,23.4375,0.07
90.6,0.0244140625,21.484375,0.07
90.9,0.0244140625,27.34375,0.083330078125
91.2,0.0244140625,39.0625,0.07
91.5,0.0244140625,37.109375,0.07
91.8,0.0244140625,24.4140625,0.07
92.1,0.01953125,28.3203125,0.07
92.4,0.0244140625,15.625,0.07
92.7,0.01953125,14.6484375,0.083330078125
93.0,0.01953125,28.3203125,0.083330078125
93.3,0.0244140625,22.4609375,0.07
93.6,0.0244140625,30.2734375,0.07
93.9,0.0244140625,31.25,0.07
94.2,0.0244140625,25.390625,0.056669921875
94.5,0.01953125,36.1328125,0.07
94.8,0.0244140625,33.203125,0.083330078125
95.1,0.0244140625,23.4375,0.07
95.4,0.01953125,27.34375,0.07
0.0,0.0146484375,37.109375,0.07
0.3,0.01953125,23.4375,0.07
0.6,0.0244140625,27.34375,0.083330078125
0.9,0.0244140625,14.6484375,0.04333984375
1.2,0.01953125,13.671875,0.07
1.5,0.029296875,28.3203125,0.07
1.8,0.0244140625,22.4609375,0.07
2.1,0.01953125,34.1796875,0.083330078125
2.4,0.01953125,33.203125,0.07
2.7,0.01953125,25.390625,0.07
3.0,0.0244140625,33.203125,0.07
3.3,0.0244140625,27.34375,0.07
3.6,0.01953125,21.484375,0.056669921875
3.9,0.01953125,27.34375,0.056669921875
4.2,0.01953125,16.6015625,0.07
4.5,0.01953125,17.578125,0.07
4.8,0.0244140625,28.3203125,0.07
5.1,0.0244140625,25.390625,0.07
5.4,0.0146484375,39.0625,0.04333984375
5.7,0.01953125,38.0859375,0.07
6.0,0.0146484375,23.4375,0.07
6.3,0.0244140625,28.3203125,0.07
6.6,0.0244140625,15.625,0.07
6.9,0.01953125,14.6484375,0.07
7.2,0.0244140625,27.34375,0.07
7.5,0.0244140625,21.484375,0.07
7.8,0.01953125,30.2734375,0.056669921875
8.1,0.0244140625,31.25,0.083330078125
8.4,0.01953125,25.390625,0.083330078125
8.7,0.0244140625,35.15625,0.083330078125
9.0,0.0244140625,31.25,0.07
9.3,0.0244140625,23.4375,0.07
9.6,0.0244140625,27.34375,0.07
9.9,0.0244140625,14.6484375,0.083330078125
10.2,0.01953125,14.6484375,0.056669921875
10.5,0.01953125,27.34375,0.07
10.8,0.0244140625,24.4140625,0.083330078125
11.1,0.0146484375,39.0625,0.056669921875
11.4,0.0244140625,35.15625,0.083330078125
11.7,0.01953125,23.4375,0.07
12.0,0.0146484375,31.25,0.07
12.3,0.01953125,20.5078125,0.07
12.6,0.0244140625,19.53125,0.07
12.9,0.0244140625,27.34375,0.07
13.2,0.0244140625,18.5546875,0.07
13.5,0.0244140625,20.5078125,0.07
13.8,0.0244140625,29.296875,0.07
14.1,0.0244140625,25.390625,0.083330078125
14.4,0.01953125,39.0625,0.07
14.7,0.0244140625,37.109375,0.07
15.0,0.01953125,23.4375,0.07
15.3,0.0244140625,23.4375,0.07
15.6,0.0244140625,36.1328125,0.07
15.9,0.01953125,33.203125,0.07
16.2,0.01953125,24.4140625,0.07
16.5,0.0244140625,33.203125,0.083330078125
16.8,0.0244140625,26.3671875,0.07
17.1,0.01953125,21.484375,0.07
17.4,0.01953125,27.34375,0.09666015625
17.7,0.01953125,16.6015625,0.07
18.0,0.0244140625,16.6015625,0.07
18.3,0.0244140625,28.3203125,0.07
18.6,0.0244140625,24.4140625,0.07
18.9,0.0244140625,38.0859375,0.056669921875
19.2,0.0244140625,36.1328125,0.07
19.5,0.0244140625,23.4375,0.07
19.8,0.01953125,30.2734375,0.07
20.1,0.0244140625,18.5546875,0.07
20.4,0.0244140625,18.5546875,0.09666015625
20.7,0.01953125,27.34375,0.07
21.0,0.01953125,18.5546875,0.07
21.3,0.0146484375,20.5078125,0.07
21.6,0.0244140625,29.296875,0.07
21.9,0.0244140625,24.4140625,0.07
22.2,0.01953125,40.0390625,0.083330078125
22.5,0.01953125,38.0859375,0.07
22.8,0.01953125,23.4375,0.07
23.1,0.01953125,29.296875,0.07
23.4,0.0244140625,15.625,0.083330078125
23.7,0.01953125,17.578125,0.056669921875
24.0,0.0244140625,27.34375,0.07
24.3,0.0244140625,18.5546875,0.07
24.6,0.01953125,21.484375,0.07
24.9,0.0146484375,29.296875,0.07
25.2,0.0244140625,25.390625,0.07
25.5,0.0244140625,39.0625,0.083330078125
25.8,0.0244140625,37.109375,0.07
26.1,0.01953125,24.4140625,0.07
26.4,0.01953125,29.296875,0.056669921875
26.7,0.01953125,16.6015625,0.07
27.0,0.01953125,17.578125,0.07
27.3,0.029296875,27.34375,0.07
27.6,0.0244140625,18.5546875,0.07
27.9,0.0244140625,20.5078125,0.07
28.2,0.0244140625,29.296875,0.07
28.5,0.01953125,24.4140625,0.07
28.8,0.0146484375,39.0625,0.083330078125
29.1,0.01953125,37.109375,0.07
29.4,0.0244140625,23.4375,0.083330078125
29.7,0.0244140625,29.296875,0.07
30.0,0.01953125,16.6015625,0.083330078125
30.3,0.0244140625,18.5546875,0.07
30.6,0.0244140625,27.34375,0.083330078125
30.9,0.01953125,17.578125,0.07
31.2,0.0244140625,19.53125,0.07
31.5,0.01953125,29.296875,0.083330078125
