0.0,0.01953125,33.203125,-0.22326171875,-0.078125
0.3,0.0244140625,34.1796875,0.083330078125,1.4794921875
0.6,0.0244140625,33.203125,0.163310546875,0.0048828125
0.9,0.01953125,33.203125,0.109990234375,0.068359375
1.2,0.01953125,33.203125,0.296611328125,0.8837890625
1.5,0.01953125,33.203125,0.09666015625,0.0634765625
1.8,0.0244140625,33.203125,0.0166796875,-1.2255859375
2.1,0.01953125,33.203125,0.07,0.0
2.4,0.029296875,33.203125,0.163310546875,1.9970703125
2.7,0.0244140625,33.203125,0.030009765625,-1.3134765625
3.0,0.01953125,33.203125,-0.14328125,-0.0048828125
3.3,0.01953125,33.203125,0.216630859375,-0.87890625
3.6,0.0244140625,33.203125,0.0166796875,0.0244140625
3.9,0.01953125,33.203125,0.30994140625,1.6015625
4.2,0.0146484375,33.203125,0.136650390625,-0.0048828125
4.5,0.0244140625,33.203125,0.243291015625,-1.0302734375
4.8,0.01953125,33.203125,0.083330078125,-0.1708984375
5.1,0.01953125,33.203125,-0.06330078125,0.078125
5.4,0.0244140625,33.203125,0.136650390625,-1.0400390625
5.7,0.0244140625,33.203125,0.136650390625,-0.05859375
6.0,0.01953125,33.203125,-0.023310546875,1.6064453125
6.3,0.01953125,33.203125,0.216630859375,0.556640625
6.6,0.0244140625,33.203125,0.136650390625,-0.76171875
6.9,0.01953125,33.203125,0.1233203125,0.37109375
7.2,0.01953125,33.203125,0.07,-0.0537109375
7.5,0.0244140625,33.203125,0.136650390625,-0.849609375
7.8,0.01953125,33.203125,0.1233203125,-0.0341796875
8.1,0.0244140625,33.203125,0.14998046875,-0.8837890625
8.4,0.0244140625,33.203125,0.14998046875,0.2099609375
8.7,0.01953125,33.203125,0.269951171875,0.0146484375
9.0,0.01953125,33.203125,0.04333984375,6.201171875
9.3,0.01953125,33.203125,0.07,1.015625
9.6,0.0244140625,33.203125,0.2299609375,-0.7373046875
9.9,0.0146484375,33.203125,0.09666015625,0.3759765625
10.2,0.01953125,33.203125,0.1233203125,0.0244140625
10.5,0.0146484375,33.203125,0.109990234375,1.826171875
10.8,0.01953125,33.203125,0.030009765625,3.0224609375
11.1,0.01953125,33.203125,0.003349609375,-0.341796875
11.4,0.0146484375,33.203125,0.07,0.615234375
11.7,0.0244140625,33.203125,0.176640625,-0.0732421875
12.0,0.0244140625,33.203125,0.136650390625,-1.4013671875
12.3,0.0244140625,33.203125,0.1233203125,-0.0244140625
12.6,0.0146484375,33.203125,0.109990234375,2.0068359375
12.9,0.0244140625,33.203125,0.25662109375,4.6533203125
13.2,0.0244140625,33.203125,-0.023310546875,0.1220703125
13.5,0.01953125,33.203125,0.296611328125,1.03515625
13.8,0.01953125,32.2265625,0.1233203125,0.13671875
14.1,0.0244140625,33.203125,0.20330078125,-1.552734375
14.4,0.0146484375,33.203125,0.14998046875,-0.4638671875
14.7,0.01953125,33.203125,0.136650390625,0.1513671875
15.0,0.01953125,33.203125,0.07,-0.2734375
15.3,0.01953125,33.203125,0.1233203125,0.087890625
15.6,0.0244140625,33.203125,0.04333984375,1.2646484375
15.9,0.0244140625,33.203125,0.030009765625,-0.048828125
16.2,0.01953125,33.203125,0.14998046875,-1.46484375
16.5,0.0244140625,33.203125,0.09666015625,-5.99609375
16.8,0.0244140625,33.203125,0.109990234375,-0.0048828125
17.1,0.0244140625,33.203125,0.109990234375,-1.1181640625
17.4,0.01953125,33.203125,0.1233203125,3.33984375
17.7,0.0146484375,33.203125,0.056669921875,-0.2001953125
18.0,0.0244140625,33.203125,0.14998046875,0.673828125
18.3,0.01953125,33.203125,0.216630859375,0.0634765625
18.6,0.01953125,33.203125,0.09666015625,-1.3232421875
18.9,0.01953125,33.203125,0.296611328125,0.0341796875
19.2,0.0244140625,33.203125,0.1233203125,1.0498046875
19.5,0.01953125,33.203125,0.189970703125,0.5517578125
19.8,0.0244140625,33.203125,0.09666015625,0.0
20.1,0.01953125,33.203125,0.176640625,1.103515625
20.4,0.01953125,33.203125,0.030009765625,-0.029296875
20.7,0.01953125,33.203125,0.136650390625,-0.1318359375
21.0,0.0146484375,32.2265625,0.28328125,-0.44921875
21.3,0.0244140625,33.203125,0.0166796875,0.0048828125
21.6,0.01953125,33.203125,0.09666015625,-1.0693359375
21.9,0.029296875,33.203125,0.056669921875,-0.1513671875
22.2,0.01953125,33.203125,0.176640625,0.0732421875
22.5,0.0244140625,33.203125,0.20330078125,-1.142578125
22.8,0.01953125,33.203125,0.030009765625,-0.048828125
23.1,0.01953125,33.203125,0.109990234375,2.3193359375
23.4,0.01953125,33.203125,0.09666015625,5.888671875
23.7,0.01953125,33.203125,0.28328125,0.107421875
24.0,0.0244140625,33.203125,0.07,0.8056640625
24.3,0.01953125,33.203125,0.163310546875,-0.0146484375
24.6,0.0146484375,33.203125,0.14998046875,-1.4013671875
24.9,0.01953125,32.2265625,0.07,-0.1708984375
25.2,0.01953125,33.203125,0.030009765625,0.224609375
25.5,0.0244140625,33.203125,0.030009765625,-0.224609375
25.8,0.0146484375,33.203125,0.07,-0.0341796875
26.1,0.01953125,33.203125,0.07,1.2646484375
26.4,0.01953125,33.203125,0.083330078125,-0.0048828125
26.7,0.0244140625,33.203125,0.07,-1.806640625
27.0,0.0244140625,33.203125,0.136650390625,-6.240234375
27.3,0.01953125,33.203125,0.1233203125,-0.107421875
27.6,0.01953125,33.203125,0.3366015625,-0.888671875
27.9,0.0244140625,33.203125,0.176640625,-0.0048828125
28.2,0.01953125,33.203125,0.04333984375,-1.62109375
28.5,0.0244140625,33.203125,-0.0899609375,-3.1689453125
28.8,0.01953125,32.2265625,0.083330078125,-0.029296875
29.1,0.0244140625,33.203125,0.136650390625,-0.5712890625
29.4,0.0244140625,33.203125,0.1233203125,-0.0634765625
29.7,0.01953125,33.203125,0.04333984375,1.4404296875
30.0,0.01953125,33.203125,-0.036640625,0.05859375
30.3,0.0146484375,32.2265625,0.109990234375,-1.77734375
30.6,0.01953125,33.203125,0.07,-5.8935546875
30.9,0.01953125,33.203125,0.25662109375,0.1806640625
31.2,0.01953125,33.203125,0.20330078125,-1.923828125
31.5,0.01953125,33.203125,0.136650390625,-5.1513671875
31.8,0.0244140625,33.203125,0.28328125,-0.107421875
32.1,0.01953125,33.203125,0.07,-0.6591796875
32.4,0.0244140625,33.203125,0.163310546875,-0.0390625
32.7,0.01953125,33.203125,0.0166796875,1.1572265625
33.0,0.0146484375,33.203125,0.136650390625,-0.009765625
33.3,0.0244140625,33.203125,0.07,-1.572265625
33.6,0.01953125,33.203125,0.09666015625,-6.337890625
33.9,0.01953125,33.203125,0.056669921875,-0.15625
34.2,0.01953125,33.203125,0.243291015625,-0.7275390625
34.5,0.0146484375,33.203125,0.083330078125,0.0390625
34.8,0.01953125,33.203125,-0.076630859375,1.279296875
35.1,0.01953125,33.203125,-0.00998046875,2.5634765625
35.4,0.0146484375,33.203125,0.243291015625,-0.3173828125
35.7,0.0244140625,33.203125,0.1233203125,0.8447265625
36.0,0.0146484375,33.203125,0.09666015625,-0.068359375
36.3,0.01953125,33.203125,0.20330078125,-1.630859375
36.6,0.01953125,33.203125,0.109990234375,0.0927734375
36.9,0.0244140625,33.203125,0.20330078125,0.6005859375
37.2,0.01953125,33.203125,-0.023310546875,-0.76171875
37.5,0.0244140625,33.203125,0.189970703125,0.05859375
37.8,0.0244140625,33.203125,-0.036640625,1.865234375
38.1,0.0244140625,33.203125,0.07,5.0634765625
38.4,0.0244140625,33.203125,-0.023310546875,0.068359375
38.7,0.01953125,33.203125,-0.076630859375,0.888671875
39.0,0.0244140625,33.203125,0.3366015625,-0.0732421875
39.3,0.0244140625,33.203125,0.216630859375,-1.46484375
39.6,0.01953125,33.203125,0.163310546875,-0.09765625
39.9,0.0244140625,33.203125,0.189970703125,0.771484375
40.2,0.0244140625,33.203125,0.189970703125,11.4111328125
40.5,0.01953125,33.203125,0.296611328125,0.2099609375
40.8,0.01953125,32.2265625,0.14998046875,-1.5576171875
41.1,0.0244140625,33.203125,0.136650390625,-0.0732421875
41.4,0.0244140625,33.203125,0.09666015625,0.8984375
41.7,0.01953125,33.203125,0.189970703125,1.5478515625
42.0,0.01953125,33.203125,0.109990234375,0.0048828125
42.3,0.01953125,33.203125,0.09666015625,-1.064453125
42.6,0.029296875,33.203125,0.083330078125,-0.0244140625
42.9,0.0146484375,33.203125,0.20330078125,2.0947265625
43.2,0.0244140625,33.203125,0.20330078125,-0.634765625
43.5,0.01953125,33.203125,0.216630859375,0.126953125
43.8,0.0146484375,33.203125,0.30994140625,1.2158203125
44.1,0.0146484375,33.203125,0.136650390625,-0.05859375
44.4,0.01953125,33.203125,0.14998046875,0.1171875
44.7,0.01953125,33.203125,0.136650390625,-0.341796875
45.0,0.01953125,33.203125,0.030009765625,0.0537109375
45.3,0.0244140625,33.203125,0.1233203125,-1.3623046875
45.6,0.0244140625,33.203125,0.269951171875,0.0732421875
45.9,0.01953125,33.203125,0.09666015625,2.2509765625
46.2,0.0244140625,33.203125,0.14998046875,6.2158203125
46.5,0.01953125,33.203125,0.216630859375,-0.0146484375
46.8,0.01953125,33.203125,0.243291015625,5.0390625
47.1,0.01953125,33.203125,0.04333984375,4.169921875
47.4,0.01953125,33.203125,0.14998046875,-0.1806640625
47.7,0.01953125,33.203125,0.0166796875,0.6982421875
48.0,0.01953125,33.203125,0.20330078125,0.01953125
48.3,0.0146484375,33.203125,0.176640625,-1.2451171875
48.6,0.01953125,33.203125,0.109990234375,0.01953125
48.9,0.0146484375,33.203125,-0.00998046875,2.3193359375
49.2,0.0244140625,33.203125,0.30994140625,6.1083984375
49.5,0.01953125,33.203125,-0.00998046875,-0.009765625
49.8,0.01953125,33.203125,0.189970703125,1.0009765625
50.1,0.01953125,33.203125,0.189970703125,0.0390625
50.4,0.01953125,33.203125,0.056669921875,-1.26953125
50.7,0.01953125,33.203125,0.083330078125,-3.7890625
51.0,0.01953125,33.203125,0.189970703125,0.0048828125
51.3,0.01953125,33.203125,-0.0899609375,-0.9326171875
51.6,0.0244140625,33.203125,0.20330078125,0.05859375
51.9,0.01953125,33.203125,0.0166796875,1.416015625
52.2,0.0244140625,33.203125,0.189970703125,0.0
52.5,0.0244140625,33.203125,0.1233203125,-0.17578125
52.8,0.01953125,33.203125,0.349931640625,-0.91796875
53.1,0.0244140625,33.203125,0.09666015625,-0.0244140625
53.4,0.0146484375,33.203125,-0.076630859375,1.3720703125
53.7,0.01953125,33.203125,-0.00998046875,-0.01953125
54.0,0.0244140625,33.203125,0.109990234375,-1.1376953125
54.3,0.01953125,33.203125,0.0166796875,-1.0302734375
54.6,0.01953125,33.203125,0.323271484375,0.0390625
54.9,0.01953125,33.203125,0.189970703125,-0.8935546875
55.2,0.0244140625,33.203125,0.07,-0.05859375
55.5,0.01953125,33.203125,0.243291015625,1.640625
55.8,0.01953125,33.203125,0.323271484375,5.8984375
56.1,0.01953125,33.203125,0.07,-0.1513671875
56.4,0.0244140625,33.203125,0.25662109375,0.9130859375
56.7,0.01953125,33.203125,0.109990234375,0.009765625
57.0,0.01953125,32.2265625,0.056669921875,-1.669921875
57.3,0.0146484375,33.203125,0.216630859375,-5.09765625
57.6,0.0146484375,33.203125,-0.00998046875,-0.224609375
57.9,0.0244140625,33.203125,0.189970703125,-0.5810546875
58.2,0.01953125,32.2265625,0.243291015625,0.068359375
58.5,0.0244140625,33.203125,0.109990234375,-1.4501953125
58.8,0.01953125,33.203125,-0.036640625,-0.009765625
59.1,0.01953125,33.203125,0.163310546875,0.029296875
59.4,0.0146484375,33.203125,0.07,0.751953125
59.7,0.01953125,33.203125,0.189970703125,0.029296875
60.0,0.0244140625,33.203125,0.0166796875,-1.4013671875
60.3,0.0146484375,32.2265625,0.136650390625,0.048828125
60.6,0.01953125,33.203125,-0.11662109375,-0.947265625
60.9,0.0244140625,33.203125,-0.00998046875,-0.3515625
61.2,0.01953125,33.203125,0.09666015625,0.0390625
61.5,0.01953125,33.203125,-0.00998046875,1.0888671875
61.8,0.01953125,33.203125,0.14998046875,0.0146484375
62.1,0.0244140625,33.203125,0.176640625,-1.8212890625
62.4,0.0244140625,33.203125,0.083330078125,-4.6630859375
62.7,0.01953125,32.2265625,0.030009765625,0.25390625
63.0,0.0244140625,32.2265625,0.189970703125,1.123046875
63.3,0.0244140625,33.203125,0.09666015625,-0.3076171875
63.6,0.0146484375,33.203125,0.083330078125,0.2001953125
63.9,0.01953125,33.203125,0.109990234375,-0.009765625
64.2,0.029296875,33.203125,0.14998046875,0.048828125
64.5,0.01953125,33.203125,0.243291015625,0.966796875
64.8,0.0146484375,33.203125,0.0166796875,-0.0341796875
65.1,0.0244140625,33.203125,0.056669921875,-1.42578125
65.4,0.01953125,33.203125,0.0166796875,-1.11328125
65.7,0.01953125,33.203125,0.163310546875,-0.0048828125
66.0,0.01953125,33.203125,0.003349609375,-0.2978515625
66.3,0.0244140625,33.203125,0.14998046875,-0.13671875
66.6,0.0244140625,33.203125,0.163310546875,1.181640625
66.9,0.01953125,33.203125,0.056669921875,-0.0146484375
67.2,0.01953125,33.203125,0.269951171875,-1.89453125
67.5,0.0244140625,33.203125,0.25662109375,-3.4130859375
67.8,0.01953125,33.203125,0.056669921875,-0.05859375
68.1,0.0244140625,33.203125,0.189970703125,-0.5078125
68.4,0.0146484375,33.203125,-0.036640625,-0.0341796875
68.7,0.01953125,33.203125,0.269951171875,-5.7763671875
69.0,0.029296875,32.2265625,0.323271484375,5.83984375
69.3,0.0244140625,33.203125,0.09666015625,-0.0537109375
69.6,0.01953125,33.203125,0.003349609375,-1.1474609375
69.9,0.0244140625,33.203125,0.083330078125,0.0048828125
70.2,0.01953125,33.203125,0.296611328125,0.8056640625
70.5,0.01953125,33.203125,0.296611328125,2.0361328125
70.8,0.029296875,33.203125,0.20330078125,-0.0732421875
71.1,0.01953125,33.203125,0.176640625,0.859375
71.4,0.01953125,33.203125,0.1233203125,0.2197265625
71.7,0.01953125,33.203125,0.109990234375,-1.3525390625
72.0,0.01953125,33.203125,0.109990234375,-0.0830078125
72.3,0.029296875,33.203125,0.14998046875,0.6103515625
72.6,0.0244140625,33.203125,0.14998046875,1.2548828125
72.9,0.0244140625,33.203125,0.09666015625,0.1025390625
73.2,0.01953125,33.203125,0.07,0.8740234375
73.5,0.0146484375,33.203125,0.09666015625,0.048828125
73.8,0.0146484375,33.203125,0.20330078125,-1.4111328125
74.1,0.0244140625,33.203125,0.1233203125,12.51953125
74.4,0.0244140625,33.203125,0.163310546875,-0.009765625
74.7,0.0244140625,33.203125,-0.023310546875,1.201171875
75.0,0.01953125,33.203125,0.09666015625,-0.0634765625
75.3,0.01953125,33.203125,-0.00998046875,0.166015625
75.6,0.0146484375,33.203125,0.136650390625,-0.52734375
75.9,0.01953125,33.203125,0.056669921875,-0.0439453125
76.2,0.01953125,33.203125,0.136650390625,1.1328125
76.5,0.01953125,33.203125,0.163310546875,0.0048828125
76.8,0.01953125,33.203125,-0.036640625,-1.669921875
77.1,0.0244140625,33.203125,0.14998046875,-4.3310546875
77.4,0.01953125,33.203125,0.136650390625,0.0341796875
77.7,0.0244140625,33.203125,0.14998046875,0.9375
78.0,0.0244140625,33.203125,0.07,0.166015625
78.3,0.0244140625,33.203125,0.030009765625,0.029296875
78.6,0.01953125,33.203125,0.109990234375,-0.8837890625
78.9,0.0244140625,33.203125,-0.023310546875,0.09765625
79.2,0.01953125,33.203125,0.09666015625,-1.7529296875
79.5,0.01953125,33.203125,0.04333984375,-6.1669921875
79.8,0.01953125,33.203125,0.163310546875,-0.146484375
80.1,0.0244140625,33.203125,-0.0899609375,-0.8251953125
80.4,0.029296875,32.2265625,0.189970703125,-0.0244140625
80.7,0.0244140625,33.203125,0.136650390625,1.3671875
81.0,0.0244140625,33.203125,0.163310546875,-0.1123046875
81.3,0.029296875,33.203125,0.20330078125,-1.50390625
81.6,0.01953125,33.203125,0.25662109375,-5.810546875
81.9,0.0244140625,33.203125,-0.036640625,-0.0244140625
82.2,0.01953125,33.203125,-0.00998046875,1.240234375
82.5,0.01953125,33.203125,0.25662109375,0.048828125
82.8,0.01953125,33.203125,0.176640625,-1.5283203125
83.1,0.01953125,33.203125,0.083330078125,-5.4443359375
83.4,0.0244140625,33.203125,0.04333984375,-0.0830078125
83.7,0.01953125,33.203125,-0.129951171875,-0.5615234375
84.0,0.029296875,33.203125,0.056669921875,0.048828125
84.3,0.01953125,33.203125,0.136650390625,1.0986328125
84.6,0.0244140625,33.203125,0.216630859375,-0.17578125
84.9,0.0244140625,33.203125,0.136650390625,-1.728515625
85.2,0.0146484375,33.203125,0.04333984375,-1.6064453125
85.5,0.0146484375,33.203125,0.09666015625,-0.1416015625
85.8,0.0146484375,33.203125,0.07,0.595703125
86.1,0.0146484375,33.203125,0.14998046875,0.1953125
86.4,0.01953125,33.203125,0.056669921875,1.796875
86.7,0.0146484375,33.203125,0.243291015625,-2.6708984375
87.0,0.01953125,33.203125,0.083330078125,-0.0537109375
87.3,0.0244140625,33.203125,0.07,-0.78125
87.6,0.01953125,33.203125,0.083330078125,0.0927734375
87.9,0.0146484375,33.203125,0.056669921875,1.89453125
88.2,0.01953125,33.203125,0.189970703125,6.03515625
88.5,0.01953125,33.203125,0.003349609375,-0.029296875
88.8,0.0146484375,33.203125,0.0166796875,-0.6396484375
89.1,0.0244140625,33.203125,0.136650390625,-0.0537109375
89.4,0.01953125,33.203125,0.109990234375,1.19140625
89.7,0.01953125,32.2265625,0.176640625,-0.0634765625
90.0,0.0244140625,33.203125,0.243291015625,2.421875
90.3,0.0146484375,33.203125,0.176640625,5.6298828125
90.6,0.01953125,33.203125,0.163310546875,-0.21484375
90.9,0.029296875,33.203125,0.323271484375,0.6689453125
91.2,0.01953125,33.203125,0.09666015625,0.0341796875
91.5,0.01953125,33.203125,0.216630859375,1.162109375
91.8,0.0244140625,33.203125,0.189970703125,-0.0927734375
92.1,0.0244140625,33.203125,0.14998046875,-1.71875
92.4,0.0244140625,33.203125,0.14998046875,-5.7470703125
92.7,0.01953125,33.203125,0.056669921875,-0.2587890625
93.0,0.01953125,32.2265625,0.083330078125,-0.80078125
93.3,0.01953125,33.203125,0.2299609375,0.0927734375
93.6,0.01953125,34.1796875,0.2299609375,1.3623046875
93.9,0.0244140625,33.203125,0.003349609375,0.029296875
94.2,0.0244140625,33.203125,0.36326171875,-1.62109375
94.5,0.01953125,33.203125,0.04333984375,-0.3515625
94.8,0.01953125,33.203125,0.1233203125,0.400390625
95.1,0.0244140625,33.203125,0.056669921875,11.62109375
95.4,0.0244140625,33.203125,-0.0899609375,-0.166015625
95.7,0.0244140625,33.203125,-0.023310546875,-1.1376953125
96.0,0.01953125,33.203125,0.136650390625,0.0341796875
96.3,0.01953125,33.203125,0.030009765625,2.2314453125
96.6,0.0244140625,33.203125,0.189970703125,3.7841796875
96.9,0.0244140625,33.203125,0.189970703125,-0.6005859375
97.2,0.01953125,33.203125,0.2299609375,0.166015625
97.5,0.01953125,33.203125,0.109990234375,-0.0244140625
97.8,0.0244140625,33.203125,0.003349609375,-0.8984375
98.1,0.01953125,33.203125,0.14998046875,0.068359375
98.4,0.009765625,33.203125,0.003349609375,1.5478515625
98.7,0.0244140625,33.203125,0.136650390625,-0.009765625
99.0,0.01953125,33.203125,0.04333984375,-1.4892578125
99.3,0.0244140625,33.203125,0.09666015625,-6.2353515625
99.6,0.01953125,33.203125,0.003349609375,-0.17578125
99.9,0.01953125,33.203125,0.109990234375,-0.517578125
100.2,0.01953125,33.203125,0.25662109375,0.087890625
100.5,0.0146484375,33.203125,0.056669921875,-1.279296875
100.8,0.01953125,33.203125,0.20330078125,0.0341796875
101.1,0.01953125,33.203125,0.20330078125,2.01171875
101.4,0.0244140625,33.203125,0.09666015625,1.38671875
101.7,0.0244140625,33.203125,0.176640625,-0.7763671875
102.0,0.009765625,33.203125,0.003349609375,-0.5810546875
102.3,0.029296875,33.203125,0.056669921875,-0.0830078125
102.6,0.0244140625,33.203125,0.14998046875,-0.7568359375
102.9,0.0146484375,33.203125,0.109990234375,0.029296875
103.2,0.01953125,34.1796875,0.1233203125,1.0546875
103.5,0.01953125,33.203125,0.243291015625,0.0732421875
103.8,0.01953125,33.203125,0.269951171875,-1.6845703125
104.1,0.0244140625,33.203125,0.269951171875,-1.0107421875
104.4,0.01953125,33.203125,0.163310546875,0.537109375
104.7,0.01953125,33.203125,0.1233203125,2.4951171875
105.0,0.0244140625,33.203125,0.09666015625,0.087890625
105.3,0.0244140625,32.2265625,0.1233203125,10.341796875
105.6,0.0244140625,33.203125,0.14998046875,-0.009765625
105.9,0.0146484375,33.203125,0.136650390625,-1.23046875
106.2,0.01953125,33.203125,-0.00998046875,-0.0146484375
106.5,0.029296875,33.203125,0.36326171875,2.3388671875
106.8,0.0244140625,33.203125,0.09666015625,1.9189453125
107.1,0.0244140625,33.203125,0.163310546875,-0.087890625
107.4,0.01953125,33.203125,0.189970703125,0.7666015625
107.7,0.0146484375,33.203125,0.189970703125,0.0439453125
108.0,0.0146484375,33.203125,0.189970703125,-0.9375
108.3,0.0244140625,33.203125,-0.00998046875,0.009765625
108.6,0.01953125,33.203125,-0.06330078125,1.4794921875
108.9,0.0244140625,33.203125,0.109990234375,3.53515625
109.2,0.01953125,33.203125,0.14998046875,-0.0390625
109.5,0.0244140625,33.203125,0.030009765625,-0.576171875
109.8,0.029296875,32.2265625,0.20330078125,-0.0341796875
110.1,0.01953125,33.203125,0.28328125,0.9130859375
110.4,0.0244140625,33.203125,0.20330078125,0.0146484375
110.7,0.0244140625,33.203125,0.056669921875,-1.3330078125
111.0,0.01953125,33.203125,0.04333984375,0.05859375
111.3,0.029296875,33.203125,0.163310546875,1.81640625
111.6,0.01953125,33.203125,0.1233203125,0.05859375
111.9,0.01953125,33.203125,-0.049970703125,-1.171875
112.2,0.0146484375,33.203125,0.216630859375,-12.216796875
112.5,0.01953125,33.203125,0.083330078125,-0.009765625
112.8,0.0244140625,33.203125,0.163310546875,0.9814453125
113.1,0.01953125,33.203125,0.20330078125,0.0537109375
113.4,0.0146484375,33.203125,0.083330078125,-1.30859375
113.7,0.01953125,32.2265625,0.14998046875,0.01953125
114.0,0.01953125,33.203125,0.0166796875,2.275390625
114.3,0.0244140625,33.203125,0.0166796875,1.7138671875
114.6,0.0244140625,33.203125,-0.00998046875,-0.8447265625
114.9,0.01953125,33.203125,0.1233203125,-2.67578125
115.2,0.01953125,33.203125,0.243291015625,0.0341796875
115.5,0.01953125,33.203125,0.030009765625,1.123046875
115.8,0.01953125,33.203125,0.09666015625,0.0390625
116.1,0.0244140625,33.203125,0.04333984375,-1.4013671875
116.4,0.0244140625,33.203125,0.109990234375,-0.0048828125
116.7,0.01953125,33.203125,0.36326171875,2.2509765625
117.0,0.0244140625,33.203125,-0.023310546875,5.6640625
117.3,0.0244140625,33.203125,0.07,-0.419921875
117.6,0.01953125,33.203125,0.083330078125,0.8642578125
117.9,0.01953125,33.203125,0.003349609375,-0.009765625
118.2,0.0244140625,33.203125,0.056669921875,1.357421875
118.5,0.01953125,33.203125,0.07,0.0048828125
118.8,0.01953125,33.203125,0.1233203125,-1.5869140625
119.1,0.01953125,33.203125,0.189970703125,-0.224609375
119.4,0.0244140625,33.203125,0.136650390625,0.615234375
119.7,0.0244140625,33.203125,0.189970703125,4.5947265625
120.0,0.029296875,33.203125,0.003349609375,-0.05859375
120.3,0.0244140625,34.1796875,0.030009765625,0.947265625
120.6,0.01953125,33.203125,0.1233203125,0.029296875
120.9,0.01953125,33.203125,0.04333984375,-1.4111328125
121.2,0.0146484375,33.203125,0.25662109375,0.0390625
121.5,0.01953125,33.203125,0.003349609375,2.392578125
121.8,0.01953125,32.2265625,0.136650390625,2.138671875
122.1,0.01953125,33.203125,0.176640625,-0.927734375
122.4,0.01953125,33.203125,0.163310546875,-1.2646484375
122.7,0.0244140625,33.203125,0.243291015625,0.009765625
123.0,0.01953125,33.203125,0.07,-7.9052734375
123.3,0.01953125,33.203125,0.163310546875,7.412109375
123.6,0.0244140625,33.203125,0.25662109375,0.068359375
123.9,0.01953125,33.203125,0.09666015625,1.259765625
124.2,0.0244140625,34.1796875,0.056669921875,0.0634765625
124.5,0.0244140625,33.203125,0.14998046875,-1.38671875
124.8,0.01953125,33.203125,0.296611328125,5.263671875
125.1,0.0244140625,33.203125,0.109990234375,0.0390625
125.4,0.01953125,33.203125,0.030009765625,0.9619140625
125.7,0.01953125,32.2265625,0.14998046875,0.0244140625
126.0,0.0244140625,32.2265625,0.030009765625,-1.4013671875
126.3,0.0244140625,32.2265625,0.1233203125,-0.048828125
126.6,0.01953125,33.203125,0.07,2.2900390625
126.9,0.0146484375,33.203125,0.136650390625,4.013671875
127.2,0.0244140625,33.203125,0.296611328125,-0.68359375
127.5,0.01953125,33.203125,0.189970703125,-0.361328125
127.8,0.0244140625,33.203125,0.176640625,-0.1513671875
128.1,0.0244140625,33.203125,0.176640625,-0.849609375
128.4,0.01953125,33.203125,0.189970703125,-0.0146484375
128.7,0.0244140625,33.203125,0.136650390625,1.2060546875
129.0,0.0244140625,33.203125,0.20330078125,-0.0341796875
129.3,0.01953125,33.203125,0.176640625,-1.572265625
129.6,0.01953125,33.203125,0.269951171875,-0.0048828125
129.9,0.0244140625,33.203125,0.2299609375,0.986328125
130.2,0.01953125,33.203125,0.216630859375,4.9658203125
130.5,0.0244140625,33.203125,0.003349609375,0.0341796875
130.8,0.0244140625,33.203125,0.3366015625,0.5810546875
131.1,0.01953125,33.203125,0.176640625,0.0537109375
131.4,0.01953125,33.203125,0.07,-1.015625
131.7,0.01953125,33.203125,0.3366015625,-0.048828125
132.0,0.0244140625,33.203125,0.14998046875,-0.2685546875
132.3,0.0244140625,33.203125,0.04333984375,0.3173828125
132.6,0.0244140625,33.203125,0.2299609375,-0.0244140625
132.9,0.01953125,33.203125,0.20330078125,-6.7333984375
133.2,0.0244140625,33.203125,0.04333984375,-5.625
133.5,0.0244140625,33.203125,0.09666015625,0.0048828125
133.8,0.0244140625,33.203125,-0.036640625,-0.13671875
134.1,0.0146484375,33.203125,0.216630859375,0.0390625
134.4,0.0146484375,33.203125,0.109990234375,0.908203125
134.7,0.01953125,33.203125,0.136650390625,-0.009765625
135.0,0.0244140625,33.203125,0.2299609375,-1.3671875
135.3,0.0146484375,33.203125,0.243291015625,-0.05859375
135.6,0.0244140625,33.203125,0.1233203125,2.197265625
135.9,0.01953125,33.203125,0.056669921875,0.9228515625
136.2,0.01953125,33.203125,0.1233203125,-0.9130859375
136.5,0.01953125,33.203125,0.0166796875,-0.8447265625
136.8,0.0244140625,33.203125,0.1233203125,-0.0048828125
137.1,0.01953125,33.203125,0.056669921875,1.2060546875
137.4,0.0244140625,33.203125,0.04333984375,0.029296875
137.7,0.01953125,33.203125,0.07,-1.34765625
138.0,0.01953125,33.203125,0.09666015625,-0.0537109375
138.3,0.0244140625,33.203125,0.1233203125,1.357421875
138.6,0.0244140625,33.203125,0.243291015625,6.0009765625
138.9,0.0244140625,33.203125,0.163310546875,0.0439453125
139.2,0.0244140625,33.203125,0.216630859375,0.4736328125
139.5,0.01953125,33.203125,0.003349609375,-0.0146484375
139.8,0.01953125,33.203125,0.2299609375,-0.9912109375
140.1,0.029296875,33.203125,0.109990234375,-0.05859375
140.4,0.01953125,33.203125,0.163310546875,1.650390625
140.7,0.0244140625,33.203125,0.176640625,-0.01953125
141.0,0.0244140625,33.203125,0.189970703125,-1.5283203125
141.3,0.0244140625,33.203125,0.2299609375,-5.439453125
141.6,0.0146484375,33.203125,-0.023310546875,-0.0634765625
141.9,0.01953125,33.203125,0.003349609375,-0.283203125
142.2,0.029296875,33.203125,0.083330078125,-0.009765625
142.5,0.0244140625,33.203125,0.28328125,0.888671875
142.8,0.01953125,33.203125,0.0166796875,-0.0048828125
143.1,0.0146484375,33.203125,0.243291015625,-1.2890625
143.4,0.01953125,33.203125,0.07,0.0439453125
143.7,0.01953125,33.203125,0.09666015625,2.353515625
144.0,0.0244140625,33.203125,0.3366015625,3.5302734375
144.3,0.0244140625,33.203125,0.189970703125,-0.6103515625
144.6,0.01953125,33.203125,0.07,-0.849609375
144.9,0.01953125,33.203125,0.176640625,0.0390625
145.2,0.01953125,33.203125,0.243291015625,-1.4208984375
145.5,0.0244140625,33.203125,0.243291015625,-12.587890625
145.8,0.0244140625,32.2265625,0.163310546875,0.0341796875
146.1,0.0244140625,33.203125,-0.023310546875,0.986328125
146.4,0.01953125,33.203125,0.163310546875,0.068359375
146.7,0.01953125,33.203125,0.14998046875,-1.376953125
147.0,0.01953125,33.203125,0.07,0.1513671875
147.3,0.01953125,33.203125,0.30994140625,2.2216796875
147.6,0.0244140625,33.203125,-0.0899609375,6.1376953125
147.9,0.029296875,33.203125,0.04333984375,0.0634765625
148.2,0.01953125,33.203125,-0.023310546875,-1.3037109375
148.5,0.01953125,33.203125,0.07,-0.0048828125
148.8,0.01953125,33.203125,0.09666015625,2.5048828125
149.1,0.0146484375,33.203125,0.056669921875,5.37109375
149.4,0.01953125,33.203125,0.09666015625,-0.3369140625
149.7,0.0244140625,33.203125,0.109990234375,0.498046875
150.0,0.01953125,33.203125,0.09666015625,-0.0146484375
150.3,0.0244140625,32.2265625,0.20330078125,-0.99609375
150.6,0.01953125,33.203125,0.0166796875,-0.1708984375
150.9,0.01953125,33.203125,0.109990234375,1.4111328125
151.2,0.01953125,33.203125,0.04333984375,0.0244140625
151.5,0.01953125,33.203125,0.030009765625,-1.5625
151.8,0.01953125,33.203125,0.083330078125,-6.03515625
152.1,0.01953125,33.203125,0.189970703125,-0.166015625
152.4,0.0146484375,33.203125,0.189970703125,-0.5517578125
152.7,0.0146484375,33.203125,0.136650390625,-0.068359375
153.0,0.0146484375,33.203125,0.0166796875,-1.474609375
153.3,0.01953125,33.203125,0.30994140625,-0.15625
153.6,0.0244140625,33.203125,0.163310546875,0.0439453125
153.9,0.0244140625,33.203125,0.136650390625,-0.849609375
154.2,0.0244140625,33.203125,0.429912109375,-0.01953125
154.5,0.01953125,33.203125,0.136650390625,-1.767578125
154.8,0.01953125,33.203125,0.07,-5.3271484375
155.1,0.01953125,33.203125,0.056669921875,-0.2001953125
155.4,0.01953125,33.203125,-0.06330078125,-0.322265625
155.7,0.01953125,33.203125,0.189970703125,-0.01953125
156.0,0.0244140625,33.203125,-0.00998046875,-1.1083984375
156.3,0.0244140625,33.203125,0.083330078125,-0.0634765625
156.6,0.0244140625,33.203125,0.136650390625,1.6162109375
156.9,0.01953125,33.203125,0.056669921875,0.0244140625
157.2,0.009765625,33.203125,0.14998046875,0.1025390625
157.5,0.0146484375,32.2265625,0.189970703125,0.2001953125
157.8,0.01953125,33.203125,0.163310546875,-0.048828125
158.1,0.01953125,33.203125,-0.14328125,0.8349609375
158.4,0.01953125,33.203125,0.25662109375,-0.0048828125
158.7,0.0244140625,33.203125,0.083330078125,-1.46484375
159.0,0.029296875,33.203125,0.1233203125,0.0244140625
159.3,0.01953125,33.203125,0.056669921875,2.3681640625
159.6,0.01953125,33.203125,-0.00998046875,4.072265625
159.9,0.01953125,33.203125,0.20330078125,-0.6591796875
160.2,0.01953125,33.203125,0.030009765625,0.2001953125
160.5,0.0244140625,33.203125,0.1233203125,0.0830078125
160.8,0.0244140625,33.203125,0.189970703125,-0.8349609375
161.1,0.0244140625,33.203125,0.163310546875,0.05859375
161.4,0.0244140625,33.203125,0.1233203125,1.97265625
161.7,0.01953125,33.203125,0.189970703125,0.986328125
162.0,0.01953125,33.203125,0.07,-1.2060546875
162.3,0.029296875,33.203125,0.1233203125,-1.5185546875
162.6,0.0244140625,33.203125,0.176640625,-0.0732421875
162.9,0.01953125,32.2265625,0.25662109375,-0.869140625
163.2,0.0244140625,33.203125,0.083330078125,0.0439453125
163.5,0.0146484375,33.203125,0.109990234375,3.2373046875
163.8,0.01953125,33.203125,0.003349609375,-0.0390625
164.1,0.0244140625,33.203125,0.25662109375,0.0439453125
164.4,0.0244140625,33.203125,0.176640625,1.6162109375
164.7,0.01953125,33.203125,0.163310546875,6.1474609375
165.0,0.01953125,33.203125,0.189970703125,0.087890625
165.3,0.01953125,33.203125,0.1233203125,-1.1474609375
165.6,0.01953125,32.2265625,0.296611328125,0.0244140625
165.9,0.0244140625,33.203125,0.109990234375,1.3525390625
166.2,0.0244140625,33.203125,0.2299609375,-0.009765625
166.5,0.0146484375,33.203125,0.0166796875,0.0
166.8,0.0244140625,33.203125,0.14998046875,-0.986328125
167.1,0.029296875,33.203125,0.09666015625,-0.0341796875
167.4,0.0146484375,33.203125,0.189970703125,-1.484375
167.7,0.01953125,33.203125,0.136650390625,-5.95703125
168.0,0.01953125,33.203125,0.109990234375,-0.0537109375
168.3,0.0244140625,33.203125,0.216630859375,-0.810546875
168.6,0.0244140625,33.203125,0.189970703125,-0.0048828125
168.9,0.01953125,33.203125,0.20330078125,1.19140625
169.2,0.0244140625,33.203125,-0.06330078125,0.0927734375
169.5,0.01953125,33.203125,0.176640625,0.76171875
169.8,0.0244140625,33.203125,0.09666015625,0.46875
170.1,0.01953125,33.203125,0.09666015625,-0.0048828125
170.4,0.0244140625,33.203125,0.07,-1.064453125
170.7,0.0146484375,33.203125,0.030009765625,-0.0390625
171.0,0.0244140625,33.203125,-0.00998046875,2.3046875
171.3,0.0244140625,33.203125,0.163310546875,5.7177734375
171.6,0.01953125,33.203125,0.216630859375,0.0927734375
171.9,0.01953125,33.203125,0.216630859375,0.8642578125
172.2,0.01953125,33.203125,0.0166796875,-0.01953125
172.5,0.029296875,33.203125,0.030009765625,-1.2744140625
172.8,0.0146484375,33.203125,-0.11662109375,-0.0439453125
173.1,0.0244140625,33.203125,0.0166796875,-0.4541015625
173.4,0.01953125,33.203125,0.20330078125,0.654296875
173.7,0.0244140625,33.203125,0.083330078125,0.009765625
174.0,0.0244140625,33.203125,0.176640625,-1.3427734375
174.3,0.01953125,32.2265625,0.030009765625,0.029296875
174.6,0.01953125,33.203125,0.09666015625,0.83984375
174.9,0.01953125,33.203125,0.176640625,0.771484375
175.2,0.01953125,33.203125,0.189970703125,-0.009765625
175.5,0.0146484375,33.203125,0.136650390625,1.0009765625
175.8,0.0244140625,32.2265625,0.030009765625,-0.029296875
176.1,0.0244140625,33.203125,0.003349609375,-1.7724609375
176.4,0.0244140625,33.203125,0.109990234375,-4.169921875
176.7,0.0244140625,33.203125,0.28328125,0.1171875
177.0,0.01953125,33.203125,-0.049970703125,-0.673828125
177.3,0.01953125,32.2265625,0.04333984375,0.009765625
177.6,0.0244140625,33.203125,0.176640625,-1.6796875
177.9,0.01953125,33.203125,0.003349609375,-6.2451171875
178.2,0.01953125,33.203125,-0.00998046875,-0.048828125
178.5,0.0244140625,33.203125,0.14998046875,-0.83984375
178.8,0.0244140625,33.203125,0.429912109375,0.0341796875
179.1,0.009765625,33.203125,0.136650390625,1.3671875
179.4,0.01953125,33.203125,0.269951171875,0.0
179.7,0.01953125,33.203125,0.243291015625,-1.044921875
180.0,0.01953125,33.203125,0.136650390625,0.224609375
180.3,0.01953125,33.203125,0.28328125,0.0146484375
180.6,0.01953125,33.203125,0.07,1.3525390625
180.9,0.0244140625,33.203125,0.176640625,0.15625
181.2,0.01953125,33.203125,0.083330078125,-0.205078125
181.5,0.0244140625,33.203125,0.07,0.60546875
181.8,0.01953125,33.203125,0.09666015625,0.0146484375
182.1,0.01953125,33.203125,0.030009765625,4.1845703125
182.4,0.0146484375,33.203125,0.136650390625,0.5078125
182.7,0.0244140625,33.203125,-0.00998046875,0.0146484375
183.0,0.01953125,33.203125,-0.103291015625,-1.2548828125
183.3,0.01953125,33.203125,-0.00998046875,-2.7001953125
183.6,0.01953125,33.203125,0.136650390625,-0.009765625
183.9,0.0244140625,33.203125,0.136650390625,2.2607421875
184.2,0.0244140625,33.203125,0.189970703125,5.8154296875
184.5,0.01953125,33.203125,0.25662109375,-0.0048828125
184.8,0.0244140625,33.203125,0.003349609375,1.3623046875
185.1,0.0244140625,33.203125,0.003349609375,0.01953125
185.4,0.01953125,32.2265625,0.056669921875,-1.0693359375
185.7,0.01953125,33.203125,0.0166796875,12.0068359375
186.0,0.0146484375,33.203125,0.269951171875,0.0634765625
186.3,0.029296875,34.1796875,0.07,1.5087890625
186.6,0.01953125,33.203125,0.083330078125,0.9912109375
186.9,0.01953125,33.203125,0.243291015625,0.0634765625
187.2,0.01953125,33.203125,0.07,0.8251953125
187.5,0.01953125,33.203125,0.0166796875,0.0341796875
187.8,0.0244140625,33.203125,0.28328125,-1.5185546875
188.1,0.0244140625,33.203125,0.109990234375,-0.15625
188.4,0.0244140625,33.203125,0.056669921875,0.0537109375
188.7,0.0244140625,33.203125,0.136650390625,0.7958984375
189.0,0.0244140625,33.203125,0.056669921875,-0.0146484375
189.3,0.0244140625,33.203125,0.056669921875,-1.2255859375
189.6,0.01953125,33.203125,0.0166796875,-0.009765625
189.9,0.0244140625,33.203125,0.176640625,1.50390625
190.2,0.01953125,33.203125,0.176640625,3.330078125
190.5,0.0244140625,33.203125,0.0166796875,0.0634765625
190.8,0.01953125,33.203125,0.30994140625,1.0546875
191.1,0.01953125,33.203125,0.20330078125,-0.0341796875
191.4,0.0146484375,33.203125,0.323271484375,-1.484375
191.7,0.01953125,33.203125,0.176640625,-2.5
192.0,0.01953125,33.203125,0.176640625,-0.2294921875
192.3,0.0244140625,33.203125,0.243291015625,0.654296875
192.6,0.0146484375,33.203125,0.136650390625,-0.15625
192.9,0.0244140625,33.203125,0.09666015625,-1.46484375
193.2,0.0146484375,33.203125,0.083330078125,-0.0439453125
193.5,0.0146484375,33.203125,0.136650390625,-0.44921875
193.8,0.01953125,33.203125,0.09666015625,-0.7568359375
194.1,0.01953125,33.203125,0.1233203125,-0.205078125
194.4,0.0244140625,33.203125,0.030009765625,2.138671875
194.7,0.0244140625,33.203125,0.1233203125,5.341796875
195.0,0.0244140625,33.203125,0.28328125,-0.1953125
195.3,0.0244140625,33.203125,0.09666015625,12.0849609375
195.6,0.0244140625,33.203125,0.136650390625,-0.0732421875
195.9,0.01953125,33.203125,0.243291015625,1.4306640625
196.2,0.01953125,33.203125,0.083330078125,-0.302734375
196.5,0.029296875,33.203125,0.189970703125,-0.0537109375
196.8,0.0244140625,33.203125,0.296611328125,2.3681640625
197.1,0.01953125,33.203125,0.269951171875,0.4833984375
197.4,0.0244140625,33.203125,0.07,0.01953125
197.7,0.01953125,33.203125,0.0166796875,-6.66015625
198.0,0.0244140625,33.203125,0.163310546875,-0.234375
198.3,0.01953125,33.203125,0.09666015625,-0.1123046875
198.6,0.0146484375,33.203125,0.1233203125,0.9423828125
198.9,0.0244140625,33.203125,0.030009765625,-0.126953125
199.2,0.01953125,33.203125,0.163310546875,2.4365234375
199.5,0.01953125,33.203125,0.056669921875,-3.5693359375
199.8,0.01953125,33.203125,0.163310546875,-0.0439453125
200.1,0.029296875,33.203125,0.083330078125,-0.9130859375
200.4,0.0146484375,33.203125,0.296611328125,-1.1865234375
200.7,0.0244140625,33.203125,-0.036640625,0.01953125
201.0,0.0244140625,33.203125,0.189970703125,0.8935546875
201.3,0.0244140625,33.203125,0.176640625,-0.068359375
201.6,0.029296875,33.203125,0.083330078125,-1.6455078125
201.9,0.01953125,33.203125,0.136650390625,-5.1904296875
202.2,0.01953125,33.203125,0.28328125,0.166015625
202.5,0.029296875,33.203125,0.243291015625,0.8740234375
202.8,0.01953125,33.203125,0.09666015625,0.009765625
203.1,0.01953125,33.203125,0.243291015625,-1.58203125
203.4,0.0244140625,33.203125,0.109990234375,-0.7421875
203.7,0.01953125,33.203125,0.09666015625,0.01953125
204.0,0.0244140625,33.203125,0.14998046875,-1.4013671875
204.3,0.01953125,33.203125,0.2299609375,0.0244140625
204.6,0.01953125,33.203125,0.2299609375,0.4052734375
204.9,0.029296875,33.203125,0.04333984375,0.4296875
205.2,0.0244140625,33.203125,0.030009765625,0.01953125
205.5,0.0146484375,33.203125,0.1233203125,-1.396484375
205.8,0.01953125,33.203125,-0.11662109375,1.796875
206.1,0.0244140625,33.203125,0.09666015625,0.009765625
206.4,0.01953125,33.203125,-0.023310546875,0.8740234375
206.7,0.0244140625,33.203125,0.136650390625,0.0048828125
207.0,0.0244140625,33.203125,0.030009765625,-0.2392578125
207.3,0.01953125,33.203125,0.0166796875,0.4296875
207.6,0.0244140625,33.203125,0.109990234375,0.0732421875
207.9,0.01953125,33.203125,-0.00998046875,-1.318359375
208.2,0.01953125,33.203125,0.163310546875,-0.0634765625
208.5,0.01953125,34.1796875,0.07,2.2412109375
208.8,0.0244140625,32.2265625,0.109990234375,6.1474609375
209.1,0.01953125,33.203125,0.0166796875,0.087890625
209.4,0.0244140625,33.203125,0.216630859375,0.80078125
209.7,0.01953125,33.203125,0.163310546875,-0.0390625
210.0,0.0244140625,33.203125,0.136650390625,-1.38671875
210.3,0.0244140625,33.203125,0.083330078125,0.0537109375
210.6,0.029296875,33.203125,0.176640625,0.7275390625
210.9,0.01953125,33.203125,0.07,0.99609375
211.2,0.0244140625,33.203125,0.136650390625,-0.009765625
211.5,0.0244140625,33.203125,0.109990234375,1.0302734375
211.8,0.01953125,33.203125,0.216630859375,0.0146484375
212.1,0.01953125,33.203125,0.1233203125,-1.5576171875
212.4,0.0244140625,33.203125,0.163310546875,0.1416015625
212.7,0.0146484375,33.203125,0.2299609375,0.009765625
213.0,0.01953125,33.203125,0.07,0.9375
213.3,0.01953125,33.203125,0.07,0.0
213.6,0.0244140625,33.203125,0.243291015625,-0.0439453125
213.9,0.01953125,33.203125,0.14998046875,0.908203125
214.2,0.0146484375,33.203125,0.056669921875,0.09765625
214.5,0.01953125,33.203125,0.136650390625,-0.009765625
214.8,0.01953125,33.203125,0.136650390625,10.13671875
215.1,0.0244140625,33.203125,0.109990234375,-0.009765625
215.4,0.01953125,33.203125,-0.023310546875,-1.2744140625
215.7,0.01953125,33.203125,0.14998046875,-3.203125
216.0,0.0244140625,33.203125,0.25662109375,-0.13671875
216.3,0.029296875,33.203125,0.2299609375,-0.9033203125
216.6,0.0244140625,33.203125,0.109990234375,0.17578125
216.9,0.01953125,33.203125,0.36326171875,1.4599609375
217.2,0.01953125,33.203125,0.176640625,0.0048828125
217.5,0.0146484375,33.203125,-0.00998046875,-1.2158203125
217.8,0.01953125,33.203125,0.04333984375,-3.4521484375
218.1,0.01953125,33.203125,0.1233203125,-0.029296875
218.4,0.01953125,33.203125,0.14998046875,1.435546875
218.7,0.01953125,33.203125,0.243291015625,0.029296875
219.0,0.01953125,33.203125,0.1233203125,-1.728515625
219.3,0.01953125,33.203125,0.1233203125,-6.162109375
219.6,0.01953125,33.203125,0.109990234375,0.0048828125
219.9,0.0244140625,33.203125,0.25662109375,0.7666015625
220.2,0.01953125,32.2265625,0.2299609375,-0.048828125
220.5,0.01953125,33.203125,0.09666015625,-1.77734375
220.8,0.0244140625,33.203125,0.269951171875,-4.5361328125
221.1,0.029296875,33.203125,0.189970703125,0.029296875
221.4,0.01953125,33.203125,-0.049970703125,-0.380859375
221.7,0.01953125,33.203125,0.0166796875,-0.0048828125
222.0,0.01953125,33.203125,0.189970703125,-8.90625
222.3,0.0244140625,33.203125,0.083330078125,0.166015625
222.6,0.0244140625,33.203125,0.1233203125,-1.279296875
222.9,0.0244140625,33.203125,0.2299609375,-3.4423828125
223.2,0.0244140625,33.203125,0.14998046875,-0.068359375
223.5,0.01953125,33.203125,0.2299609375,1.8212890625
223.8,0.01953125,32.2265625,0.163310546875,1.11328125
224.1,0.01953125,33.203125,0.109990234375,0.0439453125
224.4,0.01953125,33.203125,0.243291015625,-0.9326171875
224.7,0.0244140625,33.203125,0.243291015625,-0.1025390625
225.0,0.0244140625,33.203125,0.216630859375,-1.54296875
225.3,0.01953125,33.203125,0.2299609375,-1.85546875
225.6,0.0244140625,33.203125,0.003349609375,0.0537109375
225.9,0.0146484375,33.203125,0.04333984375,0.21484375
226.2,0.01953125,33.203125,-0.076630859375,-7.2705078125
226.5,0.01953125,33.203125,-0.023310546875,1.376953125
226.8,0.01953125,33.203125,0.083330078125,0.0341796875
227.1,0.01953125,33.203125,-0.036640625,0.8251953125
227.4,0.01953125,33.203125,0.083330078125,0.0830078125
227.7,0.0244140625,33.203125,-0.06330078125,-0.1904296875
228.0,0.0146484375,33.203125,0.04333984375,-0.6591796875
228.3,0.0244140625,33.203125,0.109990234375,0.029296875
228.6,0.01953125,33.203125,0.109990234375,-1.7431640625
228.9,0.01953125,33.203125,0.216630859375,6.083984375
229.2,0.0244140625,33.203125,0.269951171875,-0.1513671875
229.5,0.01953125,33.203125,0.2299609375,-0.8837890625
229.8,0.0244140625,33.203125,0.07,0.0146484375
230.1,0.0244140625,33.203125,0.189970703125,-2.91015625
230.4,0.0244140625,33.203125,0.0166796875,-0.6005859375
230.7,0.0244140625,33.203125,0.163310546875,0.09765625
231.0,0.01953125,33.203125,0.216630859375,-1.5673828125
231.3,0.01953125,33.203125,0.176640625,-10.4931640625
231.6,0.0244140625,33.203125,0.04333984375,0.2197265625
231.9,0.0146484375,33.203125,0.189970703125,0.078125
232.2,0.01953125,33.203125,0.003349609375,-0.99609375
232.5,0.029296875,32.2265625,0.176640625,-1.1083984375
232.8,0.01953125,33.203125,0.083330078125,0.0341796875
233.1,0.01953125,33.203125,0.14998046875,-0.91796875
233.4,0.01953125,33.203125,0.056669921875,0.7470703125
233.7,0.0146484375,33.203125,0.176640625,-0.244140625
234.0,0.0146484375,33.203125,0.189970703125,0.0439453125
234.3,0.0244140625,33.203125,0.163310546875,0.849609375
234.6,0.0244140625,33.203125,0.163310546875,4.5947265625
234.9,0.0146484375,33.203125,0.09666015625,-0.390625
235.2,0.009765625,33.203125,0.14998046875,0.4296875
235.5,0.009765625,33.203125,0.1233203125,0.009765625
235.8,0.01953125,33.203125,0.20330078125,0.166015625
236.1,0.01953125,33.203125,0.176640625,0.0146484375
236.4,0.0244140625,33.203125,0.2299609375,-0.05859375
236.7,0.01953125,33.203125,0.04333984375,-0.068359375
237.0,0.01953125,33.203125,0.296611328125,0.9912109375
237.3,0.0244140625,33.203125,0.083330078125,0.205078125
237.6,0.0244140625,33.203125,0.003349609375,-1.5869140625
237.9,0.0146484375,33.203125,0.163310546875,-5.5419921875
238.2,0.0146484375,33.203125,0.056669921875,0.1953125
238.5,0.0244140625,33.203125,0.269951171875,5.517578125
238.8,0.01953125,33.203125,0.083330078125,0.7080078125
239.1,0.01953125,33.203125,0.1233203125,-0.048828125
239.4,0.009765625,33.203125,0.243291015625,-1.4501953125
239.7,0.01953125,33.203125,0.176640625,-8.22265625
240.0,0.01953125,33.203125,0.14998046875,0.01953125
240.3,0.0244140625,33.203125,0.030009765625,0.91796875
240.6,0.0244140625,33.203125,0.030009765625,2.783203125
240.9,0.0244140625,33.203125,0.163310546875,0.0146484375
241.2,0.01953125,33.203125,0.163310546875,0.8349609375
241.5,0.01953125,33.203125,0.243291015625,1.4697265625
241.8,0.01953125,32.2265625,0.083330078125,0.0048828125
242.1,0.0244140625,33.203125,0.20330078125,0.830078125
242.4,0.0244140625,33.203125,0.189970703125,0.1513671875
242.7,0.0244140625,33.203125,0.136650390625,-1.5576171875
243.0,0.01953125,33.203125,0.323271484375,-1.8798828125
243.3,0.01953125,33.203125,0.136650390625,0.1025390625
243.6,0.01953125,33.203125,0.056669921875,3.3984375
243.9,0.0244140625,33.203125,0.09666015625,-12.412109375
244.2,0.01953125,33.203125,0.216630859375,0.0048828125
244.5,0.0244140625,33.203125,0.109990234375,-1.025390625
244.8,0.0244140625,33.203125,0.25662109375,-0.029296875
245.1,0.01953125,32.2265625,0.083330078125,0.0341796875
245.4,0.01953125,33.203125,0.189970703125,-4.228515625
245.7,0.01953125,33.203125,0.136650390625,0.6103515625
246.0,0.01953125,33.203125,0.083330078125,-0.1123046875
246.3,0.0244140625,33.203125,0.216630859375,-0.0048828125
246.6,0.029296875,34.1796875,-0.103291015625,-11.611328125
246.9,0.0244140625,33.203125,0.083330078125,0.0341796875
247.2,0.01953125,33.203125,-0.06330078125,1.513671875
247.5,0.01953125,33.203125,0.269951171875,-11.435546875
247.8,0.01953125,33.203125,-0.00998046875,0.0537109375
248.1,0.01953125,33.203125,0.0166796875,1.3916015625
248.4,0.0244140625,33.203125,0.0166796875,0.1171875
248.7,0.01953125,33.203125,0.136650390625,-1.5380859375
249.0,0.0244140625,33.203125,0.163310546875,-0.5126953125
249.3,0.01953125,33.203125,0.136650390625,-0.0048828125
249.6,0.0244140625,33.203125,0.163310546875,2.236328125
249.9,0.0146484375,33.203125,0.30994140625,-6.044921875
250.2,0.01953125,33.203125,0.07,0.048828125
250.5,0.01953125,33.203125,0.056669921875,1.09375
250.8,0.01953125,33.203125,0.09666015625,0.068359375
251.1,0.0244140625,33.203125,0.163310546875,-0.0732421875
251.4,0.0244140625,33.203125,0.056669921875,-1.77734375
251.7,0.0244140625,33.203125,-0.00998046875,-10.7568359375
252.0,0.029296875,33.203125,0.09666015625,4.74609375
252.3,0.01953125,33.203125,0.176640625,-0.17578125
252.6,0.01953125,33.203125,0.163310546875,-1.2451171875
252.9,0.01953125,33.203125,0.30994140625,1.171875
253.2,0.0146484375,33.203125,0.243291015625,-4.6435546875
253.5,0.01953125,33.203125,0.0166796875,0.0927734375
253.8,0.0244140625,33.203125,-0.023310546875,0.01953125
254.1,0.0146484375,33.203125,0.083330078125,-1.5234375
254.4,0.01953125,33.203125,0.030009765625,0.4931640625
254.7,0.01953125,33.203125,-0.11662109375,-0.0439453125
255.0,0.01953125,33.203125,0.189970703125,0.1318359375
255.3,0.01953125,33.203125,0.163310546875,1.3623046875
255.6,0.01953125,33.203125,0.04333984375,-0.439453125
255.9,0.01953125,33.203125,0.243291015625,0.0634765625
256.2,0.0244140625,33.203125,0.216630859375,1.46484375
256.5,0.0244140625,33.203125,0.189970703125,-0.0146484375
256.8,0.0244140625,33.203125,0.189970703125,0.0732421875
257.1,0.009765625,33.203125,0.0166796875,-0.771484375
257.4,0.0244140625,33.203125,0.243291015625,0.009765625
257.7,0.0244140625,33.203125,-0.036640625,0.1416015625
258.0,0.01953125,33.203125,0.056669921875,1.3623046875
258.3,0.0146484375,33.203125,0.14998046875,-10.2294921875
258.6,0.0244140625,33.203125,0.176640625,-11.884765625
258.9,0.01953125,33.203125,0.136650390625,-1.4208984375
259.2,0.0244140625,33.203125,0.04333984375,-0.1123046875
259.5,0.01953125,33.203125,0.109990234375,-0.087890625
259.8,0.01953125,32.2265625,0.083330078125,-0.546875
260.1,0.01953125,33.203125,0.056669921875,-0.1025390625
260.4,0.01953125,33.203125,0.07,-0.01953125
260.7,0.0244140625,33.203125,0.07,-1.0107421875
261.0,0.01953125,33.203125,0.109990234375,0.0
261.3,0.01953125,33.203125,0.30994140625,1.630859375
261.6,0.01953125,33.203125,0.163310546875,0.01953125
261.9,0.029296875,33.203125,0.056669921875,-0.1953125
262.2,0.0244140625,33.203125,-0.036640625,-1.0888671875
262.5,0.029296875,33.203125,0.176640625,0.400390625
262.8,0.0244140625,33.203125,0.1233203125,-0.8154296875
263.1,0.01953125,33.203125,0.216630859375,0.078125
263.4,0.01953125,33.203125,0.36326171875,0.0146484375
263.7,0.0244140625,33.203125,0.14998046875,1.4306640625
264.0,0.0244140625,33.203125,0.04333984375,0.33203125
264.3,0.0244140625,32.2265625,0.14998046875,0.21484375
264.6,0.01953125,33.203125,0.243291015625,0.0
264.9,0.0244140625,33.203125,0.269951171875,-0.0244140625
265.2,0.0244140625,33.203125,0.136650390625,0.1953125
265.5,0.0244140625,33.203125,0.269951171875,0.8251953125
265.8,0.01953125,33.203125,0.14998046875,0.5615234375
266.1,0.0244140625,33.203125,0.269951171875,0.1123046875
266.4,0.0244140625,33.203125,0.109990234375,-9.3359375
266.7,0.01953125,33.203125,0.2299609375,0.2880859375
267.0,0.0244140625,33.203125,0.09666015625,0.0390625
267.3,0.01953125,33.203125,0.136650390625,-1.66015625
267.6,0.01953125,33.203125,0.243291015625,-1.3818359375
267.9,0.01953125,33.203125,0.109990234375,0.1220703125
268.2,0.01953125,33.203125,0.30994140625,0.9326171875
268.5,0.0244140625,33.203125,0.04333984375,0.0048828125
268.8,0.01953125,33.203125,0.09666015625,-0.9912109375
269.1,0.0244140625,33.203125,0.14998046875,-0.556640625
269.4,0.0244140625,33.203125,0.083330078125,-0.1123046875
269.7,0.01953125,33.203125,0.3366015625,1.1962890625
270.0,0.0244140625,33.203125,0.176640625,0.0048828125
270.3,0.01953125,33.203125,0.136650390625,-1.54296875
270.6,0.0244140625,33.203125,0.109990234375,-0.625
270.9,0.0244140625,33.203125,0.04333984375,0.0048828125
271.2,0.0244140625,33.203125,0.1233203125,0.263671875
271.5,0.0244140625,33.203125,0.07,0.126953125
271.8,0.01953125,33.203125,0.176640625,-0.029296875
272.1,0.01953125,33.203125,0.36326171875,0.908203125
272.4,0.01953125,33.203125,0.056669921875,-0.068359375
272.7,0.01953125,33.203125,0.1233203125,-1.4111328125
273.0,0.01953125,33.203125,0.20330078125,-0.1025390625
273.3,0.0146484375,33.203125,0.2299609375,1.46484375
273.6,0.01953125,33.203125,-0.00998046875,4.6875
273.9,0.01953125,33.203125,0.056669921875,0.01953125
274.2,0.0244140625,33.203125,0.0166796875,0.859375
274.5,0.01953125,33.203125,0.376591796875,2.2607421875
274.8,0.0244140625,33.203125,-0.076630859375,0.0
275.1,0.01953125,33.203125,0.056669921875,1.4892578125
275.4,0.01953125,33.203125,0.1233203125,0.13671875
275.7,0.01953125,33.203125,0.04333984375,-0.5078125
276.0,0.0244140625,33.203125,0.030009765625,0.13671875
276.3,0.0244140625,33.203125,0.176640625,-0.1025390625
276.6,0.01953125,33.203125,0.216630859375,-1.4208984375
276.9,0.01953125,33.203125,0.25662109375,3.349609375
277.2,0.01953125,33.203125,0.136650390625,-0.1171875
277.5,0.01953125,33.203125,0.28328125,-0.126953125
277.8,0.01953125,33.203125,0.176640625,-1.50390625
278.1,0.0146484375,33.203125,0.14998046875,0.0048828125
278.4,0.01953125,33.203125,0.25662109375,-0.8251953125
278.7,0.0146484375,33.203125,0.07,-0.849609375
279.0,0.01953125,33.203125,0.25662109375,0.0244140625
279.3,0.0146484375,33.203125,0.14998046875,-0.0390625
279.6,0.0244140625,33.203125,0.216630859375,0.576171875
279.9,0.01953125,33.203125,0.09666015625,-0.068359375
280.2,0.01953125,33.203125,0.2299609375,-0.9375
280.5,0.01953125,33.203125,0.216630859375,0.13671875
280.8,0.01953125,33.203125,0.04333984375,0.0439453125
281.1,0.0244140625,33.203125,-0.00998046875,-1.328125
281.4,0.01953125,33.203125,0.14998046875,0.0390625
281.7,0.01953125,33.203125,-0.00998046875,0.60546875
282.0,0.0244140625,33.203125,0.056669921875,0.1416015625
282.3,0.0244140625,33.203125,0.04333984375,-0.0439453125
282.6,0.0244140625,33.203125,0.030009765625,-1.25
282.9,0.0244140625,33.203125,0.163310546875,-1.4599609375
283.2,0.01953125,33.203125,0.109990234375,-0.0146484375
283.5,0.01953125,33.203125,0.28328125,3.3642578125
283.8,0.0244140625,33.203125,0.056669921875,-8.1640625
284.1,0.0244140625,33.203125,-0.023310546875,-0.0146484375
284.4,0.01953125,33.203125,0.216630859375,-0.52734375
284.7,0.0244140625,33.203125,-0.14328125,0.8984375
285.0,0.0146484375,33.203125,0.216630859375,0.0244140625
285.3,0.01953125,33.203125,0.376591796875,-0.9228515625
285.6,0.0244140625,33.203125,0.176640625,-1.1767578125
285.9,0.0244140625,33.203125,0.176640625,0.205078125
286.2,0.01953125,33.203125,0.083330078125,0.068359375
286.5,0.01953125,33.203125,0.04333984375,0.5078125
286.8,0.0146484375,33.203125,0.14998046875,-0.0146484375
287.1,0.01953125,33.203125,-0.076630859375,-0.927734375
287.4,0.0244140625,33.203125,0.07,0.0732421875
287.7,0.01953125,33.203125,0.003349609375,1.7919921875
288.0,0.01953125,33.203125,0.389921875,6.2939453125
288.3,0.01953125,33.203125,-0.036640625,0.0390625
288.6,0.0244140625,33.203125,0.1233203125,1.318359375
288.9,0.01953125,33.203125,0.056669921875,-0.0244140625
289.2,0.0146484375,33.203125,0.349931640625,0.7568359375
289.5,0.01953125,32.2265625,0.083330078125,-0.166015625
289.8,0.01953125,33.203125,0.176640625,-0.166015625
290.1,0.0244140625,33.203125,0.243291015625,-0.09765625
290.4,0.01953125,33.203125,0.1233203125,0.13671875
290.7,0.0244140625,33.203125,0.030009765625,-0.7470703125
291.0,0.0244140625,33.203125,0.136650390625,-0.05859375
291.3,0.01953125,33.203125,0.2299609375,2.2412109375
291.6,0.01953125,33.203125,0.04333984375,11.8212890625
291.9,0.01953125,33.203125,0.07,-0.009765625
292.2,0.0244140625,33.203125,0.3366015625,2.3095703125
292.5,0.0244140625,33.203125,0.1233203125,-5.8056640625
292.8,0.0244140625,33.203125,0.176640625,0.0732421875
293.1,0.01953125,33.203125,0.20330078125,-0.9130859375
293.4,0.01953125,33.203125,0.296611328125,-0.068359375
293.7,0.01953125,33.203125,0.0166796875,0.068359375
294.0,0.01953125,33.203125,0.1233203125,-1.0302734375
294.3,0.029296875,33.203125,0.109990234375,-0.0634765625
294.6,0.0146484375,33.203125,0.083330078125,-1.328125
294.9,0.0146484375,33.203125,0.176640625,0.0244140625
295.2,0.0244140625,33.203125,0.04333984375,-0.927734375
295.5,0.01953125,33.203125,0.20330078125,1.1865234375
295.8,0.01953125,33.203125,0.0166796875,-0.009765625
296.1,0.0146484375,33.203125,0.243291015625,2.3681640625
296.4,0.029296875,33.203125,0.056669921875,10.5224609375
296.7,0.0244140625,33.203125,0.0166796875,-1.40625
297.0,0.0146484375,33.203125,0.20330078125,-0.126953125
297.3,0.0244140625,33.203125,0.28328125,-1.1962890625
297.6,0.0244140625,33.203125,0.136650390625,-0.6298828125
297.9,0.01953125,33.203125,-0.103291015625,0.0048828125
298.2,0.0146484375,33.203125,-0.11662109375,1.0107421875
298.5,0.01953125,33.203125,0.109990234375,0.1416015625
298.8,0.0244140625,32.2265625,0.14998046875,-1.2841796875
299.1,0.0244140625,33.203125,0.04333984375,0.048828125
299.4,0.01953125,33.203125,0.189970703125,-1.279296875
299.7,0.0244140625,33.203125,0.2299609375,-0.595703125
300.0,0.01953125,33.203125,0.30994140625,-0.166015625
300.3,0.0244140625,33.203125,-0.00998046875,-1.3818359375
300.6,0.01953125,33.203125,0.109990234375,6.1572265625
300.9,0.0244140625,33.203125,0.1233203125,0.0244140625
301.2,0.01953125,33.203125,-0.076630859375,0.8984375
301.5,0.01953125,33.203125,0.056669921875,-0.0732421875
301.8,0.0244140625,33.203125,0.14998046875,-1.71875
302.1,0.0244140625,33.203125,0.030009765625,0.126953125
302.4,0.0244140625,33.203125,0.28328125,0.078125
302.7,0.0244140625,33.203125,0.216630859375,1.943359375
303.0,0.01953125,33.203125,0.269951171875,0.6640625
303.3,0.0244140625,33.203125,0.056669921875,0.009765625
303.6,0.0146484375,33.203125,0.04333984375,-1.201171875
303.9,0.01953125,33.203125,0.109990234375,0.146484375
304.2,0.0146484375,33.203125,0.216630859375,2.28515625
304.5,0.01953125,33.203125,0.28328125,-5.283203125
304.8,0.0244140625,33.203125,0.176640625,0.0634765625
305.1,0.01953125,33.203125,0.030009765625,-1.4794921875
305.4,0.01953125,33.203125,0.136650390625,-0.0341796875
305.7,0.0244140625,33.203125,0.269951171875,-0.2294921875
306.0,0.0146484375,33.203125,0.083330078125,0.8056640625
306.3,0.0244140625,33.203125,0.25662109375,-0.0439453125
306.6,0.0244140625,33.203125,0.003349609375,-1.533203125
306.9,0.01953125,33.203125,0.04333984375,-12.63671875
307.2,0.01953125,33.203125,0.176640625,-0.0048828125
307.5,0.0244140625,33.203125,0.030009765625,-1.591796875
307.8,0.01953125,33.203125,0.1233203125,-0.01953125
308.1,0.01953125,33.203125,0.14998046875,-0.9814453125
308.4,0.0244140625,33.203125,0.14998046875,-0.8251953125
308.7,0.01953125,33.203125,0.269951171875,-0.029296875
309.0,0.0146484375,33.203125,0.056669921875,-1.1962890625
309.3,0.0244140625,33.203125,0.07,-0.771484375
309.6,0.01953125,33.203125,0.003349609375,0.01953125
309.9,0.0244140625,33.203125,0.1233203125,-1.46484375
310.2,0.01953125,33.203125,0.109990234375,0.068359375
310.5,0.0146484375,33.203125,0.163310546875,2.40234375
310.8,0.01953125,32.2265625,0.41658203125,5.44921875
311.1,0.0244140625,33.203125,0.136650390625,-0.1513671875
311.4,0.01953125,33.203125,0.083330078125,0.72265625
311.7,0.0244140625,33.203125,0.216630859375,-0.244140625
312.0,0.01953125,33.203125,0.109990234375,-0.1123046875
312.3,0.01953125,33.203125,0.14998046875,-8.4912109375
312.6,0.01953125,33.203125,0.056669921875,5.15625
312.9,0.01953125,33.203125,0.323271484375,0.068359375
313.2,0.0244140625,32.2265625,0.30994140625,-0.72265625
313.5,0.0244140625,33.203125,0.083330078125,0.1318359375
313.8,0.01953125,33.203125,-0.183271484375,0.0
314.1,0.01953125,33.203125,0.003349609375,-0.6298828125
314.4,0.01953125,33.203125,-0.00998046875,0.009765625
314.7,0.0146484375,33.203125,0.1233203125,0.146484375
315.0,0.0146484375,33.203125,0.0166796875,0.9619140625
315.3,0.0146484375,33.203125,0.136650390625,-4.0966796875
315.6,0.01953125,33.203125,0.09666015625,-0.0390625
315.9,0.01953125,33.203125,0.14998046875,2.16796875
316.2,0.029296875,33.203125,0.269951171875,0.5810546875
316.5,0.0244140625,33.203125,0.056669921875,-0.05859375
316.8,0.01953125,33.203125,0.1233203125,1.5869140625
317.1,0.01953125,33.203125,0.1233203125,-2.373046875
317.4,0.0244140625,33.203125,0.2299609375,-0.0244140625
317.7,0.01953125,33.203125,0.14998046875,1.142578125
318.0,0.0244140625,33.203125,0.323271484375,-0.1611328125
318.3,0.0244140625,33.203125,0.003349609375,-1.572265625
318.6,0.01953125,33.203125,0.09666015625,0.2880859375
318.9,0.029296875,33.203125,-0.06330078125,-0.1123046875
319.2,0.01953125,33.203125,0.189970703125,1.1328125
319.5,0.01953125,33.203125,0.083330078125,-0.0341796875
319.8,0.01953125,33.203125,0.003349609375,-0.986328125
320.1,0.01953125,33.203125,0.20330078125,-0.5078125
320.4,0.01953125,33.203125,0.216630859375,0.2001953125
320.7,0.01953125,33.203125,0.28328125,-1.513671875
321.0,0.01953125,33.203125,0.07,-0.009765625
321.3,0.01953125,33.203125,0.163310546875,1.0498046875
321.6,0.01953125,33.203125,0.030009765625,0.0439453125
321.9,0.01953125,33.203125,0.003349609375,-0.0634765625
322.2,0.0244140625,32.2265625,0.389921875,-1.5380859375
322.5,0.0244140625,33.203125,0.136650390625,-0.87890625
322.8,0.01953125,33.203125,0.1233203125,0.0390625
323.1,0.01953125,33.203125,0.109990234375,-0.4931640625
323.4,0.0244140625,33.203125,0.1233203125,-1.03515625
323.7,0.01953125,33.203125,0.030009765625,0.0927734375
324.0,0.01953125,32.2265625,0.1233203125,-0.0927734375
324.3,0.01953125,33.203125,0.003349609375,1.1181640625
324.6,0.0244140625,33.203125,0.056669921875,-0.615234375
324.9,0.01953125,33.203125,-0.14328125,-0.4296875
325.2,0.01953125,33.203125,-0.049970703125,7.2998046875
325.5,0.01953125,33.203125,-0.036640625,-5.751953125
325.8,0.01953125,33.203125,0.109990234375,0.0244140625
326.1,0.0244140625,33.203125,0.14998046875,1.337890625
326.4,0.0146484375,33.203125,0.109990234375,-0.068359375
326.7,0.0244140625,33.203125,0.09666015625,0.33203125
327.0,0.01953125,33.203125,-0.00998046875,1.2109375
327.3,0.0244140625,33.203125,0.04333984375,0.126953125
327.6,0.01953125,33.203125,0.003349609375,-1.5283203125
327.9,0.0146484375,33.203125,0.243291015625,-0.380859375
328.2,0.01953125,33.203125,0.0166796875,-0.2099609375
328.5,0.0244140625,34.1796875,0.14998046875,0.60546875
328.8,0.009765625,33.203125,0.136650390625,0.009765625
329.1,0.01953125,32.2265625,0.0166796875,-1.2255859375
329.4,0.01953125,33.203125,0.136650390625,-0.048828125
329.7,0.0244140625,33.203125,0.056669921875,2.1826171875
330.0,0.0244140625,33.203125,0.1233203125,1.8505859375
330.3,0.0244140625,33.203125,0.083330078125,-0.986328125
330.6,0.01953125,33.203125,0.176640625,-0.52734375
330.9,0.0244140625,33.203125,0.323271484375,-0.009765625
331.2,0.0146484375,33.203125,0.163310546875,-0.7080078125
331.5,0.029296875,34.1796875,0.243291015625,-0.01953125
331.8,0.01953125,33.203125,0.2299609375,-1.337890625
332.1,0.0244140625,33.203125,0.163310546875,0.087890625
332.4,0.01953125,33.203125,0.176640625,2.2900390625
332.7,0.0146484375,33.203125,0.216630859375,5.732421875
333.0,0.01953125,33.203125,0.189970703125,-0.0341796875
333.3,0.0146484375,33.203125,0.296611328125,-1.0107421875
333.6,0.0244140625,33.203125,0.09666015625,0.009765625
333.9,0.0146484375,33.203125,0.25662109375,1.5966796875
334.2,0.01953125,33.203125,0.07,0.107421875
334.5,0.01953125,32.2265625,0.109990234375,-1.455078125
334.8,0.0244140625,33.203125,0.083330078125,-6.201171875
335.1,0.0146484375,33.203125,0.1233203125,0.0830078125
335.4,0.0244140625,33.203125,0.056669921875,1.2744140625
335.7,0.0146484375,33.203125,0.2299609375,0.0390625
336.0,0.01953125,33.203125,0.3366015625,1.1181640625
336.3,0.0146484375,34.1796875,0.14998046875,4.8046875
336.6,0.0244140625,33.203125,0.09666015625,-0.05859375
336.9,0.0146484375,33.203125,0.083330078125,0.908203125
337.2,0.0244140625,33.203125,0.14998046875,-0.048828125
337.5,0.0244140625,33.203125,0.030009765625,-1.3623046875
337.8,0.01953125,33.203125,0.136650390625,-0.0048828125
338.1,0.01953125,33.203125,0.0166796875,1.5234375
338.4,0.01953125,33.203125,0.07,5.4052734375
338.7,0.01953125,32.2265625,0.083330078125,0.146484375
339.0,0.0244140625,33.203125,0.2299609375,0.72265625
339.3,0.0146484375,33.203125,0.20330078125,-0.068359375
339.6,0.0244140625,33.203125,-0.156611328125,1.7431640625
339.9,0.0146484375,32.2265625,0.09666015625,0.5908203125
340.2,0.01953125,33.203125,-0.16994140625,-0.91796875
340.5,0.01953125,33.203125,0.163310546875,-11.54296875
340.8,0.01953125,33.203125,0.323271484375,0.05859375
341.1,0.0146484375,33.203125,-0.023310546875,-0.1904296875
341.4,0.01953125,33.203125,0.296611328125,-0.1953125
341.7,0.0146484375,33.203125,0.14998046875,0.0146484375
342.0,0.01953125,33.203125,0.28328125,0.9765625
342.3,0.0244140625,33.203125,0.28328125,0.0146484375
342.6,0.0244140625,33.203125,-0.00998046875,1.591796875
342.9,0.0146484375,33.203125,0.14998046875,5.283203125
343.2,0.0244140625,33.203125,0.323271484375,0.185546875
343.5,0.01953125,33.203125,0.09666015625,0.7568359375
343.8,0.01953125,33.203125,0.07,-0.0048828125
344.1,0.0244140625,32.2265625,0.0166796875,-1.3232421875
344.4,0.0244140625,33.203125,0.163310546875,0.1123046875
344.7,0.01953125,33.203125,0.2299609375,2.099609375
345.0,0.0146484375,33.203125,0.163310546875,2.8369140625
345.3,0.01953125,33.203125,0.056669921875,-0.654296875
345.6,0.01953125,33.203125,0.28328125,0.244140625
345.9,0.01953125,33.203125,0.163310546875,0.09765625
346.2,0.0146484375,33.203125,0.28328125,-1.0009765625
346.5,0.0146484375,33.203125,0.14998046875,0.0
346.8,0.01953125,33.203125,0.2299609375,1.40625
347.1,0.01953125,33.203125,-0.049970703125,5.595703125
347.4,0.0244140625,33.203125,0.189970703125,-0.3076171875
347.7,0.0146484375,34.1796875,0.296611328125,0.341796875
348.0,0.01953125,33.203125,0.056669921875,0.05859375
348.3,0.0146484375,33.203125,0.349931640625,-1.1669921875
348.6,0.01953125,33.203125,0.003349609375,-0.0927734375
348.9,0.0244140625,33.203125,-0.049970703125,1.7578125
349.2,0.0244140625,33.203125,0.163310546875,0.3173828125
349.5,0.0146484375,33.203125,0.1233203125,-0.9619140625
349.8,0.01953125,32.2265625,0.20330078125,-0.5908203125
350.1,0.01953125,33.203125,0.323271484375,-0.0341796875
350.4,0.01953125,33.203125,0.09666015625,1.3818359375
350.7,0.01953125,33.203125,-0.00998046875,-0.0244140625
351.0,0.0146484375,33.203125,-0.023310546875,-1.69921875
351.3,0.029296875,33.203125,0.1233203125,-6.064453125
351.6,0.01953125,33.203125,0.269951171875,-0.029296875
351.9,0.0244140625,33.203125,0.0166796875,-1.044921875
352.2,0.01953125,33.203125,0.136650390625,-0.068359375
352.5,0.01953125,33.203125,-0.00998046875,1.5234375
352.8,0.0244140625,33.203125,0.056669921875,4.94140625
353.1,0.0146484375,33.203125,0.04333984375,-0.361328125
353.4,0.01953125,33.203125,0.243291015625,0.419921875
353.7,0.01953125,33.203125,0.07,-0.087890625
354.0,0.01953125,32.2265625,0.25662109375,-1.015625
354.3,0.01953125,33.203125,0.136650390625,-0.126953125
354.6,0.01953125,33.203125,0.136650390625,1.5625
354.9,0.01953125,33.203125,0.07,0.0537109375
355.2,0.0146484375,33.203125,0.083330078125,-0.0927734375
355.5,0.0244140625,33.203125,0.14998046875,-0.859375
355.8,0.01953125,33.203125,0.216630859375,-0.029296875
356.1,0.0244140625,33.203125,0.163310546875,-1.6796875
356.4,0.01953125,33.203125,0.25662109375,-5.078125
356.7,0.0146484375,33.203125,0.296611328125,0.0830078125
357.0,0.01953125,33.203125,0.07,-1.3427734375
357.3,0.0244140625,33.203125,0.243291015625,4.7705078125
357.6,0.0244140625,33.203125,0.189970703125,-0.048828125
357.9,0.0244140625,33.203125,0.083330078125,0.91796875
358.2,0.01953125,33.203125,0.056669921875,-0.1806640625
358.5,0.01953125,33.203125,0.269951171875,-2.6513671875
358.8,0.0244140625,33.203125,0.003349609375,2.6904296875
359.1,0.0244140625,33.203125,0.1233203125,-0.0146484375
359.4,0.0244140625,33.203125,0.1233203125,0.8251953125
359.7,0.0146484375,33.203125,0.176640625,0.1123046875
360.0,0.0146484375,33.203125,0.1233203125,-0.263671875
360.3,0.01953125,33.203125,0.04333984375,-0.9912109375
360.6,0.01953125,33.203125,0.20330078125,0.048828125
360.9,0.01953125,33.203125,0.1233203125,-1.30859375
361.2,0.01953125,33.203125,0.163310546875,0.3759765625
361.5,0.01953125,33.203125,0.030009765625,0.0390625
361.8,0.0146484375,33.203125,0.2299609375,0.7958984375
362.1,0.01953125,33.203125,0.003349609375,0.1513671875
362.4,0.01953125,33.203125,0.09666015625,-1.1181640625
362.7,0.01953125,33.203125,0.09666015625,-3.76953125
363.0,0.01953125,33.203125,0.20330078125,0.0146484375
363.3,0.01953125,33.203125,0.04333984375,-1.09375
363.6,0.01953125,33.203125,0.109990234375,0.0244140625
363.9,0.01953125,33.203125,0.09666015625,1.5380859375
364.2,0.01953125,33.203125,0.003349609375,0.0048828125
364.5,0.0244140625,33.203125,-0.023310546875,-1.1279296875
364.8,0.0244140625,33.203125,0.243291015625,-3.1982421875
365.1,0.01953125,32.2265625,0.176640625,-0.048828125
365.4,0.0244140625,33.203125,0.083330078125,1.181640625
365.7,0.01953125,33.203125,0.0166796875,-2.8759765625
366.0,0.01953125,33.203125,0.14998046875,-0.05859375
366.3,0.0244140625,33.203125,0.25662109375,0.556640625
366.6,0.01953125,33.203125,0.136650390625,0.0048828125
366.9,0.01953125,33.203125,0.136650390625,1.4111328125
367.2,0.01953125,33.203125,0.09666015625,-2.4609375
367.5,0.01953125,33.203125,0.136650390625,0.1904296875
367.8,0.0244140625,33.203125,0.176640625,0.029296875
368.1,0.01953125,33.203125,0.136650390625,-0.029296875
368.4,0.01953125,33.203125,0.20330078125,1.0009765625
368.7,0.0244140625,33.203125,0.056669921875,0.068359375
369.0,0.01953125,33.203125,0.296611328125,-1.77734375
369.3,0.0244140625,33.203125,0.2299609375,4.6142578125
369.6,0.0146484375,33.203125,0.243291015625,-0.41015625
369.9,0.0146484375,33.203125,0.28328125,-12.3681640625
370.2,0.01953125,33.203125,-0.023310546875,0.0341796875
370.5,0.0146484375,33.203125,0.14998046875,-1.5283203125
370.8,0.0244140625,33.203125,0.04333984375,-0.0341796875
371.1,0.0244140625,33.203125,0.14998046875,1.123046875
371.4,0.0244140625,33.203125,0.269951171875,5.7568359375
371.7,0.0244140625,33.203125,0.163310546875,0.1220703125
372.0,0.01953125,33.203125,0.163310546875,-9.9951171875
372.3,0.0146484375,33.203125,0.14998046875,-0.0390625
372.6,0.01953125,33.203125,0.243291015625,1.5380859375
372.9,0.0244140625,32.2265625,-0.049970703125,-0.0439453125
373.2,0.01953125,33.203125,0.2299609375,-1.416015625
373.5,0.0244140625,33.203125,0.09666015625,-6.3720703125
373.8,0.0146484375,33.203125,0.083330078125,-0.0390625
374.1,0.01953125,33.203125,-0.076630859375,-0.546875
374.4,0.01953125,33.203125,0.1233203125,0.1318359375
374.7,0.0244140625,33.203125,-0.023310546875,0.9912109375
375.0,0.0244140625,33.203125,0.030009765625,0.0634765625
375.3,0.029296875,33.203125,0.09666015625,-1.2890625
375.6,0.01953125,33.203125,0.14998046875,-0.05859375
375.9,0.0244140625,33.203125,0.389921875,2.1435546875
376.2,0.0244140625,33.203125,0.14998046875,2.626953125
376.5,0.0244140625,32.2265625,0.04333984375,-1.0986328125
376.8,0.01953125,33.203125,0.09666015625,-0.9130859375
377.1,0.0244140625,33.203125,0.003349609375,-0.009765625
377.4,0.01953125,33.203125,0.25662109375,1.3232421875
377.7,0.0244140625,33.203125,0.176640625,0.1123046875
378.0,0.0244140625,33.203125,-0.076630859375,0.4150390625
378.3,0.0244140625,33.203125,0.056669921875,3.017578125
378.6,0.0244140625,33.203125,0.376591796875,0.0830078125
378.9,0.01953125,33.203125,0.28328125,0.654296875
379.2,0.01953125,33.203125,0.25662109375,0.1025390625
379.5,0.0146484375,33.203125,0.09666015625,-1.025390625
379.8,0.0244140625,33.203125,0.20330078125,-0.0830078125
380.1,0.0244140625,33.203125,0.189970703125,-2.158203125
380.4,0.0244140625,33.203125,0.189970703125,11.85546875
380.7,0.0244140625,33.203125,0.109990234375,0.2294921875
381.0,0.01953125,33.203125,0.14998046875,-1.8505859375
381.3,0.0146484375,33.203125,0.216630859375,-2.6123046875
381.6,0.0244140625,33.203125,0.28328125,0.5029296875
381.9,0.01953125,33.203125,0.07,2.0556640625
382.2,0.01953125,33.203125,0.20330078125,0.087890625
382.5,0.0244140625,33.203125,0.14998046875,-11.3232421875
382.8,0.01953125,33.203125,0.056669921875,-0.0830078125
383.1,0.01953125,33.203125,0.509892578125,-1.4013671875
383.4,0.01953125,33.203125,0.189970703125,0.048828125
383.7,0.0146484375,33.203125,0.14998046875,2.5
384.0,0.01953125,33.203125,0.163310546875,3.1689453125
384.3,0.01953125,33.203125,0.189970703125,-0.9814453125
384.6,0.01953125,33.203125,-0.156611328125,-1.1083984375
384.9,0.0244140625,33.203125,-0.103291015625,-0.029296875
385.2,0.01953125,33.203125,0.243291015625,-0.80078125
385.5,0.0244140625,33.203125,0.109990234375,0.009765625
385.8,0.0146484375,33.203125,0.349931640625,0.95703125
386.1,0.01953125,33.203125,-0.049970703125,-0.01953125
386.4,0.01953125,33.203125,0.25662109375,-1.4306640625
386.7,0.01953125,33.203125,0.216630859375,-0.009765625
387.0,0.0244140625,33.203125,0.163310546875,2.509765625
387.3,0.029296875,33.203125,0.04333984375,3.5791015625
387.6,0.01953125,33.203125,-0.00998046875,-0.166015625
387.9,0.0244140625,32.2265625,0.056669921875,-0.341796875
388.2,0.029296875,33.203125,-0.00998046875,0.0
388.5,0.01953125,33.203125,0.030009765625,1.2255859375
388.8,0.0244140625,33.203125,0.28328125,0.0439453125
389.1,0.01953125,33.203125,0.030009765625,-1.50390625
389.4,0.01953125,33.203125,0.176640625,-5.888671875
389.7,0.01953125,33.203125,0.136650390625,-0.068359375
390.0,0.01953125,33.203125,0.04333984375,-0.2294921875
390.3,0.0244140625,33.203125,0.1233203125,-0.107421875
390.6,0.0146484375,33.203125,0.28328125,0.810546875
390.9,0.0146484375,34.1796875,0.176640625,0.048828125
391.2,0.0244140625,33.203125,0.189970703125,-1.1865234375
391.5,0.0244140625,33.203125,-0.00998046875,-0.0390625
391.8,0.01953125,33.203125,0.1233203125,1.708984375
392.1,0.0244140625,33.203125,0.136650390625,-1.8896484375
392.4,0.029296875,33.203125,0.30994140625,0.17578125
392.7,0.01953125,33.203125,0.003349609375,3.0859375
393.0,0.01953125,33.203125,0.269951171875,0.0927734375
393.3,0.01953125,33.203125,0.243291015625,0.654296875
393.6,0.01953125,33.203125,0.109990234375,0.0
393.9,0.0146484375,33.203125,0.030009765625,-0.9375
394.2,0.0244140625,33.203125,0.003349609375,-0.09765625
394.5,0.0146484375,33.203125,0.323271484375,1.5380859375
394.8,0.0244140625,33.203125,0.163310546875,0.0732421875
395.1,0.01953125,33.203125,0.030009765625,-1.6796875
395.4,0.0146484375,33.203125,0.243291015625,-5.48828125
395.7,0.01953125,33.203125,0.14998046875,-0.21484375
396.0,0.01953125,34.1796875,0.14998046875,-0.2001953125
396.3,0.01953125,34.1796875,0.09666015625,0.0146484375
396.6,0.01953125,33.203125,0.1233203125,0.7958984375
396.9,0.01953125,33.203125,0.36326171875,-0.0439453125
397.2,0.0244140625,33.203125,0.09666015625,-1.3818359375
397.5,0.01953125,33.203125,0.243291015625,-0.0146484375
397.8,0.0244140625,33.203125,0.243291015625,2.177734375
398.1,0.0244140625,33.203125,-0.023310546875,0.732421875
398.4,0.0146484375,33.203125,-0.076630859375,-1.11328125
398.7,0.0146484375,33.203125,0.09666015625,-2.6416015625
399.0,0.01953125,33.203125,0.083330078125,0.0048828125
399.3,0.0244140625,33.203125,0.083330078125,-0.72265625
399.6,0.0244140625,33.203125,0.083330078125,-0.13671875
399.9,0.0244140625,33.203125,0.083330078125,1.279296875
400.2,0.01953125,33.203125,-0.049970703125,-0.0537109375
400.5,0.0244140625,33.203125,-0.00998046875,-1.4892578125
400.8,0.0146484375,33.203125,0.04333984375,-0.09765625
401.1,0.01953125,33.203125,0.176640625,1.8115234375
401.4,0.0244140625,33.203125,0.136650390625,6.1181640625
401.7,0.01953125,33.203125,0.189970703125,-0.0439453125
402.0,0.01953125,33.203125,0.0166796875,0.4345703125
402.3,0.01953125,33.203125,0.216630859375,0.029296875
402.6,0.01953125,33.203125,0.243291015625,-1.1279296875
402.9,0.0244140625,33.203125,0.25662109375,-0.126953125
403.2,0.01953125,33.203125,0.20330078125,1.3427734375
403.5,0.01953125,33.203125,0.269951171875,-0.029296875
403.8,0.0244140625,33.203125,0.07,-1.787109375
404.1,0.0146484375,33.203125,0.243291015625,-3.017578125
404.4,0.01953125,32.2265625,0.243291015625,-0.126953125
404.7,0.01953125,33.203125,0.083330078125,0.9619140625
405.0,0.01953125,33.203125,0.04333984375,0.1513671875
405.3,0.0146484375,33.203125,-0.076630859375,-1.2353515625
405.6,0.01953125,33.203125,0.2299609375,-5.703125
405.9,0.01953125,33.203125,-0.023310546875,-0.087890625
406.2,0.01953125,33.203125,0.003349609375,-0.1220703125
406.5,0.0244140625,33.203125,0.056669921875,0.0244140625
406.8,0.01953125,33.203125,0.1233203125,0.966796875
407.1,0.01953125,33.203125,0.14998046875,-0.048828125
407.4,0.01953125,33.203125,0.3366015625,1.4697265625
407.7,0.0244140625,33.203125,0.14998046875,-0.0537109375
408.0,0.0244140625,33.203125,0.1233203125,-0.712890625
408.3,0.01953125,33.203125,0.083330078125,-0.0537109375
408.6,0.0244140625,33.203125,0.083330078125,-0.068359375
408.9,0.0244140625,33.203125,0.243291015625,0.7470703125
409.2,0.01953125,33.203125,0.0166796875,0.0048828125
409.5,0.0244140625,33.203125,0.083330078125,-1.1865234375
409.8,0.0146484375,33.203125,0.189970703125,1.2158203125
410.1,0.0146484375,32.2265625,0.056669921875,-0.99609375
410.4,0.01953125,33.203125,0.163310546875,0.6787109375
410.7,0.01953125,33.203125,0.030009765625,0.1220703125
411.0,0.0244140625,33.203125,0.1233203125,-1.064453125
411.3,0.01953125,33.203125,0.20330078125,-0.0341796875
411.6,0.0244140625,33.203125,0.1233203125,1.416015625
411.9,0.0146484375,33.203125,0.09666015625,-0.0439453125
412.2,0.01953125,33.203125,0.189970703125,-0.1904296875
412.5,0.0244140625,33.203125,0.163310546875,-0.078125
412.8,0.01953125,33.203125,0.163310546875,0.048828125
413.1,0.01953125,33.203125,0.429912109375,1.34765625
413.4,0.0244140625,33.203125,0.2299609375,0.0537109375
413.7,0.01953125,33.203125,0.1233203125,-0.7177734375
414.0,0.0244140625,33.203125,0.20330078125,-0.5908203125
414.3,0.01953125,33.203125,0.189970703125,-0.205078125
414.6,0.01953125,33.203125,0.243291015625,1.494140625
414.9,0.01953125,33.203125,0.163310546875,-2.20703125
415.2,0.01953125,33.203125,0.1233203125,0.44921875
415.5,0.01953125,33.203125,0.0166796875,1.7822265625
415.8,0.0244140625,33.203125,0.14998046875,-0.009765625
416.1,0.0244140625,33.203125,0.07,0.732421875
416.4,0.01953125,33.203125,0.136650390625,-0.0244140625
416.7,0.0146484375,33.203125,0.14998046875,-1.123046875
417.0,0.01953125,33.203125,0.176640625,-0.0390625
417.3,0.0146484375,33.203125,0.20330078125,1.4892578125
417.6,0.0244140625,33.203125,0.20330078125,0.0341796875
417.9,0.01953125,33.203125,0.1233203125,-1.5185546875
418.2,0.01953125,33.203125,0.1233203125,5.15625
418.5,0.01953125,33.203125,0.09666015625,0.0439453125
418.8,0.0244140625,33.203125,0.003349609375,-1.181640625
419.1,0.01953125,33.203125,0.109990234375,-0.05859375
419.4,0.01953125,33.203125,0.003349609375,1.396484375
419.7,0.0244140625,33.203125,0.176640625,0.0537109375
420.0,0.0244140625,33.203125,0.136650390625,-1.728515625
420.3,0.0146484375,33.203125,0.09666015625,-1.0546875
420.6,0.0146484375,33.203125,0.163310546875,-0.0341796875
420.9,0.0244140625,33.203125,0.030009765625,-0.8154296875
421.2,0.01953125,33.203125,0.136650390625,-0.009765625
421.5,0.0244140625,33.203125,0.269951171875,1.171875
421.8,0.01953125,34.1796875,0.163310546875,-0.01953125
422.1,0.0146484375,33.203125,0.07,-1.669921875
422.4,0.01953125,33.203125,0.09666015625,0.859375
422.7,0.01953125,32.2265625,0.296611328125,0.0927734375
423.0,0.0146484375,33.203125,0.07,1.6015625
423.3,0.01953125,33.203125,0.216630859375,-2.353515625
423.6,0.0244140625,33.203125,0.136650390625,0.15625
423.9,0.0244140625,33.203125,0.030009765625,1.1474609375
424.2,0.0146484375,33.203125,-0.103291015625,0.009765625
424.5,0.0244140625,33.203125,0.083330078125,-0.849609375
424.8,0.0146484375,33.203125,0.163310546875,-0.0439453125
425.1,0.01953125,33.203125,0.07,1.455078125
425.4,0.0244140625,33.203125,0.376591796875,0.0341796875
425.7,0.01953125,33.203125,0.163310546875,-1.533203125
426.0,0.01953125,33.203125,0.136650390625,-5.068359375
426.3,0.0244140625,33.203125,0.09666015625,-0.1171875
426.6,0.01953125,33.203125,0.2299609375,-0.21484375
426.9,0.01953125,33.203125,0.28328125,-0.0439453125
427.2,0.0244140625,33.203125,0.083330078125,0.8935546875
427.5,0.0244140625,33.203125,0.07,0.1220703125
427.8,0.0244140625,33.203125,0.083330078125,-1.318359375
428.1,0.0146484375,33.203125,0.216630859375,0.0
428.4,0.0244140625,33.203125,0.056669921875,2.4560546875
428.7,0.01953125,33.203125,0.216630859375,5.380859375
429.0,0.0146484375,33.203125,0.296611328125,-0.419921875
429.3,0.01953125,33.203125,-0.023310546875,0.380859375
429.6,0.0244140625,33.203125,0.0166796875,0.1611328125
429.9,0.0244140625,33.203125,0.14998046875,-0.99609375
430.2,0.01953125,33.203125,0.09666015625,-0.1171875
430.5,0.01953125,33.203125,0.20330078125,-1.42578125
430.8,0.01953125,33.203125,0.083330078125,-6.318359375
431.1,0.0146484375,33.203125,0.083330078125,-0.0439453125
431.4,0.0244140625,32.2265625,0.243291015625,-0.556640625
431.7,0.0244140625,33.203125,0.269951171875,0.029296875
432.0,0.0244140625,33.203125,0.030009765625,-1.2548828125
432.3,0.0146484375,32.2265625,0.003349609375,0.0390625
432.6,0.0244140625,33.203125,0.25662109375,2.01171875
432.9,0.01953125,33.203125,0.14998046875,-0.5615234375
433.2,0.01953125,33.203125,0.14998046875,0.009765625
433.5,0.0244140625,33.203125,0.030009765625,1.3623046875
433.8,0.01953125,33.203125,0.163310546875,-0.0390625
434.1,0.0244140625,33.203125,0.136650390625,0.1513671875
434.4,0.01953125,33.203125,0.1233203125,-0.78125
434.7,0.01953125,33.203125,0.030009765625,0.0439453125
435.0,0.0244140625,33.203125,0.136650390625,1.2451171875
435.3,0.01953125,33.203125,0.20330078125,0.0927734375
435.6,0.01953125,33.203125,0.056669921875,-1.73828125
435.9,0.0244140625,32.2265625,0.243291015625,-2.5439453125
436.2,0.01953125,33.203125,0.030009765625,0.05859375
436.5,0.0146484375,33.203125,0.003349609375,0.33203125
436.8,0.01953125,33.203125,0.07,0.0048828125
437.1,0.0146484375,33.203125,-0.00998046875,-1.58203125
437.4,0.0244140625,33.203125,0.083330078125,-0.7080078125
437.7,0.01953125,33.203125,0.163310546875,0.5224609375
438.0,0.0244140625,33.203125,0.14998046875,2.2509765625
438.3,0.01953125,33.203125,-0.023310546875,0.068359375
438.6,0.0244140625,33.203125,0.003349609375,0.8447265625
438.9,0.0146484375,33.203125,0.056669921875,0.029296875
439.2,0.0244140625,33.203125,0.20330078125,2.2265625
439.5,0.01953125,33.203125,0.189970703125,-6.796875
439.8,0.0244140625,33.203125,0.056669921875,-0.126953125
440.1,0.0146484375,33.203125,0.176640625,1.3525390625
440.4,0.0244140625,33.203125,0.216630859375,-4.7802734375
440.7,0.0244140625,33.203125,0.1233203125,0.0732421875
441.0,0.0146484375,33.203125,0.003349609375,-0.09765625
441.3,0.01953125,33.203125,0.20330078125,-0.0048828125
441.6,0.01953125,33.203125,0.2299609375,-1.3134765625
441.9,0.01953125,33.203125,0.20330078125,-1.1376953125
442.2,0.0146484375,33.203125,0.20330078125,-0.37109375
442.5,0.01953125,33.203125,0.20330078125,0.3271484375
442.8,0.0146484375,33.203125,0.163310546875,-0.0537109375
443.1,0.01953125,33.203125,0.1233203125,-1.0205078125
443.4,0.0244140625,33.203125,0.09666015625,0.0
443.7,0.01953125,33.203125,0.509892578125,-6.9580078125
444.0,0.0244140625,33.203125,0.003349609375,-5.3125
444.3,0.01953125,33.203125,0.28328125,-0.1123046875
444.6,0.01953125,33.203125,0.296611328125,-0.8837890625
444.9,0.01953125,33.203125,0.04333984375,-0.0439453125
445.2,0.0146484375,33.203125,0.056669921875,1.201171875
445.5,0.01953125,33.203125,-0.06330078125,-0.0341796875
445.8,0.0244140625,33.203125,0.349931640625,-1.748046875
446.1,0.0244140625,33.203125,0.243291015625,0.029296875
446.4,0.01953125,33.203125,0.136650390625,-0.2099609375
446.7,0.0244140625,33.203125,0.30994140625,11.8505859375
447.0,0.0244140625,33.203125,0.163310546875,-0.13671875
447.3,0.029296875,33.203125,0.14998046875,-7.05078125
447.6,0.0244140625,33.203125,0.003349609375,0.1904296875
447.9,0.01953125,34.1796875,0.163310546875,-1.162109375
448.2,0.01953125,33.203125,0.07,-4.4580078125
448.5,0.01953125,32.2265625,-0.06330078125,-0.1171875
448.8,0.0146484375,33.203125,0.109990234375,-0.6201171875
449.1,0.0244140625,33.203125,0.269951171875,0.0048828125
449.4,0.01953125,33.203125,0.28328125,1.4794921875
449.7,0.0244140625,33.203125,0.030009765625,-0.0634765625
450.0,0.0146484375,33.203125,0.243291015625,-1.8359375
450.3,0.01953125,33.203125,-0.103291015625,-4.326171875
450.6,0.01953125,33.203125,-0.129951171875,-0.05859375
450.9,0.01953125,33.203125,0.216630859375,0.9912109375
451.2,0.0244140625,33.203125,0.25662109375,0.0341796875
451.5,0.01953125,33.203125,0.056669921875,-1.2890625
451.8,0.01953125,33.203125,0.136650390625,0.0390625
452.1,0.0244140625,33.203125,0.176640625,2.0751953125
452.4,0.0244140625,33.203125,0.163310546875,1.2744140625
452.7,0.01953125,33.203125,0.216630859375,-1.0888671875
453.0,0.0244140625,33.203125,0.083330078125,-2.0556640625
453.3,0.01953125,33.203125,0.056669921875,0.048828125
453.6,0.01953125,33.203125,0.109990234375,-0.6982421875
453.9,0.01953125,33.203125,0.109990234375,-0.029296875
454.2,0.029296875,33.203125,0.04333984375,1.09375
454.5,0.0244140625,33.203125,0.216630859375,-0.09765625
454.8,0.0244140625,33.203125,0.243291015625,-1.3525390625
455.1,0.01953125,33.203125,0.083330078125,0.0146484375
455.4,0.0244140625,33.203125,0.003349609375,2.08984375
455.7,0.01953125,33.203125,0.136650390625,5.869140625
456.0,0.01953125,33.203125,0.0166796875,-0.419921875
456.3,0.0244140625,33.203125,-0.00998046875,-0.673828125
456.6,0.029296875,33.203125,0.296611328125,0.205078125
456.9,0.01953125,33.203125,0.30994140625,-6.9677734375
457.2,0.01953125,33.203125,0.136650390625,-0.01953125
457.5,0.0244140625,33.203125,0.14998046875,2.20703125
457.8,0.0244140625,33.203125,0.163310546875,5.654296875
458.1,0.0244140625,33.203125,0.07,-0.4638671875
458.4,0.01953125,33.203125,0.296611328125,0.2783203125
458.7,0.0146484375,33.203125,0.243291015625,-0.0439453125
459.0,0.0244140625,33.203125,0.28328125,-0.986328125
459.3,0.0146484375,33.203125,0.14998046875,-0.107421875
459.6,0.0244140625,33.203125,0.243291015625,-1.7431640625
459.9,0.01953125,33.203125,-0.06330078125,-1.19140625
460.2,0.0244140625,33.203125,0.163310546875,0.3466796875
460.5,0.01953125,33.203125,0.243291015625,3.212890625
460.8,0.0244140625,33.203125,0.04333984375,0.15625
461.1,0.01953125,33.203125,0.04333984375,0.712890625
461.4,0.0146484375,33.203125,0.07,0.048828125
461.7,0.01953125,33.203125,0.28328125,-1.015625
462.0,0.01953125,33.203125,0.0166796875,0.0244140625
462.3,0.0146484375,33.203125,0.216630859375,1.3525390625
462.6,0.0244140625,33.203125,0.136650390625,0.0
462.9,0.01953125,33.203125,0.216630859375,1.1181640625
463.2,0.0244140625,33.203125,0.109990234375,5.2490234375
463.5,0.0244140625,33.203125,0.136650390625,0.0634765625
463.8,0.01953125,34.1796875,-0.16994140625,-11.8115234375
464.1,0.01953125,33.203125,0.04333984375,0.029296875
464.4,0.01953125,33.203125,0.056669921875,0.2880859375
464.7,0.0244140625,33.203125,0.189970703125,-0.72265625
465.0,0.0244140625,33.203125,0.243291015625,-0.0537109375
465.3,0.01953125,33.203125,0.14998046875,-9.404296875
465.6,0.0244140625,33.203125,0.216630859375,-0.0927734375
465.9,0.01953125,33.203125,0.09666015625,-1.669921875
466.2,0.01953125,33.203125,0.003349609375,-12.3681640625
466.5,0.0244140625,32.2265625,0.25662109375,-0.0927734375
466.8,0.01953125,33.203125,0.003349609375,-10.72265625
467.1,0.01953125,33.203125,0.109990234375,0.0537109375
467.4,0.01953125,33.203125,0.056669921875,0.9716796875
467.7,0.0244140625,33.203125,0.109990234375,5.6494140625
468.0,0.0244140625,33.203125,0.136650390625,-0.0732421875
468.3,0.0244140625,33.203125,-0.103291015625,0.5224609375
468.6,0.0146484375,33.203125,0.09666015625,0.126953125
468.9,0.01953125,33.203125,-0.036640625,-0.9765625
469.2,0.01953125,33.203125,0.269951171875,-0.0390625
469.5,0.01953125,33.203125,0.109990234375,1.3330078125
469.8,0.0244140625,33.203125,0.176640625,0.2783203125
470.1,0.01953125,33.203125,0.07,-1.1669921875
470.4,0.01953125,33.203125,0.296611328125,-5.048828125
470.7,0.0146484375,33.203125,0.243291015625,-0.0390625
471.0,0.01953125,33.203125,0.09666015625,-0.5712890625
471.3,0.01953125,33.203125,0.030009765625,-0.0341796875
471.6,0.0146484375,33.203125,0.3366015625,0.810546875
471.9,0.0146484375,33.203125,0.14998046875,-0.0537109375
472.2,0.01953125,33.203125,0.0166796875,-1.6943359375
472.5,0.0146484375,33.203125,0.056669921875,-0.009765625
472.8,0.0244140625,33.203125,0.163310546875,1.4892578125
473.1,0.01953125,33.203125,0.20330078125,6.376953125
473.4,0.01953125,33.203125,0.20330078125,-0.166015625
473.7,0.01953125,33.203125,0.28328125,0.3759765625
474.0,0.01953125,33.203125,0.216630859375,0.0537109375
474.3,0.01953125,33.203125,0.136650390625,-0.9130859375
474.6,0.01953125,33.203125,-0.036640625,0.0439453125
474.9,0.01953125,33.203125,0.269951171875,1.220703125
475.2,0.01953125,33.203125,0.243291015625,0.0146484375
475.5,0.01953125,32.2265625,0.2299609375,-1.5283203125
475.8,0.0244140625,33.203125,0.243291015625,-0.0390625
476.1,0.0244140625,33.203125,0.176640625,-0.048828125
476.4,0.0244140625,33.203125,0.04333984375,-0.0537109375
476.7,0.0244140625,33.203125,0.0166796875,0.0
477.0,0.01953125,33.203125,0.189970703125,0.966796875
477.3,0.01953125,32.2265625,-0.023310546875,0.0
477.6,0.01953125,33.203125,0.163310546875,0.9375
477.9,0.01953125,33.203125,0.216630859375,4.08203125
478.2,0.01953125,33.203125,0.14998046875,0.0146484375
478.5,0.01953125,33.203125,0.04333984375,0.673828125
478.8,0.0244140625,33.203125,0.3366015625,-0.107421875
479.1,0.01953125,33.203125,0.269951171875,-1.1865234375
479.4,0.0244140625,33.203125,0.20330078125,0.0
479.7,0.0244140625,32.2265625,0.163310546875,-1.6455078125
480.0,0.01953125,33.203125,0.176640625,-0.0732421875
480.3,0.01953125,33.203125,0.243291015625,0.8544921875
480.6,0.0244140625,33.203125,0.136650390625,4.1064453125
480.9,0.0244140625,33.203125,0.3366015625,0.2783203125
481.2,0.0146484375,34.1796875,-0.049970703125,0.703125
481.5,0.01953125,32.2265625,-0.036640625,0.0634765625
481.8,0.01953125,33.203125,0.216630859375,-1.220703125
482.1,0.01953125,33.203125,0.1233203125,0.009765625
482.4,0.0244140625,34.1796875,0.30994140625,1.6259765625
482.7,0.0244140625,33.203125,0.176640625,-0.0146484375
483.0,0.01953125,33.203125,0.2299609375,-1.083984375
483.3,0.01953125,33.203125,0.189970703125,-4.169921875
483.6,0.01953125,33.203125,0.030009765625,0.0390625
483.9,0.0244140625,33.203125,0.09666015625,0.9814453125
484.2,0.0244140625,33.203125,0.216630859375,0.068359375
484.5,0.0244140625,32.2265625,0.20330078125,-1.3623046875
484.8,0.0244140625,33.203125,0.09666015625,-0.0048828125
485.1,0.0244140625,33.203125,0.109990234375,2.4267578125
485.4,0.01953125,33.203125,0.14998046875,5.361328125
485.7,0.0244140625,33.203125,0.163310546875,-0.3125
486.0,0.01953125,33.203125,0.083330078125,0.8203125
486.3,0.01953125,33.203125,0.1233203125,-0.009765625
486.6,0.029296875,33.203125,0.003349609375,2.646484375
486.9,0.0146484375,33.203125,0.216630859375,5.068359375
487.2,0.0244140625,33.203125,0.20330078125,-0.1416015625
487.5,0.0244140625,33.203125,0.109990234375,0.849609375
487.8,0.01953125,33.203125,0.36326171875,0.0244140625
488.1,0.0244140625,33.203125,0.109990234375,-1.416015625
488.4,0.0146484375,33.203125,0.030009765625,-0.01953125
488.7,0.01953125,33.203125,0.056669921875,2.3095703125
489.0,0.0244140625,33.203125,0.083330078125,12.5390625
489.3,0.01953125,33.203125,0.429912109375,-0.068359375
489.6,0.01953125,33.203125,0.176640625,-1.19140625
489.9,0.01953125,33.203125,0.269951171875,-0.0048828125
490.2,0.01953125,33.203125,0.136650390625,2.2216796875
490.5,0.0244140625,33.203125,0.243291015625,5.7958984375
490.8,0.0244140625,33.203125,0.176640625,-0.2294921875
491.1,0.01953125,32.2265625,-0.023310546875,-0.7177734375
491.4,0.0244140625,33.203125,0.14998046875,-0.0146484375
491.7,0.0146484375,33.203125,0.083330078125,1.1669921875
492.0,0.0146484375,33.203125,0.109990234375,-4.00390625
492.3,0.01953125,33.203125,-0.076630859375,-0.01953125
492.6,0.0244140625,33.203125,0.09666015625,0.849609375
492.9,0.0244140625,33.203125,0.056669921875,0.0537109375
493.2,0.0244140625,33.203125,0.0166796875,-1.4111328125
493.5,0.01953125,33.203125,0.1233203125,0.0439453125
493.8,0.029296875,33.203125,-0.129951171875,2.1923828125
494.1,0.0244140625,33.203125,0.09666015625,-11.826171875
494.4,0.01953125,33.203125,0.09666015625,-0.0146484375
494.7,0.0244140625,33.203125,-0.103291015625,-1.0302734375
495.0,0.01953125,33.203125,0.1233203125,-0.0634765625
495.3,0.01953125,33.203125,0.04333984375,1.2451171875
495.6,0.0244140625,33.203125,0.216630859375,0.0146484375
495.9,0.0244140625,33.203125,0.030009765625,-0.05859375
496.2,0.0244140625,33.203125,0.030009765625,-0.576171875
496.5,0.01953125,33.203125,0.07,0.0830078125
496.8,0.01953125,33.203125,0.20330078125,-1.171875
497.1,0.01953125,33.203125,0.07,-0.048828125
497.4,0.0244140625,32.2265625,0.216630859375,2.2216796875
497.7,0.01953125,33.203125,0.109990234375,4.3212890625
498.0,0.0146484375,33.203125,0.030009765625,-0.5419921875
498.3,0.0244140625,33.203125,0.04333984375,0.1806640625
498.6,0.01953125,33.203125,0.216630859375,-0.0341796875
498.9,0.0244140625,33.203125,-0.00998046875,-1.0791015625
499.2,0.0244140625,32.2265625,0.14998046875,0.05859375
499.5,0.01953125,34.1796875,0.1233203125,1.455078125
499.8,0.0146484375,33.203125,0.20330078125,-0.068359375
500.1,0.01953125,33.203125,0.20330078125,-1.4794921875
500.4,0.01953125,33.203125,0.14998046875,-6.15234375
500.7,0.01953125,33.203125,0.083330078125,-0.205078125
501.0,0.029296875,33.203125,0.189970703125,-0.654296875
501.3,0.0146484375,33.203125,0.07,0.0146484375
501.6,0.01953125,33.203125,-0.06330078125,-1.181640625
501.9,0.0244140625,33.203125,-0.023310546875,-0.0439453125
502.2,0.0244140625,33.203125,0.003349609375,-0.546875
502.5,0.01953125,33.203125,0.163310546875,0.0390625
502.8,0.01953125,33.203125,0.09666015625,-0.0244140625
503.1,0.0244140625,33.203125,0.056669921875,-1.240234375
503.4,0.0244140625,33.203125,0.136650390625,0.05859375
503.7,0.0244140625,33.203125,0.056669921875,-0.5419921875
504.0,0.01953125,33.203125,0.189970703125,0.2490234375
504.3,0.01953125,32.2265625,0.1233203125,0.029296875
504.6,0.01953125,33.203125,0.083330078125,1.455078125
504.9,0.0244140625,33.203125,-0.049970703125,0.0732421875
505.2,0.0244140625,33.203125,0.25662109375,-1.40625
505.5,0.0146484375,33.203125,0.003349609375,-0.009765625
505.8,0.01953125,33.203125,0.163310546875,0.0
506.1,0.01953125,33.203125,0.1233203125,-0.9130859375
506.4,0.0244140625,33.203125,0.109990234375,0.087890625
506.7,0.01953125,33.203125,0.09666015625,1.3134765625
507.0,0.0244140625,33.203125,0.163310546875,0.0732421875
507.3,0.01953125,33.203125,0.030009765625,-1.62109375
507.6,0.0244140625,33.203125,0.109990234375,-5.703125
507.9,0.01953125,33.203125,0.09666015625,-0.068359375
508.2,0.01953125,33.203125,-0.06330078125,-0.517578125
508.5,0.01953125,33.203125,0.136650390625,-0.0927734375
508.8,0.01953125,33.203125,-0.00998046875,6.09375
509.1,0.01953125,33.203125,-0.00998046875,-4.3798828125
509.4,0.01953125,32.2265625,0.2299609375,0.0390625
509.7,0.0244140625,33.203125,0.14998046875,-0.1220703125
510.0,0.01953125,33.203125,0.163310546875,-0.0390625
510.3,0.0146484375,32.2265625,0.136650390625,0.859375
510.6,0.0244140625,33.203125,0.056669921875,-0.09765625
510.9,0.0244140625,33.203125,0.216630859375,-1.4453125
511.2,0.0146484375,33.203125,0.1233203125,-0.0341796875
511.5,0.01953125,33.203125,0.136650390625,2.44140625
511.8,0.0244140625,33.203125,0.030009765625,4.0283203125
512.1,0.01953125,33.203125,0.136650390625,-0.7861328125
512.4,0.0244140625,33.203125,0.1233203125,-0.01953125
512.7,0.0244140625,33.203125,0.003349609375,0.0390625
513.0,0.0244140625,33.203125,0.0166796875,-1.396484375
513.3,0.01953125,33.203125,0.163310546875,0.078125
513.6,0.01953125,33.203125,0.109990234375,1.7041015625
513.9,0.0244140625,33.203125,0.2299609375,6.171875
514.2,0.0244140625,33.203125,0.243291015625,0.0146484375
514.5,0.01953125,33.203125,0.07,0.6103515625
514.8,0.0244140625,33.203125,0.0166796875,0.0
515.1,0.0244140625,33.203125,0.109990234375,-1.728515625
515.4,0.01953125,33.203125,-0.06330078125,-0.6494140625
515.7,0.01953125,33.203125,0.083330078125,0.5810546875
516.0,0.01953125,33.203125,0.163310546875,3.203125
516.3,0.01953125,33.203125,-0.00998046875,0.05859375
516.6,0.01953125,33.203125,0.030009765625,0.7861328125
516.9,0.0244140625,33.203125,-0.023310546875,-0.0537109375
517.2,0.01953125,33.203125,0.083330078125,2.0849609375
517.5,0.0244140625,33.203125,0.136650390625,-3.193359375
517.8,0.0244140625,33.203125,0.04333984375,0.01953125
518.1,0.01953125,33.203125,0.136650390625,0.9423828125
518.4,0.01953125,33.203125,0.09666015625,-0.09765625
518.7,0.01953125,33.203125,0.109990234375,-1.0205078125
519.0,0.01953125,32.2265625,-0.023310546875,-0.029296875
519.3,0.0244140625,33.203125,0.20330078125,1.513671875
519.6,0.0244140625,33.203125,0.003349609375,0.615234375
519.9,0.01953125,33.203125,0.1233203125,-0.0048828125
520.2,0.01953125,33.203125,0.1233203125,-1.3720703125
520.5,0.01953125,33.203125,0.1233203125,-0.0390625
520.8,0.0244140625,33.203125,0.003349609375,2.20703125
521.1,0.0244140625,33.203125,0.189970703125,2.314453125
521.4,0.01953125,33.203125,0.14998046875,-0.224609375
521.7,0.01953125,33.203125,0.176640625,-0.37109375
522.0,0.029296875,33.203125,0.30994140625,0.0244140625
522.3,0.01953125,33.203125,0.28328125,1.025390625
522.6,0.01953125,33.203125,0.109990234375,0.01953125
522.9,0.01953125,33.203125,0.136650390625,-1.26953125
523.2,0.0244140625,33.203125,0.09666015625,0.05859375
523.5,0.029296875,33.203125,0.243291015625,1.8408203125
