0.112203121185,-2.5
0.520178079605,-2.5
0.928164958954,-2.5
1.3361749649,-2.5
1.7441110611,-2.5
2.15213894844,-2.5
2.56014609337,-2.5
2.96813797951,-2.5
3.37614893913,-2.5
3.78410315514,-2.5
4.19213795662,-2.5
4.60011601448,-2.5
5.0081140995,-2.5
5.41610407829,-2.5
5.82410502434,-2.5
6.23211598396,-2.5
6.64008998871,-2.5
7.04808402061,-2.5
7.45618700981,-2.5
7.86410403252,-2.5
8.27211403847,-2.5
8.68003296852,-2.5
9.08812212944,-2.5
9.49611711502,-2.5
9.90408992767,-2.5
10.3121011257,-2.5
10.720097065,-2.5
11.1280879974,-2.5
11.5361099243,-2.5
11.9440879822,-2.5
12.3520970345,-2.5
12.7600860596,-2.48779296875
13.1680829525,-2.49633789062
13.5760810375,-2.5
13.9840700626,-2.37426757812
14.3920860291,-2.41333007812
14.8000791073,-2.16186523438
15.2080850601,-2.2021484375
15.6160769463,-2.16796875
16.0240440369,-1.9873046875
16.4320499897,-1.95434570312
16.8400731087,-1.89819335938
17.248073101,-1.84692382812
17.6560430527,-1.88842773438
18.05600214,-1.75170898438
18.4558889866,-1.73828125
18.864180088,-1.70532226562
19.2720420361,-1.66137695312
19.6800451279,-1.70654296875
20.0880420208,-1.53198242188
20.4960899353,-1.57104492188
20.904086113,-1.4208984375
21.3120391369,-1.47583007812
21.7200570107,-1.42944335938
22.1280560493,-1.35864257812
22.5360460281,-1.31591796875
22.9440670013,-1.23046875
23.3520669937,-1.22314453125
23.7600400448,-1.15600585938
24.1680500507,-1.142578125
24.5760490894,-1.13403320312
24.9840321541,-1.03149414062
25.3920631409,-1.01806640625
25.8000230789,-0.997314453125
26.2080390453,-0.994873046875
26.6160540581,-0.95947265625
27.0240409374,-0.965576171875
27.4320540428,-0.943603515625
27.8398931026,-0.91552734375
28.2479391098,-0.936279296875
28.6560590267,-0.888671875
29.0640361309,-0.8984375
29.4720461369,-0.8740234375
29.8800420761,-0.83740234375
30.2880420685,-0.86181640625
30.6960029602,-0.83251953125
31.1040201187,-0.8056640625
31.5120549202,-0.81298828125
31.9200270176,-0.782470703125
32.3280339241,-0.79345703125
32.7360241413,-0.77880859375
33.1440291405,-0.765380859375
33.5520401001,-0.7373046875
33.9600279331,-0.71044921875
34.3680360317,-0.704345703125
34.7759921551,-0.6884765625
35.1840240955,-0.68115234375
35.5920319557,-0.687255859375
36.0000200272,-0.65673828125
36.4081101418,-0.63232421875
36.8160200119,-0.62744140625
37.2240180969,-0.62255859375
37.6320459843,-0.61767578125
38.0399911404,-0.634765625
38.4479260445,-0.577392578125
38.8559629917,-0.5859375
39.2640280724,-0.54931640625
39.6719939709,-0.550537109375
40.0800290108,-0.5517578125
40.4880340099,-0.51513671875
40.8960080147,-0.51513671875
41.3040261269,-0.496826171875
41.7120270729,-0.50048828125
42.1200010777,-0.49560546875
42.5279960632,-0.506591796875
42.9360020161,-0.46630859375
43.3439950943,-0.494384765625
43.7520041466,-0.45166015625
44.160007,-0.467529296875
44.5679941177,-0.465087890625
44.9759991169,-0.4638671875
45.3840250969,-0.458984375
45.7919919491,-0.440673828125
46.1999959946,-0.43701171875
46.6080350876,-0.4443359375
47.0159890652,-0.428466796875
47.4240009785,-0.419921875
47.8320081234,-0.447998046875
48.2398540974,-0.428466796875
48.6480081081,-0.447998046875
49.0560090542,-0.4052734375
49.4639780521,-0.41015625
49.871981144,-0.40771484375
50.2800090313,-0.382080078125
50.6879661083,-0.399169921875
51.0959820747,-0.37353515625
51.5040030479,-0.3662109375
51.911976099,-0.379638671875
52.3199920654,-0.380859375
52.7279801369,-0.374755859375
53.1359760761,-0.37841796875
53.5439651012,-0.360107421875
53.9519820213,-0.347900390625
54.3599600792,-0.357666015625
54.7680580616,-0.341796875
55.1759860516,-0.360107421875
55.583974123,-0.31982421875
55.9919860363,-0.322265625
56.3999960423,-0.3466796875
56.8079600334,-0.313720703125
57.2159600258,-0.340576171875
57.6239869595,-0.3125
58.03185606,-0.299072265625
58.4398260117,-0.32958984375
58.8480119705,-0.29541015625
59.2559909821,-0.30517578125
59.6639270782,-0.333251953125
60.0719530582,-0.308837890625
60.4799439907,-0.281982421875
60.8879179955,-0.291748046875
61.295979023,-0.283203125
61.7039320469,-0.2880859375
62.1119470596,-0.277099609375
62.5200209618,-0.274658203125
62.9279410839,-0.247802734375
63.3359520435,-0.2783203125
63.7439420223,-0.255126953125
64.1519360542,-0.263671875
64.5599291325,-0.269775390625
64.9679310322,-0.250244140625
65.3759391308,-0.25634765625
65.7839360237,-0.2490234375
66.1919541359,-0.234375
66.5999350548,-0.223388671875
67.0079259872,-0.233154296875
67.4159591198,-0.230712890625
67.8239400387,-0.24658203125
68.2318320274,-0.22216796875
68.6399321556,-0.235595703125
69.047919035,-0.20751953125
69.4559299946,-0.208740234375
69.8639581203,-0.205078125
70.2719299793,-0.218505859375
70.6799039841,-0.2099609375
71.0879421234,-0.220947265625
71.4958910942,-0.21728515625
71.9039111137,-0.206298828125
72.3119380474,-0.206298828125
72.7199120522,-0.1953125
73.1278719902,-0.205078125
73.5359179974,-0.196533203125
73.9439060688,-0.208740234375
74.3518829346,-0.1953125
74.7599060535,-0.198974609375
75.1679019928,-0.211181640625
75.5759079456,-0.1904296875
75.9839000702,-0.19287109375
76.3919050694,-0.18310546875
76.7999050617,-0.1904296875
77.2079160213,-0.177001953125
77.6159031391,-0.177001953125
78.0238630772,-0.184326171875
78.4317340851,-0.17822265625
78.8398730755,-0.169677734375
79.247893095,-0.1806640625
79.6559169292,-0.172119140625
80.063888073,-0.1806640625
80.4718990326,-0.177001953125
80.879912138,-0.15625
81.2879080772,-0.169677734375
81.6958861351,-0.157470703125
82.1039040089,-0.15869140625
82.5118751526,-0.17333984375
82.9198870659,-0.1513671875
83.3279061317,-0.162353515625
83.7358779907,-0.166015625
84.143900156,-0.157470703125
84.5519070625,-0.17333984375
84.9598720074,-0.164794921875
85.3678820133,-0.172119140625
85.7758960724,-0.17822265625
86.1838650703,-0.166015625
86.5918769836,-0.1611328125
86.9998691082,-0.140380859375
87.4078741074,-0.14404296875
87.8158650398,-0.145263671875
88.2238061428,-0.133056640625
88.631868124,-0.142822265625
89.0398221016,-0.146484375
89.4478881359,-0.135498046875
89.855905056,-0.135498046875
90.2638599873,-0.130615234375
90.6718859673,-0.1513671875
91.079857111,-0.13916015625
91.487869978,-0.137939453125
91.895870924,-0.126953125
92.3038580418,-0.126953125
92.7118530273,-0.142822265625
93.1198689938,-0.130615234375
93.5278639793,-0.146484375
93.9358479977,-0.13427734375
94.3438529968,-0.13916015625
94.7518401146,-0.140380859375
95.1598651409,-0.12451171875
95.5678701401,-0.1220703125
95.9758341312,-0.11962890625
96.383852005,-0.123291015625
96.7918429375,-0.1318359375
97.1998331547,-0.125732421875
97.6078231335,-0.130615234375
98.015707016,-0.11474609375
98.4238209724,-0.1123046875
98.8318469524,-0.12451171875
99.2398741245,-0.120849609375
99.647824049,-0.113525390625
100.055830956,-0.12939453125
100.463850975,-0.108642578125
100.871825933,-0.1318359375
101.279822111,-0.140380859375
101.687849045,-0.118408203125
102.095832109,-0.125732421875
102.503831148,-0.103759765625
102.911839008,-0.128173828125
103.319883108,-0.118408203125
103.727807045,-0.115966796875
104.135834932,-0.130615234375
104.543818951,-0.113525390625
104.951812029,-0.1025390625
105.359841108,-0.113525390625
105.76778698,-0.106201171875
106.17581892,-0.103759765625
106.583831072,-0.10986328125
106.991641998,-0.103759765625
107.39982605,-0.10986328125
107.807801962,-0.115966796875
108.207638979,-0.123291015625
108.615862131,-0.10498046875
109.023796082,-0.1220703125
109.431782007,-0.111083984375
109.839793921,-0.101318359375
110.24782896,-0.106201171875
110.655796051,-0.115966796875
111.06379509,-0.106201171875
111.471814156,-0.120849609375
111.879783154,-0.106201171875
112.287786961,-0.101318359375
112.695814133,-0.118408203125
113.103773117,-0.107421875
113.511790991,-0.10498046875
113.919780016,-0.125732421875
114.327767134,-0.11474609375
114.735779047,-0.09033203125
115.14379406,-0.113525390625
115.551759958,-0.09033203125
115.959774017,-0.093994140625
116.367855072,-0.098876953125
116.775768042,-0.09521484375
117.183790922,-0.09765625
117.591797113,-0.107421875
117.999683142,-0.11962890625
118.407675028,-0.118408203125
118.81578207,-0.09521484375
119.223758936,-0.096435546875
119.631789923,-0.10498046875
120.039761066,-0.09765625
120.447768927,-0.108642578125
120.855762005,-0.1025390625
121.263782024,-0.087890625
121.671762943,-0.11962890625
122.079756975,-0.076904296875
122.48777914,-0.12451171875
122.895731926,-0.09033203125
123.303730965,-0.096435546875
123.711769104,-0.09521484375
124.119728088,-0.09765625
124.527776957,-0.08544921875
124.935765028,-0.10009765625
125.343786001,-0.0830078125
125.751728058,-0.091552734375
126.159759998,-0.11474609375
126.567716122,-0.093994140625
126.975825071,-0.10498046875
127.383765936,-0.087890625
127.791716099,-0.098876953125
128.199654102,-0.084228515625
128.607797146,-0.09033203125
129.015720129,-0.069580078125
129.423727989,-0.086669921875
129.831715107,-0.079345703125
130.239710093,-0.0927734375
130.647715092,-0.069580078125
131.055710077,-0.091552734375
131.463714123,-0.0830078125
131.871706009,-0.093994140625
132.279709101,-0.076904296875
132.687721968,-0.079345703125
133.09570694,-0.07080078125
133.503726959,-0.09033203125
133.911695957,-0.0830078125
134.319698095,-0.09521484375
134.727797985,-0.09033203125
135.135693073,-0.0927734375
135.543700933,-0.08544921875
135.951718092,-0.081787109375
136.359704018,-0.08056640625
136.76768899,-0.096435546875
137.175712109,-0.09765625
137.583678961,-0.08544921875
137.991611004,-0.089111328125
138.391499043,-0.09765625
138.799695015,-0.072021484375
139.207682133,-0.10009765625
139.615710974,-0.081787109375
140.023679018,-0.089111328125
140.431719065,-0.064697265625
140.839686155,-0.0732421875
141.247677088,-0.06591796875
141.655683994,-0.084228515625
142.063676119,-0.079345703125
142.471683025,-0.059814453125
142.879671097,-0.091552734375
143.287691116,-0.091552734375
143.695678949,-0.078125
144.103693962,-0.084228515625
144.511692047,-0.08056640625
144.919764042,-0.089111328125
145.327661037,-0.09521484375
145.735690117,-0.076904296875
146.143657923,-0.072021484375
146.551669121,-0.081787109375
146.959685087,-0.069580078125
147.367664099,-0.086669921875
147.775660038,-0.091552734375
148.175493002,-0.057373046875
148.583655119,-0.084228515625
148.991608143,-0.067138671875
149.399682045,-0.068359375
149.807647943,-0.072021484375
150.215650082,-0.08056640625
150.623652935,-0.087890625
151.031646013,-0.059814453125
151.439677,-0.089111328125
151.847645044,-0.068359375
152.255643129,-0.072021484375
152.66367197,-0.072021484375
153.071638107,-0.078125
153.479645014,-0.06591796875
153.887635946,-0.087890625
154.295658112,-0.07568359375
154.703640938,-0.08544921875
155.111633062,-0.093994140625
155.51969409,-0.079345703125
155.927632093,-0.078125
156.335628033,-0.078125
156.743657112,-0.069580078125
157.151622057,-0.057373046875
157.559634924,-0.078125
157.96757102,-0.086669921875
158.375471115,-0.084228515625
158.783622026,-0.084228515625
159.191638947,-0.07080078125
159.599626064,-0.081787109375
160.007647038,-0.069580078125
160.41564393,-0.072021484375
160.823617935,-0.074462890625
161.231636047,-0.09765625
161.639615059,-0.091552734375
162.047611952,-0.079345703125
162.455645084,-0.05615234375
162.863570929,-0.068359375
163.271605015,-0.0830078125
163.679700136,-0.072021484375
164.087604046,-0.06591796875
164.495599985,-0.068359375
164.903602123,-0.0732421875
165.311620951,-0.07568359375
165.719609022,-0.081787109375
166.127594948,-0.078125
166.535624981,-0.08056640625
166.943592072,-0.079345703125
167.351594925,-0.08056640625
167.759619951,-0.08056640625
168.167537928,-0.05615234375
168.567543983,-0.05615234375
168.975614071,-0.079345703125
169.38358593,-0.069580078125
169.791593075,-0.07568359375
170.199586153,-0.076904296875
170.607600927,-0.05859375
171.015584946,-0.076904296875
171.423612118,-0.05859375
171.831577063,-0.052490234375
172.239588022,-0.06591796875
172.647587061,-0.078125
173.055576086,-0.059814453125
173.463606119,-0.0732421875
173.871576071,-0.057373046875
174.27957201,-0.07080078125
174.687602043,-0.064697265625
175.095592976,-0.064697265625
175.503574133,-0.0439453125
175.911565065,-0.074462890625
176.319587946,-0.057373046875
176.727570057,-0.062255859375
177.13556695,-0.062255859375
177.543589115,-0.059814453125
177.95143199,-0.07568359375
178.351448059,-0.045166015625
178.759593964,-0.07080078125
179.167552948,-0.078125
179.575587988,-0.0634765625
179.983576059,-0.064697265625
180.391554117,-0.068359375
180.799586058,-0.078125
181.20757699,-0.06591796875
181.615559101,-0.05126953125
182.023556948,-0.074462890625
182.431576014,-0.06591796875
182.839617968,-0.05126953125
183.247548103,-0.0732421875
183.655569077,-0.07568359375
184.063538074,-0.074462890625
184.471574068,-0.05859375
184.87953496,-0.0634765625
185.287533998,-0.057373046875
185.695554972,-0.0732421875
186.103537083,-0.0537109375
186.511538029,-0.05615234375
186.919532061,-0.074462890625
187.327530146,-0.06103515625
187.735532999,-0.069580078125
188.135393143,-0.0634765625
188.535469055,-0.05615234375
188.943532944,-0.0634765625
189.351488113,-0.06103515625
189.759526014,-0.040283203125
190.167519093,-0.064697265625
190.575529099,-0.072021484375
190.983546019,-0.059814453125
191.391499996,-0.062255859375
191.799525976,-0.076904296875
192.207592964,-0.067138671875
192.615520954,-0.068359375
193.023514032,-0.0634765625
193.431546926,-0.057373046875
193.839508057,-0.05859375
194.247509956,-0.06591796875
194.655513048,-0.045166015625
195.063504934,-0.0537109375
195.47151494,-0.067138671875
195.879506111,-0.054931640625
196.287503004,-0.0439453125
196.695533037,-0.04638671875
197.103461027,-0.06103515625
197.511507034,-0.074462890625
197.91949892,-0.0634765625
198.327508926,-0.072021484375
198.735513926,-0.064697265625
199.143496037,-0.068359375
199.551522017,-0.067138671875
199.959490061,-0.081787109375
200.367512941,-0.06103515625
200.775490999,-0.050048828125
201.183493137,-0.078125
201.591495991,-0.05859375
201.999505043,-0.07080078125
202.407467127,-0.0537109375
202.815576077,-0.059814453125
203.223504066,-0.074462890625
203.631485939,-0.05126953125
204.039478064,-0.0439453125
204.447508097,-0.037841796875
204.855474949,-0.064697265625
205.263473034,-0.06103515625
205.671481133,-0.057373046875
206.079468012,-0.050048828125
206.487483978,-0.078125
206.895465136,-0.072021484375
207.303463936,-0.072021484375
207.711470127,-0.042724609375
208.119339943,-0.047607421875
208.527487993,-0.0732421875
208.935464144,-0.04150390625
209.343483925,-0.074462890625
209.75146699,-0.059814453125
210.159461021,-0.06591796875
210.56747508,-0.0439453125
210.975456953,-0.078125
211.383458138,-0.048828125
211.791481018,-0.050048828125
212.199454069,-0.045166015625
212.607456923,-0.048828125
213.015480042,-0.05859375
213.423444033,-0.064697265625
213.831453085,-0.045166015625
214.239470959,-0.047607421875
214.647436142,-0.057373046875
215.055442095,-0.04150390625
215.463473082,-0.0390625
215.87146306,-0.05859375
216.279439926,-0.067138671875
216.687463999,-0.054931640625
217.095421076,-0.067138671875
217.503446102,-0.04638671875
217.911394119,-0.074462890625
218.319288969,-0.062255859375
218.727501154,-0.040283203125
219.135437012,-0.042724609375
219.543337107,-0.042724609375
219.951411963,-0.0732421875
220.359513044,-0.0634765625
220.767432928,-0.045166015625
221.175428152,-0.04150390625
221.58344698,-0.0732421875
221.991400957,-0.048828125
222.399425983,-0.0439453125
222.807448149,-0.076904296875
223.215414047,-0.06103515625
223.623425007,-0.072021484375
224.031415939,-0.069580078125
224.439409018,-0.05126953125
224.847419024,-0.06591796875
225.255434036,-0.052490234375
225.663398027,-0.045166015625
226.071377039,-0.05859375
226.479421139,-0.0390625
226.887412071,-0.062255859375
227.295400143,-0.057373046875
227.703429937,-0.062255859375
228.103276014,-0.05859375
228.511307955,-0.047607421875
228.919399977,-0.057373046875
229.327398062,-0.05126953125
229.735408068,-0.059814453125
230.143396139,-0.0537109375
230.551397085,-0.059814453125
230.959393024,-0.0390625
231.367413998,-0.040283203125
231.775398016,-0.05126953125
232.183395147,-0.0634765625
232.591414928,-0.06591796875
232.999382019,-0.059814453125
233.407385111,-0.048828125
233.815410137,-0.05615234375
234.223380089,-0.0634765625
234.631396055,-0.074462890625
235.039402008,-0.05615234375
235.447376013,-0.059814453125
235.855385065,-0.054931640625
236.263396978,-0.062255859375
236.671396017,-0.06591796875
237.079375982,-0.05615234375
237.487406015,-0.0439453125
237.895368099,-0.054931640625
238.303261995,-0.069580078125
238.711380005,-0.0537109375
239.119427919,-0.05615234375
239.527452946,-0.068359375
239.935420036,-0.052490234375
240.343351126,-0.03173828125
240.751362085,-0.068359375
241.159350157,-0.06103515625
241.56737113,-0.054931640625
241.975357056,-0.057373046875
242.383353949,-0.050048828125
242.791358948,-0.06591796875
243.199355125,-0.069580078125
243.607360125,-0.054931640625
244.015332937,-0.052490234375
244.423349142,-0.048828125
244.831377029,-0.05126953125
245.239346027,-0.06103515625
245.647354126,-0.0634765625
246.055421114,-0.074462890625
246.463343143,-0.047607421875
246.871345997,-0.067138671875
247.279365063,-0.032958984375
247.687345982,-0.052490234375
248.095190048,-0.040283203125
248.495245934,-0.06591796875
248.903342009,-0.06103515625
249.311331034,-0.067138671875
249.719340086,-0.0537109375
250.127330065,-0.040283203125
250.535365105,-0.05126953125
250.943331003,-0.052490234375
251.351328135,-0.037841796875
251.759341002,-0.04150390625
252.167331934,-0.040283203125
252.575331926,-0.04638671875
252.983324051,-0.068359375
253.391343117,-0.045166015625
253.799310923,-0.0537109375
254.207317114,-0.079345703125
254.615345001,-0.037841796875
255.023296118,-0.059814453125
255.431343079,-0.047607421875
255.839340925,-0.062255859375
256.247319937,-0.067138671875
256.655314922,-0.07568359375
257.063333035,-0.05859375
257.471334934,-0.0439453125
257.879401922,-0.062255859375
258.287198067,-0.059814453125
258.695327044,-0.072021484375
259.103320122,-0.05126953125
259.511350155,-0.035400390625
259.919300079,-0.06103515625
260.327300072,-0.030517578125
260.735306025,-0.0537109375
261.143296957,-0.072021484375
261.551286936,-0.062255859375
261.959296942,-0.03662109375
262.367293119,-0.040283203125
262.775298119,-0.05126953125
263.18329215,-0.057373046875
263.591295004,-0.05615234375
263.999288082,-0.0634765625
264.407309055,-0.0439453125
264.815290928,-0.0634765625
265.223281145,-0.067138671875
265.631309986,-0.0537109375
266.039282084,-0.045166015625
266.447278976,-0.045166015625
266.855306149,-0.048828125
267.263278008,-0.028076171875
267.671289921,-0.05859375
268.079134941,-0.05126953125
268.487244129,-0.0634765625
268.895286083,-0.059814453125
269.303293943,-0.052490234375
269.711259127,-0.062255859375
270.11927104,-0.037841796875
270.527300119,-0.04150390625
270.935266018,-0.06103515625
271.343268156,-0.03662109375
271.751289129,-0.035400390625
272.159260988,-0.064697265625
272.567278147,-0.032958984375
272.975220919,-0.07080078125
273.383255005,-0.048828125
273.791289091,-0.064697265625
274.199258089,-0.0439453125
274.60728693,-0.037841796875
275.015254974,-0.050048828125
275.423340082,-0.048828125
275.831243038,-0.057373046875
276.239248037,-0.052490234375
276.647273064,-0.048828125
277.055243015,-0.052490234375
277.463246107,-0.04150390625
277.871271133,-0.037841796875
278.271152973,-0.0341796875
278.679227114,-0.05859375
279.087264061,-0.0439453125
279.495237112,-0.057373046875
279.903244019,-0.06591796875
280.311237097,-0.057373046875
280.719241142,-0.059814453125
281.127233982,-0.0634765625
281.535261154,-0.042724609375
281.943228006,-0.0537109375
282.351233006,-0.07568359375
282.759238958,-0.0390625
283.167231083,-0.068359375
283.575241089,-0.054931640625
283.983191967,-0.032958984375
284.391202927,-0.040283203125
284.79923296,-0.054931640625
285.207221031,-0.052490234375
285.615287066,-0.0439453125
286.02323103,-0.0390625
286.43129015,-0.035400390625
286.839192152,-0.054931640625
287.247185946,-0.048828125
287.655246973,-0.0732421875
288.063154936,-0.029296875
288.471151114,-0.05126953125
288.879142046,-0.047607421875
289.287250996,-0.047607421875
289.695219994,-0.0341796875
290.103192091,-0.048828125
290.511254072,-0.04638671875
290.91921711,-0.06103515625
291.327233076,-0.045166015625
291.735238075,-0.037841796875
292.143240929,-0.037841796875
292.551245928,-0.054931640625
292.959208965,-0.052490234375
293.367208958,-0.035400390625
293.775205135,-0.040283203125
294.183237076,-0.05615234375
294.591223955,-0.030517578125
294.999171972,-0.06591796875
295.407211065,-0.047607421875
295.815231085,-0.050048828125
296.223191977,-0.035400390625
296.631220102,-0.0634765625
297.039214134,-0.04638671875
297.447216034,-0.045166015625
297.855157137,-0.04638671875
298.255066156,-0.047607421875
298.663181067,-0.074462890625
299.071151018,-0.045166015625
299.479184151,-0.047607421875
299.887177944,-0.045166015625
300.295169115,-0.06591796875
300.703179121,-0.047607421875
301.111171961,-0.052490234375
301.519169092,-0.047607421875
301.927175999,-0.0341796875
302.335176945,-0.032958984375
302.743196011,-0.045166015625
303.151170969,-0.054931640625
303.559170961,-0.032958984375
303.967170954,-0.050048828125
304.375167131,-0.032958984375
304.783164024,-0.054931640625
305.191193104,-0.0439453125
305.599197149,-0.045166015625
306.007177114,-0.047607421875
306.415212154,-0.040283203125
306.823195934,-0.05859375
307.231157064,-0.076904296875
307.639182091,-0.037841796875
308.039034128,-0.04150390625
308.439003944,-0.04150390625
308.84715414,-0.05859375
309.255156994,-0.0830078125
309.66317606,-0.05615234375
310.07112813,-0.045166015625
310.479128122,-0.047607421875
310.887171984,-0.05615234375
311.295144081,-0.052490234375
311.703114986,-0.032958984375
312.11115694,-0.06591796875
312.519253969,-0.07080078125
312.927109003,-0.052490234375
313.335134029,-0.042724609375
313.743160009,-0.05126953125
314.151168108,-0.050048828125
314.559188128,-0.059814453125
314.967142105,-0.052490234375
315.375148058,-0.05615234375
315.78313303,-0.04638671875
316.191157103,-0.037841796875
316.599174023,-0.0390625
317.007144928,-0.0732421875
317.415127039,-0.04638671875
317.823153973,-0.0732421875
318.222957134,-0.0390625
318.63112402,-0.052490234375
